0 B 415 384
1 C 180 203
2 B 205 210
0 A 939 940
1 B 902 921
2 B 771 796
0 A 348 347
1 C 394 501
2 B 850 845
0 A 176 183
1 C 473 422
2 B 747 756
0 C 625 526
1 C 37 90
2 B 580 603
0 B 850 845
1 C 884 779
2 D 956 579
0 C 12 115
1 C 95 32
2 A 59 60
0 D 176 335
1 B 775 792
2 D 351 160
0 A 351 344
1 C 987 932
2 C 324 315
0 D 608 927
1 B 874 885
2 A 331 332
0 D 539 996
1 C 940 979
2 D 409 102
0 C 480 415
1 B 492 499
2 A 970 973
0 B 276 267
1 C 541 610
2 A 353 358
0 D 109 402
1 A 26 29
2 D 210 301
0 C 691 716
1 D 436 75
2 A 125 122
0 A 124 123
1 B 556 563
2 B 863 832
0 B 419 444
1 C 818 845
2 B 633 614
0 A 970 973
1 D 320 191
2 A 441 446
0 C 231 152
1 A 902 897
2 D 740 795
0 D 267 244
1 A 110 105
2 C 150 233
0 C 792 871
1 C 408 487
2 B 187 164
0 B 819 812
1 D 680 855
2 B 357 378
0 D 805 730
1 C 1001 918
2 A 229 226
0 B 505 486
1 B 783 784
2 D 349 162
0 D 293 218
1 A 284 283
2 D 204 307
0 A 128 135
1 B 330 341
2 B 647 664
0 D 736 799
1 B 856 839
2 B 235 244
0 A 42 45
1 A 848 855
2 D 1020 515
0 B 915 908
1 B 269 274
2 D 706 829
0 D 62 449
1 D 696 839
2 C 780 883
0 A 366 361
1 C 194 189
2 C 556 595
0 A 174 169
1 C 869 794
2 B 261 282
0 C 724 683
1 B 47 48
2 B 286 257
3 D 44 467
0 A 263 256
1 B 67 92
2 B 589 594
3 D 934 601
0 D 921 614
1 D 236 275
2 B 400 399
0 A 434 437
3 D 403 108
0 A 712 719
1 B 64 95
2 B 738 765
3 A 836 835
0 C 1016 903
1 C 330 309
2 D 161 350
0 C 378 261
1 A 210 213
2 A 669 666
3 A 155 156
0 B 743 760
1 D 337 174
2 D 584 951
0 D 383 128
1 B 873 886
2 A 179 180
3 C 544 607
0 C 382 257
1 B 853 842
2 A 584 591
3 B 377 358
0 C 543 608
1 A 11 12
2 B 204 211
3 D 840 695
0 C 680 727
1 D 78 433
2 C 213 170
3 B 263 280
0 A 995 996
1 B 438 425
2 B 214 201
3 A 719 712
0 C 494 401
1 D 620 915
2 B 85 74
0 A 855 848
3 D 719 816
0 B 399 400
1 B 786 781
2 A 128 135
3 C 227 156
0 B 402 397
1 D 922 613
2 D 679 856
0 B 439 424
1 C 289 350
2 C 614 537
3 B 847 848
0 B 430 433
1 D 278 233
2 D 897 638
0 C 970 949
1 D 484 27
2 D 472 39
0 D 386 125
1 A 259 260
2 D 917 618
3 B 529 526
0 D 858 677
1 D 66 445
2 C 324 315
0 D 992 543
1 D 175 336
2 B 66 93
3 B 141 146
4 B 872 887
0 A 920 927
1 A 82 85
2 C 231 152
3 D 828 707
0 A 856 863
1 D 328 183
2 C 1005 914
3 A 574 569
0 C 387 508
1 B 436 427
2 B 225 254
3 B 521 534
4 B 924 899
0 D 76 435
1 B 589 594
2 A 40 47
3 A 746 749
4 D 850 685
0 B 687 688
1 C 403 492
2 D 69 442
3 D 761 774
0 C 506 389
1 A 301 298
2 C 954 965
3 C 479 416
4 B 988 963
0 B 222 193
1 A 201 206
2 B 964 987
3 A 43 44
4 C 625 526
0 A 356 355
1 B 365 370
2 C 981 938
3 A 116 115
4 D 496 15
0 C 309 330
1 B 13 18
2 C 799 864
3 A 502 497
4 C 223 160
0 B 516 539
1 D 431 80
2 D 994 541
3 D 419 92
0 A 468 467
1 C 434 461
2 B 158 129
4 C 357 282
0 A 627 628
1 C 659 748
2 B 42 53
3 D 32 479
0 C 1 126
1 B 718 721
2 B 232 247
3 B 109 114
4 B 763 740
0 C 669 738
1 D 643 892
2 B 587 596
3 A 632 639
4 D 846 689
0 B 475 452
1 A 953 958
2 A 331 332
3 D 43 468
4 A 405 402
0 D 860 675
1 A 273 278
2 D 91 420
3 C 190 193
0 A 364 363
1 D 719 816
2 D 330 181
3 D 274 237
0 C 770 893
1 D 427 84
2 C 95 32
3 C 151 232
4 C 251 132
0 B 698 677
1 B 234 245
2 D 610 925
3 C 159 224
0 A 784 791
1 C 75 52
2 A 438 433
3 A 97 102
4 B 405 394
0 A 283 284
1 B 403 396
2 A 860 859
3 B 724 715
4 D 346 165
0 C 575 576
1 B 13 18
2 C 299 340
3 D 822 713
0 A 708 707
1 D 195 316
2 B 853 842
3 A 512 519
4 B 186 165
0 A 750 745
1 C 817 846
2 C 663 744
3 A 79 72
4 C 571 580
0 D 174 337
1 C 553 598
2 B 174 177
3 D 1005 530
4 D 419 92
0 B 646 665
1 B 194 221
2 B 747 756
3 B 107 116
4 D 760 775
0 C 704 703
1 D 789 746
2 D 208 303
3 A 836 835
4 D 620 915
0 A 393 398
1 A 675 676
2 A 515 516
3 D 886 649
4 A 79 72
0 D 711 824
1 C 564 587
2 A 774 769
3 D 56 455
4 C 433 462
0 C 436 459
1 B 913 910
2 B 543 512
3 B 710 729
4 B 268 275
0 A 918 913
1 A 431 424
2 C 46 81
3 A 113 118
4 D 1023 512
0 D 956 579
1 D 329 182
2 A 948 947
3 D 720 815
0 C 537 614
1 C 7 120
2 D 137 374
3 A 545 550
0 D 141 370
1 D 88 423
2 C 621 530
3 A 997 994
4 B 260 283
0 A 276 275
1 C 513 638
2 D 5 506
3 C 704 703
0 C 85 42
1 D 172 339
2 B 770 797
3 A 588 587
4 D 343 168
0 B 211 204
1 B 117 106
2 D 405 106
3 C 92 35
4 B 548 571
0 B 787 780
1 B 406 393
2 D 372 139
3 D 671 864
4 B 957 930
0 C 926 993
1 B 955 932
2 D 148 363
3 A 549 546
4 C 802 861
0 D 422 89
1 C 337 302
2 B 500 491
3 D 988 547
4 C 114 13
0 D 901 634
1 A 968 975
2 D 100 411
3 B 34 61
4 A 790 785
0 C 55 72
1 B 184 167
2 A 835 836
3 A 633 638
4 D 473 38
0 B 123 100
1 D 73 438
2 D 291 220
3 C 677 730
4 A 491 492
0 B 805 826
1 D 793 742
2 D 557 978
3 B 226 253
4 D 331 180
0 D 292 219
1 D 836 699
2 B 700 675
3 C 949 970
4 B 161 190
0 D 210 301
1 B 22 9
2 C 333 306
3 B 770 797
4 D 395 116
0 A 716 715
1 A 385 390
2 D 451 60
3 D 416 95
4 D 340 171
0 A 534 529
1 B 218 197
2 D 708 827
3 C 956 963
4 B 313 294
0 D 816 719
1 A 359 352
2 B 790 777
3 C 26 101
4 D 98 413
0 D 719 816
1 A 879 872
2 A 371 372
3 A 78 73
4 C 600 551
0 C 174 209
1 D 497 14
2 D 854 681
3 D 109 402
4 B 565 554
0 A 617 622
1 C 876 787
2 A 86 81
3 D 981 554
4 A 17 22
0 D 925 610
1 B 457 470
2 A 58 61
3 B 296 311
4 C 243 140
0 C 183 200
1 C 974 945
2 C 28 99
3 B 245 234
4 B 882 877
0 A 30 25
1 C 31 96
2 C 1004 915
3 B 966 985
4 B 541 514
0 A 623 616
1 A 824 831
2 B 538 517
3 A 744 751
4 C 601 550
0 D 388 123
1 D 12 499
2 B 334 337
3 A 601 606
4 D 805 730
0 C 628 523
1 A 645 642
2 A 711 704
3 D 95 416
4 C 940 979
0 D 26 485
1 D 430 81
2 C 797 866
3 C 772 891
0 C 504 391
1 C 91 36
2 B 311 296
3 B 772 795
4 D 232 279
0 A 323 324
1 C 20 107
2 D 337 174
3 A 494 489
4 B 670 641
0 A 789 786
1 C 819 844
2 C 250 133
3 C 708 699
4 B 692 683
0 B 698 677
1 A 790 785
2 C 286 353
3 D 720 815
4 A 983 976
0 A 299 300
1 D 792 743
2 B 936 951
3 B 912 911
4 A 964 963
0 A 145 150
1 A 2 5
2 C 512 639
3 D 904 631
0 B 584 599
1 B 785 782
2 B 886 873
4 B 553 566
0 D 889 646
1 A 700 699
2 D 201 310
0 B 547 572
1 C 994 925
2 C 443 452
0 B 71 88
1 D 961 574
0 C 587 564
1 C 282 357
2 B 278 265
0 B 290 317
1 A 962 965
0 B 751 752
1 A 870 865
0 C 694 713
1 B 435 428
2 D 776 759
0 A 55 48
1 B 237 242
2 A 471 464
0 D 896 639
1 B 229 250
2 D 591 944
0 C 936 983
1 D 31 480
0 B 129 158
2 C 244 139
1 A 825 830
0 C 555 596
2 A 151 144
1 A 853 850
0 A 782 777
2 D 987 548
0 B 977 974
1 D 314 197
2 B 504 487
0 D 781 754
1 B 529 526
2 D 430 81
0 D 393 118
1 D 909 626
0 A 831 824
2 C 293 346
1 D 600 935
0 C 861 802
2 C 545 606
1 C 696 711
0 C 232 151
1 A 661 658
2 A 489 494
0 D 186 325
1 C 974 945
2 B 526 529
0 A 486 481
1 B 264 279
2 B 939 948
0 B 875 884
1 B 384 415
2 B 750 753
0 D 127 384
1 C 873 790
2 A 418 421
0 A 335 328
1 A 351 344
2 D 219 292
0 C 788 875
1 D 275 236
2 A 512 519
0 C 308 331
1 B 920 903
2 C 994 925
0 B 347 324
1 B 338 333
2 B 254 225
0 C 926 993
1 A 464 471
2 D 420 91
0 D 164 347
1 B 153 134
2 D 579 956
0 D 1013 522
1 D 53 458
2 A 262 257
0 B 970 981
1 B 933 954
2 A 561 566
0 A 177 182
1 A 432 439
2 A 405 402
0 A 602 605
1 D 617 918
2 D 715 820
0 C 644 763
1 D 226 285
0 D 135 376
1 B 57 38
2 D 962 573
0 A 8 15
1 B 831 800
2 C 462 433
0 A 841 846
1 A 196 195
2 B 266 277
0 B 134 153
1 A 681 686
2 C 365 274
0 B 640 671
1 D 273 238
0 A 630 625
2 B 905 918
1 A 260 259
0 A 146 149
1 B 127 96
0 D 982 553
1 D 119 392
0 A 287 280
2 A 787 788
1 C 486 409
0 A 700 699
2 B 405 394
0 C 878 785
1 C 761 646
2 C 247 136
0 D 264 247
1 D 762 773
2 B 634 613
0 B 88 71
1 C 495 400
0 A 195 196
1 B 316 291
0 B 970 981
1 C 316 323
0 C 927 992
2 D 218 293
0 A 205 202
1 C 983 936
2 D 478 33
0 A 446 441
1 D 494 17
0 D 25 486
1 B 555 564
2 A 157 154
0 C 551 600
1 B 984 967
2 C 196 187
0 D 29 482
1 B 380 355
2 A 186 189
0 A 766 761
1 C 409 486
0 C 799 864
1 A 6 1
2 B 418 445
0 A 433 438
1 B 700 675
0 D 719 816
1 A 58 61
2 D 408 103
0 D 914 621
1 B 822 809
2 A 518 513
0 B 199 216
1 D 929 606
0 B 592 591
2 C 418 477
0 C 566 585
1 A 822 817
2 C 572 579
0 B 910 913
1 A 99 100
2 B 650 661
0 B 524 531
1 B 235 244
2 B 968 983
0 A 42 45
1 A 65 70
2 B 323 348
0 D 912 623
1 A 671 664
2 C 722 685
0 D 264 247
1 C 742 665
2 B 943 944
0 D 931 604
1 B 5 26
2 A 533 530
0 C 427 468
1 D 11 500
0 A 814 809
2 C 761 646
0 C 17 110
1 A 9 14
2 C 968 951
0 D 359 152
1 C 170 213
2 D 973 562
0 D 494 17
1 C 441 454
2 B 10 21
0 D 790 745
1 A 796 795
2 A 788 787
0 B 557 562
1 C 798 865
0 C 957 962
2 D 335 176
0 C 933 986
1 A 965 962
2 A 623 616
0 A 386 389
1 A 57 62
2 A 377 382
0 C 864 799
1 C 324 315
2 D 509 2
0 D 19 492
1 B 841 854
2 D 69 442
0 D 134 377
1 D 561 974
2 B 362 373
0 D 576 959
1 B 532 523
2 C 756 651
0 A 802 805
1 A 153 158
2 A 456 463
0 D 732 803
total time of producer and consumer measured by clock(2):
producer takes 215950000 clicks 215.949997 seconds.
consumer takes 209350000 clicks 209.350006 seconds.
total time of producer and consumer measured by time(2):
producer takes 107.000000 seconds.
consumer takes 105.000000 seconds.

real	1m54.593s
user	3m48.728s
sys	0m0.039s
