0 A 292 291
1 A 580 579
2 C 336 303
0 A 348 347
1 C 182 201
0 D 713 822
1 C 553 598
2 B 27 4
0 D 50 461
1 B 306 301
2 D 86 425
0 C 686 721
1 D 428 83
0 C 817 846
2 D 19 492
0 B 331 340
1 C 347 292
2 D 850 685
0 C 255 128
1 A 669 666
2 B 787 780
0 D 253 258
1 C 122 5
2 B 591 592
0 A 922 925
1 C 93 34
2 A 280 287
0 D 218 293
1 B 957 930
2 B 657 654
0 D 653 882
1 C 433 462
2 B 661 650
0 A 5 2
1 C 47 80
0 D 797 738
1 B 222 193
2 D 898 637
0 A 499 500
1 C 322 317
2 D 955 580
0 B 509 482
1 C 699 708
2 D 74 437
0 C 39 88
1 A 250 253
2 A 987 988
3 D 595 940
0 A 123 124
1 B 733 706
2 B 990 961
3 D 408 103
0 A 511 504
1 A 325 322
2 D 305 206
3 C 36 91
0 C 352 287
1 C 398 497
2 A 945 950
3 A 547 548
4 A 631 624
0 B 648 663
1 A 318 313
2 B 304 303
3 D 293 218
0 B 816 815
1 D 853 682
2 C 160 223
3 D 124 387
0 C 937 982
1 D 314 197
2 A 676 675
3 B 423 440
4 A 706 709
0 C 397 498
1 B 961 990
2 A 236 235
3 A 940 939
4 D 387 124
0 A 662 657
1 A 965 962
2 D 799 736
3 B 579 604
4 A 134 129
0 C 884 779
1 B 812 819
2 A 586 589
3 A 688 695
4 C 22 105
0 C 685 722
1 D 900 635
2 D 353 158
3 B 151 136
4 C 63 64
0 D 919 616
1 D 446 65
2 C 684 723
3 C 895 768
4 B 609 638
0 A 552 559
1 C 488 407
2 C 1021 898
3 C 211 172
4 C 959 960
0 B 740 763
1 B 637 610
2 C 950 969
3 D 897 638
4 D 498 13
0 B 984 967
1 A 951 944
2 A 319 312
3 A 75 76
4 B 20 11
0 A 54 49
1 D 958 577
2 D 627 908
3 B 131 156
4 A 633 638
0 D 472 39
1 B 810 821
2 A 590 585
3 C 5 122
4 C 88 39
0 A 471 464
1 A 240 247
2 D 555 980
3 A 484 483
4 C 227 156
0 C 854 809
1 A 707 708
2 A 200 207
3 D 39 472
4 A 243 244
0 A 380 379
1 A 140 139
2 C 350 289
3 D 464 47
0 D 328 183
1 D 194 317
2 B 704 735
3 A 122 125
4 A 313 318
0 D 326 185
1 A 367 360
2 B 109 114
3 A 386 389
4 B 536 519
0 C 23 104
1 C 308 331
2 B 807 824
3 A 603 604
4 B 640 671
0 B 96 127
1 D 68 443
2 C 575 576
3 D 463 48
0 B 378 357
1 D 754 781
2 D 1023 512
3 A 788 787
0 D 677 858
1 D 507 4
2 C 647 760
3 A 1007 1000
0 C 774 889
1 C 169 214
2 A 206 201
3 D 222 289
4 D 109 402
0 A 595 596
1 D 739 796
2 B 687 688
3 D 593 942
4 A 699 700
0 A 847 840
1 B 481 510
2 D 573 962
3 C 679 728
4 D 247 264
0 A 686 681
1 D 345 166
2 D 381 130
3 A 218 221
4 C 392 503
0 D 964 571
1 D 1015 520
2 D 99 412
3 A 508 507
4 D 89 422
0 A 723 724
1 D 127 384
2 B 353 382
3 C 599 552
4 B 266 277
0 D 72 439
1 D 977 558
2 B 755 748
3 B 156 131
4 B 173 178
0 B 973 978
1 B 562 557
2 B 276 267
3 C 238 145
4 D 707 828
0 A 89 94
1 B 642 669
2 C 363 276
3 D 831 704
0 C 182 201
1 C 52 75
2 C 461 434
3 C 665 742
0 D 760 775
1 D 619 916
2 C 241 142
3 C 433 462
0 D 569 966
1 D 1003 532
2 A 554 557
3 B 273 270
4 A 122 125
0 D 160 351
1 C 865 798
2 D 410 101
3 B 814 817
4 D 379 132
0 A 145 150
1 B 602 581
2 C 91 36
3 A 238 233
4 D 932 603
0 D 335 176
1 A 7 0
2 A 189 186
3 D 911 624
4 A 629 626
0 A 253 250
1 A 613 610
2 B 413 386
3 A 482 485
4 A 440 447
0 C 919 1000
1 A 679 672
2 B 909 914
3 A 476 475
4 A 632 639
0 C 731 676
1 A 728 735
2 B 215 200
3 B 648 663
4 A 2 5
0 D 620 915
1 A 915 916
2 D 35 476
3 C 145 238
4 A 491 492
0 A 972 971
1 B 276 267
2 B 906 917
3 B 906 917
4 D 146 365
0 D 184 327
1 D 831 704
2 B 695 680
3 C 938 981
0 C 120 7
1 B 850 845
2 A 153 158
3 C 792 871
4 D 292 219
0 B 303 304
1 D 633 902
2 A 937 942
3 A 452 451
4 C 623 528
0 D 114 397
1 A 614 609
2 D 544 991
3 B 689 686
4 B 397 402
0 B 730 709
1 D 189 322
2 A 676 675
3 B 249 230
4 A 436 435
0 B 441 422
1 D 647 888
2 A 919 912
3 D 290 221
4 C 197 186
0 C 161 222
1 D 364 147
2 A 62 57
3 D 716 819
4 A 483 484
0 A 605 602
1 C 244 139
2 D 727 808
3 A 815 808
4 A 257 262
0 C 783 880
1 C 959 960
2 C 606 545
3 D 993 542
4 A 169 174
0 A 22 17
1 D 995 540
2 B 898 925
3 B 985 966
4 C 135 248
0 D 1001 534
1 A 518 513
2 B 307 300
3 C 10 117
4 A 746 749
0 A 859 860
1 D 974 561
2 C 307 332
3 B 159 128
4 B 527 528
0 B 204 211
1 A 11 12
2 C 932 987
3 A 955 956
4 A 927 920
0 C 880 783
1 C 59 68
2 C 811 852
3 C 147 236
0 D 729 806
1 D 149 362
2 B 862 833
3 A 682 685
4 D 293 218
0 B 935 952
1 D 64 447
2 D 242 269
3 A 975 968
0 C 315 324
1 B 887 872
2 C 729 678
4 D 365 146
0 C 15 112
1 B 658 653
2 A 366 361
3 D 13 498
4 A 770 773
0 A 298 301
1 C 2 125
2 C 667 740
3 B 973 978
0 D 393 118
1 C 180 203
2 B 145 142
3 A 299 300
4 C 678 729
0 D 204 307
1 A 807 800
2 C 722 685
3 C 745 662
0 C 296 343
1 D 697 838
2 D 110 401
0 D 898 637
1 B 526 529
2 D 951 584
3 C 705 702
0 C 1015 904
1 D 848 687
2 A 907 908
3 A 584 591
4 D 809 726
0 A 563 564
1 A 531 532
2 A 176 183
3 A 629 626
4 D 332 179
0 B 703 672
1 C 171 212
2 C 92 35
3 D 403 108
4 B 73 86
0 B 331 340
1 A 13 10
2 D 15 496
3 A 635 636
4 C 139 244
0 D 707 828
1 B 940 947
2 D 294 217
3 A 687 680
4 B 185 166
0 A 987 988
1 A 324 323
2 A 647 640
3 B 555 564
4 B 966 985
0 D 428 83
1 D 989 546
2 D 666 869
3 B 782 785
4 B 854 841
0 A 448 455
1 B 750 753
2 D 307 204
3 C 46 81
0 B 625 622
1 C 544 607
2 C 341 298
3 C 299 340
0 A 104 111
1 D 129 382
2 D 615 920
3 D 465 46
0 C 767 640
1 B 450 477
2 B 583 600
3 C 600 551
4 B 555 564
0 C 488 407
1 A 840 847
2 D 948 587
3 D 354 157
0 B 753 750
1 B 934 953
2 B 478 449
3 A 290 293
4 A 886 881
0 A 793 798
1 A 686 681
2 D 334 177
3 D 840 695
0 A 660 659
1 A 91 92
2 B 382 353
3 C 419 476
4 A 772 771
0 B 95 64
1 A 639 632
2 B 87 72
3 C 650 757
0 D 220 291
1 B 333 338
2 D 161 350
3 C 854 809
0 C 609 542
1 D 661 874
2 C 882 781
0 D 761 774
1 B 276 267
2 A 383 376
3 B 168 183
4 D 805 730
0 B 349 322
1 B 134 153
2 D 807 728
3 B 804 827
4 A 918 913
0 B 409 390
1 A 957 954
2 A 897 902
3 B 658 653
4 C 504 391
0 B 718 721
1 D 547 988
2 C 466 429
3 D 585 950
4 B 274 269
0 B 151 136
1 B 72 87
2 B 300 307
3 A 26 29
4 D 787 748
0 D 29 482
1 C 26 101
2 A 354 357
3 D 258 253
4 D 243 268
0 A 664 671
1 B 815 816
2 C 767 640
3 A 703 696
4 C 674 733
0 B 889 870
1 D 261 250
2 C 823 840
3 B 121 102
0 C 361 278
1 D 982 553
2 A 84 83
3 D 658 877
0 A 422 417
1 D 796 739
2 D 689 846
3 D 595 940
0 D 763 772
1 D 689 846
2 C 63 64
0 D 426 85
1 A 963 964
2 A 229 226
3 D 978 557
0 A 765 762
1 D 872 663
2 A 658 661
3 D 704 831
0 B 697 678
1 B 915 908
2 A 954 957
3 B 259 284
0 B 916 907
1 A 862 857
2 B 434 429
3 D 990 545
0 C 289 350
1 A 646 641
2 C 496 399
3 B 54 41
4 D 843 692
0 D 465 46
1 A 680 687
2 C 795 868
3 B 660 651
4 C 855 808
0 A 141 138
1 D 161 350
2 A 375 368
3 A 713 718
4 B 934 953
0 C 169 214
1 C 684 723
2 D 576 959
3 D 732 803
0 C 761 646
1 C 240 143
2 B 285 258
3 D 594 941
4 C 772 891
0 C 68 59
1 A 485 482
2 B 349 322
3 B 382 353
4 C 830 833
0 A 482 485
1 A 683 684
2 A 199 192
3 B 188 163
4 B 954 933
0 A 412 411
1 B 94 65
2 B 635 612
3 A 887 880
4 A 879 872
0 A 803 804
1 D 212 299
2 A 467 468
3 B 169 182
4 B 15 16
0 A 723 724
1 B 679 696
2 B 830 801
3 C 599 552
0 B 885 874
1 A 104 111
2 B 50 45
3 A 40 47
4 A 58 61
0 C 926 993
1 A 146 149
2 A 177 182
3 C 888 775
0 A 445 442
1 A 456 463
2 D 250 261
3 A 775 768
0 B 595 588
1 D 338 173
2 A 941 938
3 B 346 325
4 C 635 516
0 B 311 296
1 B 552 567
2 A 902 897
3 C 576 575
0 B 639 608
1 A 115 116
2 D 26 485
3 C 402 493
0 C 697 710
1 B 476 451
2 C 802 861
3 C 105 22
0 A 381 378
1 B 368 367
2 A 391 384
3 B 127 96
0 D 672 863
1 A 460 459
2 D 992 543
0 C 861 802
1 C 782 881
2 C 841 822
0 C 430 465
1 D 438 73
2 C 919 1000
0 D 446 65
1 B 288 319
2 D 947 588
3 C 409 486
0 B 621 626
1 D 876 659
2 C 653 754
3 D 935 600
4 D 348 163
0 B 880 879
1 B 937 950
2 A 331 332
3 C 475 420
4 A 316 315
0 B 800 831
1 C 252 131
2 A 654 649
3 D 807 728
4 C 178 205
0 C 435 460
1 B 95 64
2 B 264 279
3 D 1001 534
4 D 85 426
0 A 476 475
1 A 184 191
2 B 414 385
3 B 245 234
4 D 601 934
0 D 815 720
1 D 139 372
2 A 699 700
3 C 485 410
4 A 301 298
0 A 513 518
1 B 657 654
2 D 454 57
3 B 650 661
4 C 658 749
0 B 865 894
1 C 328 311
2 C 31 96
3 A 625 630
4 C 558 593
0 A 82 85
1 B 979 972
2 B 617 630
3 B 4 27
4 D 182 329
0 B 185 166
1 B 260 283
2 A 320 327
3 C 828 835
4 C 982 937
0 D 725 810
1 C 111 16
2 B 203 212
3 D 260 251
0 D 216 295
1 A 903 896
2 C 739 668
3 B 815 816
4 C 834 829
0 C 56 71
1 A 935 928
2 A 43 44
3 B 326 345
4 C 119 8
0 A 908 907
1 D 63 448
2 D 875 660
3 B 606 577
4 A 587 588
0 B 727 712
1 A 191 184
2 D 227 284
3 D 77 434
4 D 916 619
0 C 755 652
1 A 590 585
2 D 810 725
3 C 196 187
4 C 213 170
0 B 10 21
1 D 899 636
2 B 689 686
3 B 645 666
4 A 945 950
0 C 11 116
1 D 824 711
2 C 981 938
3 D 316 195
4 D 541 994
0 C 705 702
1 B 253 226
2 D 191 320
3 A 755 756
4 D 365 146
0 A 175 168
1 D 949 586
2 C 502 393
3 C 186 197
4 A 153 158
0 C 363 276
1 A 757 754
2 D 600 935
3 B 304 303
4 D 548 987
0 A 816 823
1 D 378 133
2 C 934 985
3 D 439 72
0 D 660 875
1 C 987 932
2 C 216 167
3 C 1015 904
4 A 918 913
0 B 848 847
1 A 657 662
2 B 651 660
3 A 807 800
4 D 672 863
0 B 542 513
1 A 357 354
2 D 805 730
3 C 788 875
4 C 613 538
0 A 122 125
1 B 31 0
2 D 1020 515
3 C 803 860
0 D 721 814
1 B 478 449
2 A 908 907
3 C 765 642
4 C 1021 898
0 C 249 134
1 A 960 967
2 D 694 841
3 A 422 417
4 D 154 357
0 B 648 663
1 B 201 214
2 A 335 328
3 A 348 347
4 A 966 961
0 D 302 209
1 D 416 95
2 B 793 774
3 D 442 69
4 C 950 969
0 B 855 840
1 D 121 390
2 D 74 437
3 D 626 909
4 C 223 160
0 A 229 226
1 D 250 261
2 D 206 305
3 C 458 437
4 A 673 678
0 A 361 366
1 B 193 222
2 D 59 452
3 A 620 619
4 C 345 294
0 B 449 478
1 A 837 834
2 A 907 908
3 D 252 259
4 C 756 651
0 D 773 762
1 C 966 953
2 D 739 796
3 B 223 192
4 C 223 160
0 B 612 635
1 C 588 563
2 C 334 305
3 C 142 241
0 D 883 652
1 A 701 698
2 B 980 971
3 D 74 437
4 D 698 837
0 D 442 69
1 A 578 581
2 B 278 265
3 B 818 813
4 C 888 775
0 C 521 630
1 C 15 112
2 C 359 280
3 D 216 295
4 B 21 10
0 C 520 631
1 D 761 774
2 B 360 375
3 D 192 319
4 D 736 799
0 B 437 426
1 C 1020 899
2 D 406 105
3 A 800 807
4 C 69 58
0 C 999 920
1 B 230 249
2 B 614 633
3 C 818 845
4 A 530 533
0 C 344 295
1 C 204 179
2 D 389 122
3 B 685 690
4 B 445 418
0 B 766 737
1 B 851 844
2 D 427 84
3 B 978 973
4 C 717 690
0 C 1015 904
1 C 195 188
2 C 613 538
3 B 719 720
4 A 201 206
0 B 644 667
1 C 146 237
2 A 57 62
3 B 557 562
4 D 172 339
0 D 321 190
1 A 4 3
2 B 889 870
3 C 1 126
4 B 733 706
0 C 16 111
1 D 363 148
2 B 18 13
3 C 716 691
4 C 271 368
0 D 107 404
1 C 931 988
2 C 37 90
3 D 251 260
4 B 517 538
0 C 670 737
1 B 477 450
2 A 522 525
3 C 572 579
4 A 675 676
0 C 285 354
1 D 335 176
2 D 31 480
3 A 420 419
4 C 252 131
0 D 968 567
1 D 813 722
2 A 509 506
3 D 709 826
4 A 121 126
0 A 514 517
1 C 4 123
2 C 62 65
3 D 869 666
4 D 496 15
0 A 71 64
1 D 588 947
2 C 159 224
3 C 209 174
4 A 101 98
0 C 490 405
1 D 313 198
2 B 1016 999
3 C 724 683
4 B 244 235
0 C 352 287
1 D 982 553
2 A 358 353
3 C 643 764
4 D 766 769
0 D 325 186
1 D 367 144
2 A 395 396
3 B 439 424
4 C 454 441
0 D 661 874
1 B 694 681
2 C 619 532
3 B 378 357
4 B 39 56
0 B 865 894
1 A 527 520
2 D 223 288
3 D 391 120
0 C 401 494
1 A 302 297
2 B 71 88
3 B 744 759
4 B 944 943
0 A 987 988
1 C 461 434
2 B 229 250
3 B 181 170
4 B 265 278
0 B 241 238
1 D 272 239
2 C 961 958
3 A 629 626
4 A 116 115
0 A 193 198
1 B 619 628
2 B 674 701
3 A 966 961
4 A 534 529
0 A 320 327
1 C 685 722
2 B 58 37
3 A 479 472
4 D 591 944
0 A 626 629
1 B 849 846
2 B 602 581
3 B 62 33
4 C 1013 906
0 B 590 593
1 C 761 646
2 B 571 548
3 A 277 274
4 A 620 619
0 A 745 750
1 D 583 952
2 B 457 470
3 A 26 29
4 D 213 298
0 D 809 726
1 A 229 226
2 A 251 252
3 B 772 795
4 C 966 953
0 C 1017 902
1 D 246 265
2 C 31 96
3 D 726 809
4 B 438 425
0 A 396 395
1 A 539 540
2 C 434 461
3 B 711 728
4 A 952 959
0 D 29 482
1 A 33 38
2 B 484 507
3 B 790 777
4 B 535 520
0 A 716 715
1 D 673 862
2 D 74 437
3 B 653 658
0 B 561 558
1 D 47 464
2 C 627 524
4 D 98 413
0 D 345 166
1 D 591 944
2 C 486 409
3 D 436 75
4 A 944 951
0 C 540 611
1 D 879 656
2 C 406 489
3 B 636 611
4 B 201 214
0 A 301 298
1 B 956 931
2 B 183 168
3 D 804 731
4 D 263 248
0 B 804 827
1 C 262 377
2 D 193 318
3 C 938 981
0 C 410 485
1 D 607 928
2 B 684 691
3 B 786 781
4 B 918 905
0 C 546 605
1 A 731 732
2 C 369 270
3 C 990 929
4 A 876 875
0 B 283 260
1 A 682 685
2 C 621 530
3 B 787 780
4 C 837 826
0 B 69 90
1 A 713 718
2 D 645 890
3 B 485 506
4 C 1003 916
0 A 46 41
1 C 607 544
2 D 991 544
3 C 300 339
4 B 648 663
0 D 33 478
1 A 843 844
2 B 145 142
3 C 925 994
4 D 278 233
0 B 941 946
1 D 646 889
2 B 887 872
3 D 773 762
4 D 272 239
0 B 261 282
1 A 978 981
2 C 115 12
3 B 551 568
4 B 746 757
0 C 510 385
1 D 590 945
2 D 183 328
3 B 752 751
4 C 429 466
0 C 632 519
1 A 101 98
2 C 562 589
3 D 947 588
4 D 777 758
0 A 321 326
1 C 455 440
2 D 370 141
3 A 416 423
4 B 881 878
0 B 943 944
1 B 100 123
2 D 409 102
3 C 964 955
4 B 141 146
0 D 246 265
1 B 496 495
2 C 690 717
3 A 94 89
4 C 763 644
0 A 202 205
1 D 70 441
2 C 1 126
3 A 173 170
4 B 150 137
0 D 298 213
1 A 840 847
2 D 464 47
3 B 681 694
4 B 202 213
0 C 456 439
1 A 530 533
2 B 735 704
3 D 600 935
4 A 995 996
0 A 117 114
1 C 423 472
2 C 452 443
3 C 163 220
4 D 996 539
0 B 295 312
1 C 223 160
2 A 985 990
3 D 619 916
4 C 160 223
0 C 878 785
1 B 557 562
2 B 891 868
3 A 120 127
4 D 344 167
0 D 772 763
1 C 145 238
2 D 760 775
3 C 139 244
4 D 605 930
0 D 50 461
1 B 948 939
2 D 26 485
3 D 820 715
4 C 42 85
0 B 104 119
1 B 72 87
2 D 59 452
3 D 901 634
4 B 943 944
0 B 179 172
1 B 813 818
2 B 325 346
3 D 1001 534
4 A 540 539
0 D 239 272
1 B 800 831
2 D 65 446
3 C 393 502
4 D 293 218
0 C 746 661
1 C 950 969
2 D 718 817
3 D 934 601
0 D 652 883
1 D 813 722
2 A 404 403
3 A 181 178
4 B 956 931
0 C 578 573
1 A 21 18
2 A 525 522
3 B 247 232
4 B 750 753
0 C 850 813
1 C 872 791
2 D 867 668
3 A 107 108
4 A 183 176
0 B 921 902
1 D 576 959
2 D 984 551
3 D 277 234
4 C 183 200
0 B 287 256
1 A 3 4
2 B 32 63
3 C 220 163
4 C 19 108
0 B 917 906
1 A 680 687
2 C 56 71
3 B 249 230
4 D 793 742
0 D 136 375
1 C 687 720
2 C 160 223
3 A 575 568
4 B 203 212
0 C 438 457
1 C 416 479
2 D 616 919
3 D 418 93
4 B 5 26
0 A 29 26
1 B 568 551
2 B 339 332
3 C 432 463
4 A 343 336
0 C 618 533
1 D 410 101
2 C 626 525
3 C 18 109
0 D 716 819
1 B 858 837
2 A 908 907
3 B 837 858
4 A 601 606
0 A 447 440
1 C 1011 908
2 B 785 782
3 B 268 275
4 A 953 958
0 A 488 495
1 B 391 408
2 A 21 18
3 A 567 560
4 A 356 355
0 D 6 505
1 C 574 577
2 A 31 24
3 A 233 238
4 D 351 160
0 A 847 840
1 B 917 906
2 C 189 194
3 A 857 862
4 A 174 169
0 A 48 55
1 D 823 712
2 A 773 770
3 B 487 504
4 A 210 213
0 A 722 725
1 B 171 180
2 B 727 712
3 D 888 647
4 B 494 497
0 A 11 12
1 B 449 478
2 B 607 576
3 A 332 331
4 B 314 293
0 C 493 402
1 D 95 416
2 B 10 21
3 A 873 878
4 B 742 761
0 A 272 279
1 B 587 596
2 A 588 587
3 A 604 603
4 D 676 859
0 D 45 466
1 D 304 207
2 B 345 326
3 D 761 774
4 A 810 813
0 A 434 437
1 D 286 225
2 B 805 826
3 C 1008 911
0 D 889 646
1 A 658 661
2 B 430 433
3 D 708 827
4 A 443 444
0 A 192 199
1 D 352 159
2 C 742 665
3 D 641 894
4 A 970 973
0 B 154 133
1 B 408 391
2 B 346 325
3 D 24 487
4 B 819 812
0 D 836 699
1 B 191 160
2 B 131 156
3 D 869 666
4 C 13 114
0 C 155 228
1 B 447 416
2 C 114 13
3 C 694 713
4 B 50 45
0 C 404 491
1 B 848 847
2 B 619 628
3 C 186 197
4 C 744 663
0 A 380 379
1 B 241 238
2 B 362 373
3 B 359 376
4 B 88 71
0 A 369 374
1 D 758 777
2 A 663 656
3 D 885 650
0 D 438 73
1 A 681 686
2 B 819 812
3 A 597 594
4 A 427 428
0 D 97 414
1 D 231 280
2 D 348 163
3 B 113 110
4 C 202 181
0 B 516 539
1 A 320 327
2 B 803 828
3 D 365 146
4 C 166 217
0 C 661 746
1 C 69 58
2 C 124 3
3 B 931 956
4 D 746 789
0 C 570 581
1 D 697 838
2 D 198 313
3 A 276 275
4 C 126 1
0 A 930 933
1 C 1006 913
2 D 935 600
3 B 607 576
4 B 515 540
0 C 689 718
1 C 781 882
2 D 151 360
3 B 269 274
4 C 326 313
0 D 997 538
1 A 139 140
2 B 635 612
3 D 543 992
4 D 844 691
0 B 177 174
1 D 869 666
2 D 664 871
3 C 56 71
4 D 128 383
0 D 317 194
1 B 138 149
2 C 703 704
3 A 466 469
4 C 808 855
0 D 155 356
1 D 747 788
2 C 727 680
3 C 37 90
4 B 20 11
0 D 401 110
1 C 365 274
2 B 621 626
3 D 132 379
4 C 103 24
0 D 638 897
1 B 277 266
2 B 338 333
3 C 208 175
4 D 600 935
0 C 967 952
1 D 675 860
2 A 335 328
3 A 643 644
4 A 731 732
0 C 989 930
1 C 410 485
2 C 402 493
3 C 830 833
4 C 120 7
0 A 833 838
1 A 494 489
2 B 576 607
3 C 364 275
4 A 191 184
0 A 559 552
1 A 540 539
2 B 171 180
3 D 371 140
4 D 765 770
0 A 637 634
1 A 338 341
2 B 325 346
3 C 686 721
4 D 206 305
0 A 854 849
1 C 614 537
2 C 82 45
3 B 530 525
4 C 467 428
0 B 517 538
1 A 938 941
2 D 986 549
3 C 397 498
0 C 118 9
1 C 87 40
2 B 206 209
3 A 645 642
4 B 552 567
0 B 901 922
1 B 194 221
2 D 838 697
3 A 414 409
4 A 994 997
0 A 701 698
1 A 523 524
2 D 399 112
3 C 777 886
0 A 541 538
1 D 949 586
2 B 638 609
3 B 503 488
0 C 858 805
1 A 993 998
2 A 972 971
3 C 114 13
0 A 966 961
1 D 243 268
2 B 613 634
3 A 102 97
0 B 144 143
1 D 559 976
2 D 757 778
0 C 591 560
1 B 813 818
3 C 958 961
2 D 791 744
0 D 591 944
1 C 637 514
2 C 853 810
0 D 431 80
1 B 274 269
2 B 570 549
3 C 101 26
0 D 349 162
1 D 281 230
2 B 685 690
3 B 971 980
0 A 739 740
1 A 528 535
2 D 340 171
3 C 1000 919
0 A 683 684
1 D 951 584
2 A 328 335
3 C 45 82
0 C 968 951
1 D 89 422
2 A 549 546
3 C 242 141
0 A 5 2
1 D 352 159
2 A 696 703
3 C 407 488
0 B 639 608
1 D 957 578
2 A 303 296
3 D 599 936
0 D 898 637
1 A 216 223
2 A 225 230
3 B 915 908
0 A 225 230
1 C 273 366
2 B 788 779
3 D 860 675
0 B 159 128
1 D 786 749
2 C 935 984
3 A 767 760
0 A 612 611
1 D 896 639
2 C 828 835
3 A 704 711
4 A 211 212
0 B 512 543
1 A 502 497
2 A 719 712
3 C 498 397
0 C 224 159
1 C 262 377
2 A 595 596
3 B 193 222
0 D 576 959
1 D 919 616
2 B 956 931
3 B 80 79
0 C 870 793
1 C 621 530
2 A 923 924
3 D 451 60
0 D 898 637
1 C 398 497
2 C 542 609
3 C 606 545
0 A 246 241
1 C 644 763
2 C 559 592
3 C 847 816
0 D 654 881
1 A 356 355
2 B 393 406
3 A 468 467
4 A 157 154
0 B 495 496
1 A 555 556
2 B 920 903
3 B 302 305
4 C 663 744
0 D 200 311
1 B 487 504
2 B 405 394
3 C 893 770
0 C 44 83
1 A 297 302
2 D 10 501
3 A 965 962
4 C 944 975
0 A 508 507
1 A 527 520
2 C 387 508
3 D 174 337
4 A 741 738
0 B 182 169
1 D 33 478
2 A 16 23
3 D 659 876
4 B 459 468
0 B 593 590
1 D 992 543
2 C 521 630
3 A 109 106
4 B 5 26
0 D 839 696
1 D 723 812
2 A 133 130
3 D 297 214
4 A 316 315
0 A 980 979
1 D 262 249
2 A 491 492
3 D 837 698
4 B 32 63
0 D 475 36
1 A 624 631
2 A 828 827
3 B 786 781
4 A 426 429
0 A 477 474
1 A 737 742
2 B 351 320
3 D 896 639
4 C 887 776
0 C 257 382
1 A 582 577
2 D 350 161
3 C 28 99
4 D 759 776
0 A 527 520
1 B 515 540
2 A 418 421
3 B 35 60
4 B 367 368
0 A 555 556
1 B 520 535
2 B 892 867
3 B 149 138
4 B 305 302
0 C 807 856
1 D 269 242
2 D 477 34
3 C 971 948
0 D 276 235
1 D 576 959
2 C 554 597
3 D 799 736
0 B 916 907
1 C 980 939
2 B 148 139
3 D 189 322
4 C 441 454
0 A 436 435
1 C 133 250
2 A 530 533
3 D 949 586
4 A 920 927
0 B 580 603
1 C 213 170
2 A 317 314
3 B 659 652
4 A 362 365
0 C 968 951
1 A 334 329
2 C 749 658
3 D 538 997
4 B 262 281
0 B 947 940
1 D 126 385
2 A 626 629
3 B 760 743
4 A 277 274
0 C 307 332
1 D 257 254
2 D 494 17
3 C 946 973
4 D 649 886
0 D 309 202
1 A 55 48
2 A 559 552
3 A 397 394
4 C 979 940
0 D 79 432
1 A 208 215
2 D 763 772
3 D 438 73
4 B 973 978
0 D 93 418
1 B 332 339
2 D 86 425
3 A 870 865
4 A 735 728
0 C 808 855
1 D 89 422
2 D 73 438
3 B 357 378
4 A 989 986
0 C 303 336
1 B 20 11
2 A 420 419
3 B 347 324
4 A 460 459
0 C 357 282
1 C 779 884
2 C 423 472
3 D 905 630
0 D 995 540
1 B 1021 994
2 A 342 337
3 C 831 832
4 C 837 826
0 D 537 998
1 B 453 474
2 B 264 279
3 D 655 880
4 A 136 143
0 A 187 188
1 C 593 558
2 A 685 682
3 C 448 447
4 C 298 341
0 A 60 59
1 D 401 110
2 A 217 222
3 D 489 22
4 D 29 482
0 A 771 772
1 C 789 874
2 D 848 687
3 B 316 291
4 B 553 566
0 B 335 336
1 C 629 522
2 C 786 877
3 A 560 567
4 B 592 591
0 B 429 434
1 C 346 293
2 B 365 370
3 C 245 138
4 A 845 842
0 D 42 469
1 D 478 33
2 D 293 218
3 C 450 445
4 A 967 960
0 C 744 663
1 A 783 776
2 D 271 240
3 D 689 846
0 C 866 797
1 C 348 291
2 B 355 380
3 A 614 609
4 D 881 654
0 D 616 919
1 C 482 413
2 C 648 759
3 A 348 347
4 C 798 865
0 D 322 189
1 A 810 813
2 D 400 111
3 B 442 421
4 B 413 386
0 C 524 627
1 B 83 76
2 C 919 1000
3 D 500 11
4 A 933 930
0 B 891 868
1 A 605 602
2 D 767 768
3 C 472 423
4 C 1013 906
0 D 442 69
1 A 756 755
2 C 378 261
3 D 503 8
4 B 696 679
0 C 677 730
1 B 796 771
2 C 442 453
3 D 233 278
4 A 745 750
0 D 37 474
1 C 985 934
2 C 465 430
3 D 59 452
4 B 828 803
0 A 313 318
1 C 733 674
2 C 3 124
3 B 662 649
4 B 842 853
0 B 546 573
1 C 485 410
2 B 166 185
3 B 455 472
4 D 377 134
0 C 146 237
1 B 39 56
2 A 321 326
3 A 871 864
4 C 326 313
0 B 693 682
1 A 860 859
2 D 488 23
3 A 994 997
4 C 765 642
0 A 499 500
1 A 853 850
2 B 703 672
3 D 91 420
4 A 404 403
0 C 285 354
1 C 170 213
2 D 330 181
3 B 918 905
4 B 372 363
0 A 224 231
1 B 432 431
2 C 438 457
3 A 819 820
4 C 8 119
0 D 997 538
1 D 599 936
2 D 254 257
3 A 109 106
4 B 727 712
0 A 566 561
1 C 638 513
2 B 345 326
3 B 722 717
4 C 711 696
0 B 858 837
1 D 308 203
2 A 623 616
3 D 78 433
0 D 759 776
1 B 121 102
2 D 710 825
3 A 921 926
4 B 373 362
0 B 176 175
1 C 183 200
2 D 1010 525
3 A 130 133
4 C 713 694
0 A 788 787
1 D 579 956
2 D 479 32
3 C 57 70
4 A 622 617
0 D 405 106
1 B 38 57
2 A 623 616
3 A 837 834
4 A 271 264
0 C 489 406
1 C 970 949
2 B 123 100
3 A 731 732
4 C 529 622
0 B 515 540
1 D 330 181
2 B 794 773
3 D 970 565
4 C 355 284
0 A 790 785
1 B 985 966
2 A 883 884
3 A 403 404
4 C 726 681
0 A 278 273
1 A 901 898
2 A 119 112
3 A 310 305
4 A 202 205
0 A 8 15
1 C 692 715
2 D 774 761
3 B 515 540
4 C 542 609
0 B 781 786
1 C 56 71
2 A 738 741
3 A 511 504
4 C 414 481
0 D 876 659
1 B 823 808
2 B 628 619
3 A 238 233
4 C 675 732
0 D 210 301
1 C 357 282
2 D 866 669
3 D 618 917
4 C 251 132
0 A 30 25
1 B 717 722
2 A 248 255
3 B 226 253
4 C 462 433
0 C 919 1000
1 A 502 497
2 D 969 566
3 B 555 564
4 C 327 312
0 C 230 153
1 C 720 687
2 B 205 210
3 A 625 630
4 A 225 230
0 D 767 768
1 D 455 56
2 D 925 610
3 C 1000 919
0 C 92 35
1 C 871 792
2 C 739 668
3 C 780 883
0 A 212 211
1 D 718 817
2 A 362 365
4 D 74 437
0 D 633 902
1 D 571 964
2 C 938 981
3 A 267 268
4 A 909 906
0 C 852 811
1 A 25 30
2 D 294 217
3 B 319 288
4 A 864 871
0 D 702 833
1 B 947 940
2 D 68 443
3 C 442 453
4 C 543 608
0 D 637 898
1 C 121 6
2 B 160 191
3 A 24 31
4 B 353 382
0 D 192 319
1 A 148 147
2 B 352 383
3 A 361 366
4 B 215 200
0 B 868 891
1 C 208 175
2 C 579 572
3 B 46 49
4 B 653 658
0 C 863 800
1 A 724 723
2 D 212 299
3 A 251 252
4 C 932 987
0 C 456 439
1 B 874 885
2 D 577 958
3 D 334 177
4 A 474 477
0 B 537 518
1 A 758 753
2 C 613 538
3 C 0 127
4 C 421 474
0 A 97 102
1 D 638 897
2 B 358 377
3 C 774 889
4 A 430 425
0 C 169 214
1 D 864 671
2 A 867 868
3 C 926 993
4 C 785 878
0 D 157 354
1 B 889 870
2 B 72 87
3 D 723 812
4 A 508 507
0 B 824 807
1 A 544 551
2 C 360 279
3 B 848 847
4 C 138 245
0 B 182 169
1 B 60 35
2 B 336 335
3 A 68 67
4 B 187 164
0 D 223 288
1 A 375 368
2 C 847 816
3 D 965 570
0 C 286 353
1 A 501 498
2 C 418 477
3 C 331 308
4 A 675 676
0 B 754 749
1 D 451 60
2 B 751 752
3 D 771 764
4 A 424 431
0 B 942 945
1 D 963 572
2 A 594 597
3 B 464 463
4 A 356 355
0 B 375 360
1 A 134 129
2 A 806 801
3 A 580 579
4 C 718 689
0 C 478 417
1 D 815 720
2 D 604 931
3 A 503 496
4 A 827 828
0 C 762 645
1 C 815 848
2 D 592 943
3 A 118 113
4 C 382 257
0 A 63 56
1 C 286 353
2 C 260 379
3 D 231 280
0 A 375 368
1 D 461 50
2 A 789 786
3 D 649 886
4 A 925 922
0 C 79 48
1 C 878 785
2 B 546 573
3 B 272 271
4 C 780 883
0 B 789 778
1 D 759 776
2 D 266 245
3 A 449 454
4 D 364 147
0 A 980 979
1 A 750 745
2 B 378 357
3 D 17 494
4 A 409 414
0 A 231 224
1 D 33 478
2 A 881 886
3 D 961 574
4 C 394 501
0 D 594 941
1 C 830 833
2 D 297 214
3 B 203 212
4 B 382 353
0 D 79 432
1 A 878 873
2 B 208 207
3 C 796 867
4 A 180 179
0 A 290 293
1 C 153 230
2 B 616 631
3 A 717 714
4 B 621 626
0 C 115 12
1 B 509 482
2 B 342 329
3 B 884 875
4 A 225 230
0 A 174 169
1 C 111 16
2 C 923 996
3 A 601 606
4 B 809 822
0 D 442 69
1 A 937 942
2 A 559 552
3 C 782 881
4 A 873 878
0 B 4 27
1 C 440 455
2 A 175 168
3 D 477 34
4 D 372 139
0 B 247 232
1 C 925 994
2 D 282 229
3 D 237 274
0 A 660 659
1 B 172 179
2 A 262 257
3 C 877 786
4 C 536 615
0 B 868 891
1 D 911 624
2 B 603 580
3 D 691 844
0 C 842 821
1 D 381 130
2 B 871 888
3 A 377 382
4 C 743 664
0 A 801 806
1 D 698 837
2 B 28 3
3 D 842 693
0 B 32 63
1 C 518 633
2 A 658 661
4 D 20 491
0 D 283 228
1 B 120 103
2 B 243 236
3 B 667 644
4 B 442 421
0 A 381 378
1 B 906 917
2 D 757 778
3 C 812 851
0 D 94 417
1 A 42 45
2 C 819 844
3 D 418 93
0 D 225 286
1 D 892 643
2 A 262 257
3 D 651 884
0 A 403 404
1 C 124 3
2 A 725 722
4 C 390 505
0 C 276 363
1 C 981 938
2 D 557 978
3 A 400 407
0 D 803 732
1 A 137 142
2 A 324 323
3 A 855 848
4 D 283 228
0 A 986 989
1 D 1016 519
2 D 370 141
3 A 483 484
4 B 172 179
0 D 139 372
1 B 673 702
2 A 636 635
3 B 901 922
4 B 952 935
0 D 75 436
1 A 354 357
2 C 789 874
3 A 468 467
4 B 432 431
0 C 631 520
1 A 495 488
2 A 534 529
3 C 483 412
4 A 671 664
0 B 122 101
1 C 676 731
2 D 973 562
3 A 31 24
4 C 324 315
0 B 315 292
1 D 199 312
2 B 443 420
3 A 42 45
4 A 212 211
0 C 797 866
1 D 556 979
2 B 85 74
3 C 2 125
4 B 286 257
0 C 207 176
1 B 932 955
2 C 68 59
3 A 456 463
4 B 440 423
0 B 703 672
1 A 625 630
2 A 611 612
3 D 349 162
4 C 389 506
0 C 100 27
1 B 640 671
2 D 508 3
3 A 992 999
4 C 868 795
0 B 663 648
1 C 541 610
2 D 664 871
3 B 250 229
4 C 192 191
0 D 647 888
1 D 65 446
2 B 789 778
3 B 980 971
4 D 260 251
0 D 258 253
1 C 318 321
2 B 761 742
3 A 254 249
4 B 518 537
0 D 535 1000
1 D 686 849
2 B 150 137
3 C 115 12
4 D 138 373
0 C 771 892
1 A 162 165
2 C 35 92
3 B 336 335
4 B 541 514
0 B 34 61
1 C 11 116
2 A 468 467
3 C 643 764
4 C 937 982
0 A 972 971
1 A 637 634
2 A 664 671
3 C 947 972
4 C 394 501
0 A 995 996
1 B 445 418
2 D 935 600
3 D 924 611
4 B 571 548
0 B 481 510
1 A 125 122
2 B 890 869
3 C 99 28
4 B 875 884
0 A 202 205
1 C 38 89
2 C 475 420
3 D 168 343
0 D 470 41
1 A 946 949
2 A 908 907
3 D 434 77
4 C 947 972
0 A 441 446
1 C 126 1
2 A 254 249
3 D 387 124
0 D 787 748
1 D 959 576
2 D 922 613
3 C 652 755
0 D 909 626
1 B 534 521
2 D 853 682
3 B 581 602
4 C 489 406
0 D 297 214
1 C 668 739
2 C 215 168
3 A 910 905
4 A 612 611
0 D 237 274
1 A 355 356
2 B 213 202
3 B 284 259
4 C 741 666
0 B 848 847
1 A 993 998
2 A 456 463
3 B 428 435
4 C 23 104
0 B 273 270
1 D 139 372
2 D 666 869
3 B 118 105
4 A 362 365
0 C 826 837
1 B 3 28
2 D 152 359
3 C 55 72
0 B 733 706
1 D 736 799
2 D 710 825
3 D 395 116
0 D 424 87
1 D 262 249
2 A 423 416
3 D 589 946
0 A 938 941
1 A 508 507
2 D 34 477
3 B 278 265
0 B 948 939
1 D 956 579
2 D 16 495
3 B 517 538
0 A 133 130
1 B 198 217
2 A 695 688
3 A 77 74
0 D 817 718
1 C 226 157
2 B 901 922
3 B 60 35
0 D 291 220
1 D 381 130
2 A 775 768
3 C 484 411
0 B 478 449
1 D 475 36
2 C 5 122
0 D 614 921
1 D 779 756
2 B 352 383
3 B 311 296
4 B 57 38
0 B 983 968
1 A 911 904
2 A 449 454
3 A 768 775
4 B 372 363
0 C 347 292
1 A 988 987
2 C 374 265
3 C 127 0
4 C 252 131
0 C 815 848
1 A 979 980
2 C 109 18
3 B 968 983
4 C 849 814
0 C 259 380
1 A 309 306
2 D 647 888
3 D 691 844
4 D 716 819
0 C 830 833
1 C 716 691
2 B 914 909
3 A 278 273
4 A 645 642
0 C 560 591
1 B 635 612
2 C 614 537
3 A 328 335
4 D 147 364
0 A 309 306
1 D 627 908
2 B 252 227
3 B 153 134
4 A 813 810
0 B 227 252
1 A 379 380
2 A 814 809
3 A 296 303
4 B 55 40
0 B 619 628
1 A 602 605
2 D 721 814
3 A 486 481
4 B 203 212
0 B 627 620
1 A 197 194
2 C 733 674
3 C 208 175
4 D 810 725
0 A 532 531
1 B 644 667
2 D 375 136
3 D 93 418
4 C 666 741
0 B 798 769
1 B 60 35
2 B 905 918
3 A 178 181
4 D 141 370
0 A 871 864
1 B 97 126
2 B 719 720
3 B 645 666
4 A 113 118
0 B 742 761
1 D 257 254
2 A 331 332
3 D 886 649
0 D 592 943
1 A 572 571
2 C 817 846
3 B 684 691
4 A 108 107
0 D 779 756
1 C 474 421
2 A 399 392
3 B 881 878
4 A 421 418
0 C 147 236
1 C 639 512
2 C 150 233
3 A 712 719
0 C 982 937
1 C 62 65
2 D 966 569
3 D 798 737
0 D 326 185
1 A 286 281
2 D 95 416
3 B 149 138
0 C 298 341
1 C 698 709
2 D 203 308
3 A 129 134
0 D 655 880
1 D 76 435
2 A 957 954
3 A 344 351
0 C 453 442
1 B 841 854
2 C 681 726
3 B 147 140
0 C 431 464
1 A 35 36
2 C 425 470
3 B 312 295
0 B 628 619
1 B 706 733
2 A 935 928
4 C 282 357
0 B 368 367
1 A 286 281
2 A 719 712
3 C 104 23
0 D 120 391
1 A 847 840
2 D 314 197
3 D 80 431
0 B 31 0
1 B 321 350
2 A 492 491
3 A 13 10
4 B 541 514
0 A 202 205
1 C 744 663
2 D 202 309
0 D 356 155
1 C 715 692
2 D 494 17
0 C 30 97
1 D 202 309
2 A 774 769
3 A 352 359
4 C 1023 896
0 B 844 851
1 B 449 478
2 C 54 73
3 B 491 500
0 A 393 398
1 D 624 911
2 A 824 831
3 D 103 408
0 C 107 20
1 D 127 384
2 A 190 185
3 D 553 982
0 A 153 158
1 C 389 506
2 C 214 169
3 A 868 867
0 A 707 708
1 D 262 249
2 C 183 200
3 C 282 357
0 B 817 814
1 C 327 312
2 A 459 460
3 C 161 222
0 B 810 821
1 B 816 815
2 D 834 701
3 B 213 202
0 D 636 899
1 C 219 164
2 B 234 245
3 C 689 718
0 D 256 255
1 D 81 430
2 D 988 547
0 D 548 987
1 C 373 266
2 D 474 37
0 A 429 426
1 A 934 929
2 B 660 651
3 C 110 17
0 A 209 214
1 B 832 863
2 C 701 706
3 C 58 69
4 B 106 117
0 A 112 119
1 C 681 726
2 B 832 863
3 B 1017 998
4 A 887 880
0 A 954 957
1 A 535 528
2 D 50 461
3 A 561 566
4 C 927 992
0 B 699 676
1 B 678 697
2 C 297 342
3 D 504 7
4 B 611 636
0 C 59 68
1 B 41 54
2 B 50 45
3 D 712 823
4 B 1 30
0 B 42 53
1 C 839 824
2 B 86 73
3 C 707 700
4 D 485 26
0 C 851 812
1 B 515 540
2 B 374 361
3 B 270 273
4 B 653 658
0 D 262 249
1 C 322 317
2 B 978 973
3 B 78 81
4 B 260 283
0 D 1016 519
1 A 607 600
2 B 201 214
3 C 724 683
4 D 97 414
0 D 50 461
1 C 140 243
2 D 747 788
3 C 438 457
4 C 538 613
0 B 814 817
1 D 875 660
2 C 750 657
3 C 595 556
4 A 943 936
0 C 398 497
1 C 969 950
2 B 313 294
3 B 311 296
4 D 286 225
0 D 459 52
1 D 225 286
2 C 809 854
3 A 522 525
4 C 1005 914
0 B 122 101
1 C 315 324
2 C 528 623
3 C 753 654
4 A 735 728
0 D 669 866
1 B 620 627
2 C 653 754
3 D 668 867
4 C 56 71
0 D 801 734
1 B 533 522
2 D 996 539
3 B 432 431
4 B 774 793
0 B 632 615
1 A 793 798
2 C 522 629
3 C 696 711
4 A 294 289
0 A 120 127
1 B 1022 993
2 A 634 637
3 C 24 103
4 A 18 21
0 D 673 862
1 D 228 283
2 C 1002 917
3 B 453 474
4 D 106 405
0 C 845 818
1 C 49 78
2 D 742 793
3 B 178 173
4 A 698 701
0 D 399 112
1 D 120 391
2 C 1018 901
3 C 445 450
4 C 260 379
0 C 952 967
1 A 12 11
2 A 18 21
3 C 529 622
4 D 825 710
0 A 205 202
1 D 25 486
2 D 73 438
3 B 392 407
4 A 872 879
0 B 980 971
1 D 1009 526
2 D 902 633
3 C 415 480
4 D 740 795
0 D 852 683
1 B 326 345
2 C 883 780
3 D 384 127
4 D 869 666
0 D 718 817
1 C 784 879
2 C 118 9
3 A 710 705
4 A 193 198
0 D 648 887
1 C 16 111
2 B 847 848
3 C 112 15
4 C 556 595
0 A 139 140
1 D 782 753
2 C 200 183
3 C 819 844
4 B 386 413
0 A 651 652
1 A 969 974
2 C 383 256
3 C 329 310
4 D 571 964
0 B 109 114
1 B 814 817
2 B 344 327
3 D 113 398
4 A 27 28
0 A 627 628
1 C 947 972
2 B 132 155
3 D 270 241
4 B 892 867
0 C 1023 896
1 A 374 369
2 A 785 790
3 C 332 307
4 D 441 70
0 A 512 519
1 D 12 499
2 C 727 680
3 C 496 399
4 A 434 437
0 C 842 821
1 D 227 284
2 D 250 261
3 D 565 970
4 A 664 671
0 A 490 493
1 C 3 124
2 A 131 132
3 A 174 169
4 D 970 565
0 B 90 69
1 C 415 480
2 A 507 508
3 D 437 74
4 A 231 224
0 D 233 278
1 D 870 665
2 A 814 809
3 A 148 147
4 C 822 841
0 C 802 861
1 A 340 339
2 A 145 150
3 D 920 615
4 C 924 995
0 B 270 273
1 B 479 448
2 C 1001 918
3 B 853 842
4 A 91 92
0 B 592 591
1 D 329 182
2 D 27 484
3 B 781 786
4 C 134 249
0 C 414 481
1 A 462 457
2 B 566 553
3 C 102 25
4 B 125 98
0 B 669 642
1 B 206 209
2 B 95 64
3 B 45 50
4 C 275 364
0 A 304 311
1 C 825 838
2 B 628 619
3 D 403 108
4 B 889 870
0 C 320 319
1 D 509 2
2 A 285 282
3 C 231 152
4 B 1017 998
0 C 283 356
1 C 989 930
2 D 112 399
3 D 11 500
4 A 912 919
0 B 931 956
1 C 1018 901
2 B 45 50
3 C 669 738
4 C 755 652
0 D 613 922
1 D 703 832
2 B 721 718
3 D 487 24
4 D 549 986
0 D 755 780
1 A 937 942
2 B 365 370
3 D 143 368
4 B 589 594
0 B 597 586
1 C 926 993
2 C 701 706
3 A 635 636
4 D 808 727
0 B 8 23
1 D 767 768
2 D 252 259
3 B 267 276
4 B 925 898
0 C 695 712
1 B 256 287
2 A 600 607
3 D 612 923
4 C 126 1
0 C 549 602
1 C 306 333
2 C 887 776
3 C 987 932
4 D 742 793
0 C 780 883
1 D 41 470
2 D 71 440
3 A 76 75
4 B 323 348
0 C 243 140
1 B 464 463
2 D 683 852
3 D 753 782
4 D 822 713
0 C 871 792
1 D 918 617
2 C 431 464
3 A 710 705
4 C 189 194
0 C 329 310
1 D 427 84
2 C 559 592
3 D 736 799
4 A 347 348
0 A 289 294
1 B 49 46
2 C 778 885
3 A 598 593
4 D 259 252
0 D 6 505
1 C 300 339
2 A 79 72
3 D 923 612
4 B 220 195
0 B 406 393
1 A 506 509
2 C 513 638
3 B 289 318
4 B 772 795
0 D 190 321
1 A 767 760
2 B 67 92
3 D 334 177
4 D 127 384
0 D 888 647
1 C 647 760
2 B 607 576
3 A 561 566
4 A 741 738
0 B 502 489
1 D 677 858
2 C 254 129
3 B 184 167
4 B 111 112
0 C 415 480
1 C 752 655
2 D 140 371
3 C 773 890
4 D 911 624
0 D 511 0
1 A 156 155
2 D 582 953
3 D 601 934
4 A 746 749
0 C 539 612
1 A 595 596
2 A 153 158
3 B 982 969
4 D 64 447
0 C 465 430
1 A 612 611
2 A 442 445
3 D 39 472
4 A 817 822
0 D 948 587
1 C 134 249
2 D 633 902
3 C 317 322
4 D 140 371
0 C 548 603
1 D 127 384
2 D 599 936
3 B 385 414
4 A 141 138
0 D 126 385
1 D 913 622
2 A 17 22
3 C 710 697
4 D 228 283
0 B 787 780
1 A 149 146
2 D 420 91
3 A 592 599
4 B 518 537
0 D 7 504
1 D 716 819
2 A 415 408
3 A 554 557
4 A 359 352
0 C 624 527
1 B 865 894
2 B 881 878
3 D 402 109
4 C 214 169
0 A 892 891
1 B 204 211
2 C 453 442
3 B 25 6
4 D 344 167
0 A 879 872
1 C 712 695
2 D 277 234
3 A 407 400
4 A 544 551
0 C 766 641
1 A 173 170
2 C 992 927
3 B 107 116
4 B 867 892
0 C 555 596
1 D 654 881
2 A 204 203
3 A 182 177
4 A 358 353
0 D 1023 512
1 D 469 42
2 C 636 515
3 B 625 622
4 A 374 369
0 B 438 425
1 C 841 822
2 C 237 146
3 D 748 787
0 D 284 227
1 C 254 129
2 D 498 13
3 A 262 257
4 B 928 959
0 C 111 16
1 B 1016 999
2 C 814 849
3 D 412 99
4 B 711 728
0 C 280 359
1 A 111 104
2 A 171 172
3 D 155 356
4 B 651 660
0 C 401 494
1 B 320 351
2 D 767 768
3 C 472 423
4 D 545 990
0 A 877 874
1 C 758 649
2 C 268 371
3 A 715 716
4 B 55 40
0 D 288 223
1 C 270 369
2 C 597 554
3 A 203 204
4 B 676 699
0 D 775 760
1 B 303 304
2 B 298 309
3 D 25 486
4 B 334 337
0 B 685 690
1 D 395 116
2 B 973 978
3 D 641 894
4 B 574 545
0 B 437 426
1 C 1009 910
2 D 509 2
3 C 16 111
4 A 894 889
0 D 926 609
1 D 968 567
2 B 87 72
3 D 672 863
4 B 323 348
0 B 92 67
1 C 170 213
2 C 340 299
3 D 28 483
4 C 398 497
0 C 937 982
1 A 426 429
2 D 658 877
3 D 238 273
4 D 122 389
0 A 969 974
1 C 41 86
2 A 932 931
3 D 995 540
4 C 2 125
0 B 880 879
1 A 502 497
2 D 150 361
3 A 433 438
4 B 1023 992
0 B 216 199
1 C 134 249
2 D 474 37
3 A 786 789
4 D 235 276
0 B 989 962
1 C 598 553
2 A 638 633
3 D 215 296
4 C 405 490
0 B 450 477
1 C 6 121
2 C 11 116
3 B 269 274
4 D 605 930
0 C 782 881
1 D 146 365
2 B 569 550
3 B 912 911
4 B 590 593
0 D 781 754
1 A 36 35
2 A 184 191
3 D 862 673
4 C 508 387
0 D 855 680
1 B 668 643
2 C 706 701
3 D 412 99
4 A 467 468
0 C 483 412
1 D 1007 528
2 B 497 494
3 D 44 467
4 C 331 308
0 B 86 73
1 C 299 340
2 B 861 834
3 B 908 915
4 C 730 677
0 A 827 828
1 D 893 642
2 D 356 155
3 A 800 807
4 C 845 818
0 C 662 745
1 A 528 535
2 B 416 447
3 A 733 730
4 B 970 981
0 B 401 398
1 B 187 164
2 B 1017 998
3 C 772 891
4 B 108 115
0 A 781 778
1 D 289 222
2 A 682 685
3 D 803 732
0 B 792 775
1 C 343 296
2 D 724 811
3 A 449 454
0 C 361 278
1 C 96 31
2 D 808 727
3 D 495 16
0 D 813 722
1 C 459 436
2 D 124 387
3 D 730 805
0 C 195 188
1 D 603 932
2 A 199 192
3 B 506 485
4 B 909 914
0 C 924 995
1 B 799 768
2 B 661 650
3 C 42 85
4 C 596 555
0 D 372 139
1 C 209 174
2 B 197 218
3 D 960 575
4 B 82 77
0 B 545 574
1 B 32 63
2 A 371 372
3 C 416 479
4 D 865 670
0 C 851 812
1 D 352 159
2 C 290 349
3 A 928 935
4 B 764 739
0 A 402 405
1 D 615 920
2 C 135 248
3 A 453 450
4 A 797 794
0 D 285 226
1 D 621 914
2 C 684 723
3 A 721 726
4 B 350 321
0 C 818 845
1 C 858 805
2 B 138 149
3 D 395 116
4 B 878 881
0 C 641 766
1 D 317 194
2 C 84 43
3 D 273 238
4 A 996 995
0 B 778 789
1 A 880 887
2 C 634 517
3 C 1015 904
4 D 353 158
0 A 827 828
1 B 568 551
2 B 391 408
3 B 764 739
4 B 637 610
0 A 936 943
1 B 874 885
2 B 872 887
3 B 772 795
4 B 964 987
0 A 181 178
1 A 336 343
2 A 152 159
3 D 830 705
4 B 120 103
0 D 286 225
1 C 730 677
2 C 70 57
3 D 860 675
0 A 106 109
1 C 324 315
2 B 514 541
3 C 645 762
4 A 924 923
0 B 478 449
1 B 414 385
2 C 774 889
3 B 604 579
4 A 794 797
0 C 245 138
1 A 438 433
2 A 12 11
3 C 722 685
4 A 357 354
0 B 423 440
1 C 875 788
2 A 964 963
3 A 979 980
4 A 115 116
0 C 235 148
1 B 784 783
2 B 0 31
3 A 913 918
4 B 514 541
0 A 216 223
1 C 117 10
2 A 213 210
3 A 284 283
4 A 388 387
0 D 479 32
1 C 352 287
2 B 594 589
3 A 468 467
4 B 538 517
0 D 552 983
1 A 263 256
2 D 630 905
3 D 682 853
0 B 424 439
1 C 1018 901
2 B 115 108
3 D 432 79
4 A 785 790
0 A 342 337
1 D 627 908
2 B 1019 996
3 B 541 514
4 C 381 258
0 C 474 421
1 A 555 556
2 D 634 901
3 B 661 650
4 C 142 241
0 D 399 112
1 A 493 490
2 A 7 0
3 C 708 699
4 C 73 54
0 A 97 102
1 D 397 114
2 B 152 135
3 A 868 867
4 D 938 597
0 C 31 96
1 A 378 381
2 D 1018 517
3 C 650 757
4 A 204 203
0 B 187 164
1 D 60 451
2 C 160 223
3 C 100 27
4 A 892 891
0 C 692 715
1 C 805 858
2 B 723 716
3 A 227 228
4 D 27 484
0 C 874 789
1 C 83 44
2 C 378 261
3 A 861 858
4 A 343 336
0 D 511 0
1 B 784 783
2 C 54 73
3 A 950 945
4 A 373 370
0 B 269 274
1 C 396 499
2 D 951 584
3 C 1009 910
4 D 379 132
0 C 397 498
1 B 887 872
2 B 768 799
3 A 400 407
4 A 792 799
0 A 645 642
1 A 949 946
2 C 259 380
3 C 680 727
4 C 319 320
0 A 736 743
1 B 764 739
2 B 321 350
3 B 144 143
4 C 840 823
0 D 194 317
1 D 296 215
2 B 628 619
3 C 13 114
4 C 826 837
0 A 820 819
1 A 237 234
2 B 712 727
3 C 144 239
4 D 710 825
0 A 712 719
1 D 553 982
2 C 538 613
3 C 17 110
4 B 825 806
0 A 502 497
1 A 42 45
2 D 179 332
3 A 788 787
4 D 583 952
0 B 805 826
1 A 939 940
2 B 798 769
3 B 509 482
4 A 899 900
0 D 168 343
1 B 842 853
2 C 468 427
3 A 488 495
4 B 179 172
0 D 432 79
1 C 837 826
2 B 415 384
3 D 45 466
4 D 295 216
0 B 722 717
1 B 191 160
2 A 197 194
3 D 839 696
4 C 602 549
0 A 598 593
1 C 277 362
2 D 649 886
3 D 825 710
4 B 359 376
0 C 77 50
1 B 824 807
2 B 963 988
3 A 988 987
4 B 77 82
0 B 26 5
1 C 653 754
2 A 55 48
3 C 1005 914
4 B 130 157
0 B 204 211
1 B 84 75
2 B 366 369
3 B 834 861
4 A 196 195
0 B 493 498
1 A 316 315
2 C 46 81
3 A 491 492
4 C 76 51
0 C 342 297
1 A 130 133
2 C 662 745
3 A 925 922
4 D 986 549
0 B 70 89
1 D 435 76
2 D 260 251
3 C 188 195
4 C 43 84
0 A 553 558
1 B 780 787
2 B 632 615
3 C 199 184
4 C 482 413
0 A 423 416
1 C 516 635
2 A 785 790
3 D 123 388
4 A 381 378
0 B 392 407
1 D 615 920
2 C 61 66
3 A 252 251
4 C 613 538
0 A 127 120
1 C 47 80
2 D 298 213
3 D 99 412
4 C 878 785
0 B 192 223
1 D 287 224
2 C 949 970
3 C 784 879
4 B 286 257
0 C 824 839
1 B 254 225
2 D 480 31
3 D 954 581
4 A 974 969
0 C 895 768
1 B 236 243
2 D 960 575
3 C 442 453
4 A 203 204
0 B 516 539
1 A 590 585
2 C 351 288
3 C 293 346
4 B 410 389
0 B 881 878
1 B 954 933
2 C 317 322
3 A 494 489
4 D 976 559
0 A 360 367
1 D 372 139
2 C 78 49
3 C 59 68
4 D 205 306
0 C 358 281
1 B 100 123
2 B 44 51
3 D 699 836
4 A 875 876
0 D 861 674
1 D 630 905
2 A 192 199
3 D 454 57
4 B 351 320
0 C 826 837
1 A 922 925
2 D 485 26
3 C 216 167
4 B 918 905
0 C 674 733
1 B 359 376
2 A 122 125
3 D 748 787
4 A 546 549
0 C 21 106
1 D 989 546
2 D 565 970
3 C 293 346
4 B 963 988
0 B 206 209
1 B 348 323
2 C 729 678
3 C 465 430
0 D 708 827
1 C 705 702
2 C 1013 906
3 C 236 147
4 A 532 531
0 A 363 364
1 A 328 335
2 D 888 647
3 C 801 862
0 D 420 91
1 D 739 796
2 C 22 105
3 D 788 747
4 B 183 168
0 B 558 561
1 B 988 963
2 C 997 922
3 A 589 586
4 C 284 355
0 B 876 883
1 D 594 941
2 C 320 319
3 D 542 993
4 D 983 552
0 A 594 597
1 D 805 730
2 B 233 246
3 B 848 847
4 C 247 136
0 B 302 305
1 D 459 52
2 A 875 876
3 D 89 422
4 B 276 267
0 A 210 213
1 D 978 557
2 C 499 396
3 D 436 75
4 D 653 882
0 A 417 422
1 B 157 130
2 D 836 699
3 A 104 111
4 A 58 61
0 C 128 255
1 B 388 411
2 C 594 557
3 B 249 230
4 B 308 299
0 B 65 94
1 D 814 721
2 C 631 520
3 C 960 959
4 C 207 176
0 B 628 619
1 C 512 639
2 B 209 206
3 A 761 766
4 A 422 417
0 B 2 29
1 A 635 636
2 D 38 473
3 B 277 266
0 B 613 634
1 D 87 424
2 C 189 194
0 C 832 831
1 B 643 668
3 A 732 731
2 D 503 8
0 C 202 181
1 C 959 960
2 D 308 203
0 A 408 415
1 B 478 449
3 B 794 773
2 D 44 467
0 A 164 163
1 A 157 154
3 B 841 854
2 C 241 142
0 B 36 59
1 C 813 850
2 C 390 505
0 D 993 542
1 D 15 496
2 C 533 618
0 C 95 32
1 B 701 674
2 D 144 367
0 B 943 944
1 C 361 278
2 D 304 207
0 B 465 462
1 C 938 981
2 C 216 167
0 C 580 571
1 B 597 586
2 B 906 917
3 B 318 289
0 D 960 575
1 C 827 836
2 D 494 17
0 B 586 597
1 C 843 820
2 C 651 756
3 B 28 3
4 B 940 947
0 C 110 17
1 B 507 484
2 C 621 530
3 B 323 348
4 C 594 557
0 B 335 336
1 B 814 817
2 D 36 475
3 B 627 620
4 B 438 425
0 C 718 689
1 B 428 435
2 B 769 798
3 A 843 844
4 A 845 842
0 D 683 852
1 A 193 198
2 D 961 574
3 B 380 355
4 D 134 377
0 C 852 811
1 C 75 52
2 D 476 35
3 D 337 174
4 A 188 187
0 B 755 748
1 D 490 21
2 B 486 505
3 D 134 377
4 A 363 364
0 C 52 75
1 A 798 793
2 A 339 340
3 B 316 291
4 B 178 173
0 B 747 756
1 D 84 427
2 D 36 475
3 A 493 490
4 C 156 227
0 C 139 244
1 A 632 639
2 C 123 4
3 A 872 879
4 C 763 644
0 C 360 279
1 C 611 540
2 B 906 917
3 B 494 497
4 D 793 742
0 C 358 281
1 C 128 255
2 B 790 777
3 B 942 945
4 D 322 189
0 C 133 250
1 A 239 232
2 B 253 226
3 C 769 894
4 A 285 282
0 B 776 791
1 D 57 454
2 D 323 188
3 A 386 389
4 C 167 216
0 C 197 186
1 B 778 789
2 B 599 584
3 D 267 244
4 D 555 980
0 A 864 871
1 D 926 609
2 C 218 165
3 B 801 830
4 A 662 657
0 D 466 45
1 D 992 543
2 A 353 358
3 A 266 269
4 B 104 119
0 C 473 422
1 B 845 850
2 A 230 225
3 A 701 698
4 D 355 156
0 C 333 306
1 B 743 760
2 C 603 548
3 A 978 981
4 D 444 67
0 D 856 679
1 B 647 664
2 B 743 760
3 A 646 641
4 C 258 381
0 C 464 431
1 C 876 787
2 C 893 770
3 C 142 241
0 D 319 192
1 D 19 492
2 C 167 216
3 C 976 943
0 D 685 850
1 C 396 499
2 B 521 534
3 A 738 741
4 C 995 924
0 D 861 674
1 A 939 940
2 D 626 909
3 D 585 950
0 D 373 138
1 D 378 133
2 B 620 627
3 C 25 102
4 D 676 859
0 B 483 508
1 A 584 591
2 B 219 196
3 B 218 197
4 C 61 66
0 D 98 413
1 A 67 68
2 B 224 255
3 A 255 248
4 D 575 960
0 A 209 214
1 A 460 459
2 A 619 620
3 B 195 220
4 C 862 801
0 A 303 296
1 A 287 280
2 B 575 544
3 B 522 533
4 C 715 692
0 A 998 993
1 A 506 509
2 C 875 788
3 D 153 358
0 C 842 821
1 A 18 21
2 C 622 529
3 A 614 609
4 A 588 587
0 A 960 967
1 B 816 815
2 A 520 527
3 B 843 852
4 A 149 146
0 C 849 814
1 C 837 826
2 D 682 853
3 A 484 483
4 C 610 541
0 C 172 211
1 A 872 879
2 C 839 824
3 B 935 952
4 C 22 105
0 C 653 754
1 C 262 377
2 A 405 402
3 C 740 667
4 A 743 736
0 A 29 26
1 B 278 265
2 A 429 426
3 C 545 606
4 A 14 9
0 A 162 165
1 A 407 400
2 A 625 630
3 D 408 103
4 C 572 579
0 B 961 990
1 B 554 565
2 D 733 802
3 C 71 56
4 D 294 217
0 A 923 924
1 C 997 922
2 D 448 63
3 C 587 564
4 B 735 704
0 A 345 350
1 A 494 489
2 D 151 360
3 B 167 184
4 A 808 815
0 C 628 523
1 A 467 468
2 D 302 209
3 C 773 890
4 D 137 374
0 A 108 107
1 B 84 75
2 A 984 991
3 B 271 272
4 C 111 16
0 C 640 767
1 C 79 48
2 B 268 275
3 A 322 325
4 A 826 829
0 C 1020 899
1 D 124 387
2 A 859 860
3 A 523 524
4 C 129 254
0 D 566 969
1 C 1023 896
2 C 223 160
3 B 88 71
4 D 662 873
0 C 269 370
1 B 734 705
2 A 51 52
3 D 601 934
4 C 970 949
0 C 553 598
1 D 310 201
2 C 264 375
3 A 677 674
4 D 925 610
0 B 693 682
1 C 41 86
2 A 753 758
3 B 388 411
4 C 235 148
0 A 841 846
1 A 741 738
2 D 844 691
3 A 954 957
4 A 441 446
0 C 180 203
1 C 289 350
2 D 692 843
3 A 496 503
4 C 750 657
0 A 430 425
1 A 657 662
2 D 341 170
3 B 493 498
4 A 790 785
0 D 701 834
1 B 819 812
2 C 630 521
3 C 665 742
4 C 546 605
0 A 427 428
1 D 656 879
2 C 236 147
3 A 92 91
4 C 209 174
0 B 105 118
1 D 440 71
2 D 796 739
3 C 620 531
4 A 800 807
0 B 886 873
1 B 960 991
2 B 364 371
3 B 127 96
4 D 688 847
0 B 746 757
1 D 249 262
2 B 613 634
3 B 926 897
4 A 454 449
0 D 436 75
1 C 1005 914
2 C 650 757
3 A 88 95
4 C 664 743
0 A 1007 1000
1 D 351 160
2 C 518 633
3 C 351 288
4 D 245 266
0 A 445 442
1 D 912 623
2 A 788 787
3 B 799 768
4 B 502 489
0 C 172 211
1 C 33 94
2 B 666 645
3 D 74 437
0 D 693 842
1 D 586 949
2 B 83 76
3 C 878 785
4 C 822 841
0 B 260 283
1 C 1 126
2 C 945 974
total time of producer and consumer measured by clock(2):
producer takes 1064960000 clicks 1064.959961 seconds.
consumer takes 1123520000 clicks 1123.520020 seconds.
total time of producer and consumer measured by time(2):
producer takes 533.000000 seconds.
consumer takes 562.000000 seconds.

real	9m49.480s
user	19m37.383s
sys	0m0.145s
