0 A 782 777
1 C 53 74
0 D 961 574
1 B 219 196
2 D 809 726
0 B 736 767
1 C 747 660
2 C 819 844
0 A 382 377
1 B 128 159
2 C 230 153
0 D 287 224
1 A 648 655
2 D 721 814
0 C 649 758
1 B 808 823
2 A 350 345
0 D 62 449
1 A 429 426
2 B 918 905
0 B 251 228
1 D 276 235
0 B 950 937
2 C 255 128
1 D 137 374
0 D 73 438
1 B 605 578
2 D 116 395
0 A 130 133
1 C 730 677
2 C 988 931
3 C 642 765
4 C 873 790
0 B 218 197
1 B 291 316
2 D 735 800
3 C 226 157
0 D 599 936
1 C 200 183
2 A 700 699
3 A 353 358
4 D 267 244
0 B 484 507
1 C 849 814
2 B 389 410
3 D 309 202
4 D 813 722
0 C 964 955
1 C 253 130
2 B 425 438
3 C 219 164
4 D 116 395
0 B 112 111
1 C 686 721
2 C 416 479
3 B 537 518
4 B 370 365
0 B 534 521
1 A 821 818
2 D 704 831
3 B 923 900
4 A 531 532
0 D 999 536
1 A 708 707
2 D 702 833
3 C 998 921
0 C 394 501
1 D 337 174
2 B 680 695
3 D 788 747
0 A 898 901
1 B 200 215
2 D 439 72
3 C 1009 910
0 C 628 523
1 D 500 11
2 A 905 910
3 A 101 98
0 D 594 941
1 A 511 504
2 A 717 714
3 B 409 390
0 A 75 76
1 C 742 665
2 B 635 612
3 D 62 449
0 D 823 712
1 D 63 448
2 C 276 363
3 B 539 516
0 B 327 344
1 D 454 57
2 C 119 8
0 C 628 523
1 C 863 800
2 D 306 205
0 D 584 951
1 B 860 835
2 C 505 390
3 D 284 227
0 A 197 194
1 A 604 603
2 C 207 176
3 B 281 262
0 B 841 854
1 A 261 258
2 D 73 438
3 D 1001 534
0 B 121 102
1 D 986 549
2 A 126 121
3 C 385 510
0 A 448 455
1 A 65 70
2 A 426 429
3 B 554 565
4 A 920 927
0 D 545 990
1 A 999 992
2 A 580 579
3 D 85 426
0 D 45 466
1 C 600 551
2 B 696 679
3 C 435 460
0 D 927 608
1 A 560 567
2 B 693 682
3 A 614 609
4 A 371 372
0 D 126 385
1 C 597 554
2 B 161 190
3 B 800 831
4 D 571 964
0 C 925 994
1 A 595 596
2 D 507 4
3 C 466 429
4 A 617 622
0 D 244 267
1 D 324 187
2 D 503 8
3 C 376 263
4 C 765 642
0 A 902 897
1 A 20 19
2 B 873 886
3 D 110 401
4 C 159 224
0 C 112 15
1 C 772 891
2 C 49 78
3 B 349 322
4 C 205 178
0 B 825 806
1 A 56 63
2 B 926 897
3 D 460 51
4 B 62 33
0 C 932 987
1 D 467 44
2 C 309 330
3 B 664 647
4 C 976 943
0 A 139 140
1 C 252 131
2 D 603 932
3 A 116 115
4 A 513 518
0 B 1023 992
1 D 207 304
2 B 864 895
3 C 3 124
4 B 759 744
0 D 604 931
1 A 842 845
2 A 204 203
3 D 115 396
4 A 264 271
0 D 652 883
1 C 536 615
2 B 916 907
3 C 948 971
4 D 168 343
0 D 767 768
1 C 184 199
2 B 800 831
3 D 60 451
4 C 555 596
0 B 981 970
1 A 193 198
2 D 990 545
3 C 964 955
4 D 902 633
0 A 629 626
1 A 465 470
2 D 10 501
3 D 492 19
4 D 62 449
0 C 68 59
1 D 106 405
2 A 287 280
3 A 889 894
4 A 411 412
0 D 459 52
1 C 218 165
2 D 875 660
3 C 509 386
4 A 755 756
0 A 697 702
1 B 659 652
2 C 377 262
3 B 263 280
4 A 701 698
0 B 595 588
1 B 137 150
2 D 432 79
3 C 47 80
4 B 145 142
0 C 564 587
1 D 655 880
2 C 39 88
3 A 192 199
4 C 576 575
0 C 38 89
1 D 308 203
2 C 962 957
3 C 458 437
4 D 82 429
0 C 409 486
1 A 578 581
2 A 575 568
3 C 22 105
4 A 728 735
0 C 817 846
1 A 59 60
2 C 924 995
3 A 796 795
4 C 512 639
0 D 197 314
1 A 587 588
2 A 43 44
3 C 361 278
4 A 841 846
0 A 90 93
1 D 821 714
2 A 167 160
3 B 728 711
4 D 627 908
0 D 498 13
1 D 146 365
2 C 397 498
3 B 561 558
4 C 148 235
0 A 104 111
1 A 757 754
2 C 546 605
3 A 447 440
4 C 578 573
0 B 556 563
1 D 860 675
2 A 170 173
3 A 1007 1000
4 B 164 187
0 D 227 284
1 A 612 611
2 A 126 121
3 A 517 514
4 A 638 633
0 C 321 318
1 D 624 911
2 A 469 466
3 D 147 364
4 A 919 912
0 C 578 573
1 A 97 102
2 B 811 820
3 C 198 185
4 C 79 48
0 C 673 734
1 D 393 118
2 B 712 727
3 C 322 317
4 D 113 398
0 B 94 65
1 A 390 385
2 B 788 779
3 D 17 494
4 D 71 440
0 A 416 423
1 A 631 624
2 C 448 447
3 B 822 809
4 D 928 607
0 B 517 538
1 A 432 439
2 C 640 767
3 D 384 127
4 A 215 208
0 A 665 670
1 D 957 578
2 D 776 759
3 B 601 582
4 C 312 327
0 B 166 185
1 D 639 896
2 A 660 659
3 A 133 130
4 A 681 686
0 D 609 926
1 C 257 382
2 A 922 925
3 C 241 142
4 B 129 158
0 A 327 320
1 C 302 337
2 B 13 18
3 A 210 213
4 C 380 259
0 D 939 596
1 B 868 891
2 A 518 513
3 A 846 841
4 A 230 225
0 B 296 311
1 C 403 492
2 D 706 829
3 D 87 424
0 D 800 735
1 C 117 10
2 C 198 185
3 B 786 781
4 B 782 785
0 A 437 434
1 D 595 940
2 B 57 38
3 B 633 614
4 A 136 143
0 B 181 170
1 B 841 854
2 A 316 315
3 A 408 415
4 C 320 319
0 C 521 630
1 D 136 375
2 B 196 219
3 A 208 215
4 B 868 891
0 A 197 194
1 A 940 939
2 B 526 529
3 B 615 632
4 A 95 88
0 C 224 159
1 D 587 948
2 C 216 167
3 C 738 669
4 D 238 273
0 B 321 350
1 A 936 943
2 B 892 867
3 C 186 197
4 A 144 151
0 A 23 16
1 C 765 642
2 C 72 55
3 D 880 655
0 C 642 765
1 D 604 931
2 A 721 726
3 D 647 888
0 C 744 663
1 A 364 363
2 A 928 935
3 B 411 388
4 A 7 0
0 A 290 293
1 C 842 821
2 B 23 8
3 B 843 852
4 A 406 401
0 B 1019 996
1 B 781 786
2 B 403 396
3 B 84 75
4 A 767 760
0 B 198 217
1 D 154 357
2 B 296 311
3 A 817 822
4 C 290 349
0 A 210 213
1 D 246 265
2 C 719 688
3 A 157 154
4 D 842 693
0 C 416 479
1 D 829 706
2 B 201 214
3 A 896 903
4 D 338 173
0 B 957 930
1 A 483 484
2 C 240 143
3 C 1016 903
4 A 42 45
0 B 420 443
1 A 796 795
2 B 452 475
3 A 831 824
4 D 568 967
0 C 477 418
1 B 849 846
2 A 826 829
3 C 588 563
4 A 509 506
0 B 566 553
1 A 257 262
2 A 670 665
3 A 976 983
4 B 807 824
0 B 565 554
1 A 134 129
2 A 666 669
3 A 105 110
4 B 61 34
0 D 949 586
1 A 998 993
2 C 602 549
3 C 653 754
4 C 169 214
0 B 351 320
1 B 396 403
2 D 1004 531
3 D 957 578
4 D 367 144
0 D 273 238
1 C 309 330
2 A 270 265
3 C 184 199
4 A 632 639
0 B 421 442
1 B 606 577
2 A 934 929
3 D 618 917
4 D 59 452
0 D 924 611
1 D 496 15
2 A 968 975
3 C 262 377
4 A 60 59
0 D 595 940
1 D 542 993
2 B 789 778
3 A 125 122
4 B 971 980
0 D 245 266
1 C 160 223
2 D 88 423
3 B 320 351
4 A 310 305
0 A 86 81
1 C 171 212
2 C 150 233
3 B 328 343
4 B 466 461
0 D 254 257
1 A 805 802
2 B 658 653
3 B 716 723
4 A 327 320
0 B 933 954
1 B 574 545
2 A 190 185
3 A 716 715
4 C 878 785
0 B 644 667
1 C 316 323
2 B 198 217
3 D 592 943
4 B 494 497
0 C 407 488
1 B 654 657
2 D 242 269
3 B 655 656
4 B 276 267
0 B 428 435
1 A 401 406
2 D 895 640
3 C 598 553
4 C 720 687
0 B 253 226
1 D 556 979
2 D 184 327
3 B 115 108
4 C 774 889
0 C 505 390
1 D 39 472
2 C 108 19
3 A 19 20
4 B 873 886
0 B 284 259
1 A 130 133
2 B 21 10
3 C 428 467
4 D 175 336
0 B 392 407
1 B 453 474
2 B 978 973
3 B 114 109
4 B 885 874
0 D 967 568
1 A 19 20
2 D 498 13
3 A 64 71
4 A 789 786
0 D 937 598
1 D 751 784
2 B 309 298
3 C 879 784
4 D 618 917
0 A 919 912
1 B 983 968
2 C 829 834
3 B 138 149
4 D 545 990
0 C 855 808
1 C 497 398
2 D 502 9
3 B 656 655
4 D 203 308
0 C 34 93
1 A 265 270
2 B 737 766
3 C 347 292
4 D 487 24
0 C 814 849
1 D 978 557
2 C 796 867
3 D 504 7
4 A 81 86
0 C 758 649
1 C 109 18
2 B 860 835
3 B 778 789
4 C 386 509
0 D 433 78
1 B 105 118
2 D 277 234
3 B 521 534
4 C 383 256
0 C 937 982
1 A 406 401
2 A 991 984
3 C 215 168
4 C 170 213
0 B 654 657
1 B 16 15
2 A 944 951
3 D 494 17
4 C 353 286
0 C 133 250
1 D 848 687
2 B 273 270
3 A 641 646
4 D 82 429
0 C 577 574
1 D 636 899
2 C 181 202
3 A 153 158
4 C 788 875
0 D 351 160
1 D 88 423
2 C 269 370
3 D 923 612
4 A 517 514
0 B 820 811
1 D 483 28
2 D 248 263
3 D 181 330
4 C 950 969
0 B 259 284
1 C 584 567
2 C 823 840
3 B 880 879
4 A 7 0
0 B 520 535
1 A 739 740
2 D 179 332
3 B 383 352
4 D 937 598
0 D 536 999
1 D 77 434
2 A 74 77
3 D 422 89
0 C 111 16
1 A 457 462
2 D 16 495
3 D 657 878
0 C 820 843
1 C 394 501
2 B 809 822
3 C 370 269
0 D 117 394
1 A 262 257
2 C 863 800
3 B 679 696
4 B 488 503
0 C 183 200
1 C 884 779
2 B 736 767
3 C 322 317
4 B 875 884
0 A 14 9
1 B 497 494
2 D 10 501
3 B 957 930
4 B 450 477
0 B 552 567
1 C 848 815
2 C 215 168
3 B 301 306
0 C 218 165
1 D 816 719
2 D 615 920
3 C 738 669
0 C 820 843
1 C 829 834
2 D 324 187
3 A 534 529
0 C 345 294
1 C 1020 899
2 B 47 48
3 B 250 229
4 B 232 247
0 C 507 388
1 C 106 21
2 A 401 406
3 D 862 673
4 C 623 528
0 C 804 859
1 D 603 932
2 D 615 920
3 C 766 641
4 D 116 395
0 A 162 165
1 C 301 338
2 D 399 112
3 A 627 628
4 D 672 863
0 D 900 635
1 B 86 73
2 C 505 390
3 C 220 163
4 D 714 821
0 C 579 572
1 C 739 668
2 A 971 972
3 C 306 333
4 A 638 633
0 A 918 913
1 C 479 416
2 D 249 262
3 D 644 891
0 D 994 541
1 B 748 755
2 D 371 140
3 B 42 53
4 A 59 60
0 B 658 653
1 B 852 843
2 A 456 463
3 D 439 72
4 B 571 548
0 C 210 173
1 A 506 509
2 D 700 835
3 D 662 873
0 D 672 863
1 B 179 172
2 C 583 568
3 D 102 409
4 B 146 141
0 D 895 640
1 A 984 991
2 D 859 676
3 B 733 706
4 B 737 766
0 D 704 831
1 B 71 88
2 D 23 488
3 A 689 694
4 D 297 214
0 C 246 137
1 B 643 668
2 A 912 919
3 A 291 292
4 C 41 86
0 D 924 611
1 A 847 840
2 D 1010 525
3 A 884 883
4 A 62 57
0 B 157 130
1 C 797 866
2 C 274 365
3 B 795 772
4 B 583 600
0 B 277 266
1 D 774 761
2 D 821 714
3 B 801 830
4 A 427 428
0 D 758 777
1 A 304 311
2 C 846 817
3 B 663 648
4 A 640 647
0 A 351 344
1 B 84 75
2 D 640 895
3 A 694 689
4 D 144 367
0 C 740 667
1 D 159 352
2 A 460 459
3 B 161 190
4 C 852 811
0 B 476 451
1 D 240 271
2 A 562 565
3 D 366 145
0 C 290 349
1 A 779 780
2 C 775 888
3 D 278 233
4 D 94 417
0 B 877 882
1 B 319 288
2 B 982 969
3 C 469 426
4 A 266 269
0 A 292 291
1 C 148 235
2 C 849 814
3 C 396 499
0 C 206 177
1 C 637 514
2 D 405 106
3 A 924 923
4 C 400 495
0 B 641 670
1 D 764 771
2 D 366 145
3 C 658 749
0 C 759 648
1 C 191 192
2 C 200 183
3 C 457 438
0 D 781 754
1 C 315 324
2 D 747 788
3 A 919 912
0 D 788 747
1 C 955 964
2 D 186 325
3 B 61 34
0 D 698 837
1 A 333 330
2 B 792 775
3 C 194 189
4 C 585 566
0 D 762 773
1 A 55 48
2 A 874 877
3 D 179 332
0 A 655 648
1 B 108 115
2 D 89 422
3 C 969 950
0 D 124 387
1 C 448 447
2 C 464 431
3 D 213 298
0 B 1019 996
1 A 491 492
2 B 384 415
4 D 776 759
0 D 78 433
1 A 502 497
2 A 183 176
3 A 721 726
4 D 146 365
0 C 977 942
1 D 797 738
2 A 623 616
3 A 401 406
4 C 463 432
0 C 83 44
1 B 552 567
2 C 421 474
3 A 728 735
4 A 48 55
0 B 283 260
1 D 681 854
2 D 182 329
3 C 471 424
0 C 675 732
1 B 258 285
2 B 105 118
3 B 297 310
4 D 167 344
0 C 171 212
1 A 574 569
2 B 117 106
3 B 235 244
4 B 337 334
0 B 166 185
1 B 487 504
2 D 281 230
3 D 12 499
0 D 755 780
1 A 58 61
2 A 66 69
3 C 243 140
0 D 691 844
1 C 726 681
2 C 862 801
3 C 254 129
0 A 827 828
1 D 948 587
2 D 284 227
0 D 495 16
1 C 373 266
3 D 572 963
0 B 787 780
2 D 123 388
0 A 929 934
1 D 206 305
2 D 660 875
3 C 680 727
0 A 741 738
1 D 808 727
2 A 864 871
3 C 851 812
0 B 637 610
1 C 30 97
2 B 597 586
3 D 641 894
0 A 362 365
1 D 381 130
2 A 477 474
3 D 772 763
0 A 355 356
1 A 471 464
2 C 155 228
3 A 55 48
0 D 982 553
1 A 658 661
2 D 318 193
3 A 170 173
0 A 440 447
1 C 661 746
2 B 21 10
3 B 186 165
0 D 553 982
1 D 614 921
2 B 240 239
3 D 462 49
0 C 523 628
1 C 829 834
2 B 613 634
3 D 491 20
0 A 440 447
1 B 508 483
2 B 515 540
3 C 923 996
0 A 806 801
1 C 964 955
2 D 487 24
3 C 680 727
0 B 989 962
1 D 865 670
2 D 287 224
0 D 185 326
1 B 729 710
2 A 929 934
3 D 437 74
0 B 29 2
1 D 922 613
2 B 515 540
3 C 934 985
0 C 929 990
1 B 622 625
2 A 264 271
3 B 262 281
0 A 176 183
1 D 935 600
2 A 818 821
3 A 598 593
0 A 970 973
1 A 246 241
2 A 665 670
3 A 760 767
0 A 161 166
1 D 215 296
2 A 998 993
0 D 474 37
1 B 446 417
2 A 958 953
3 D 510 1
0 B 911 912
1 B 903 920
2 A 748 747
3 A 363 364
0 C 86 41
1 D 625 910
2 A 637 634
0 B 909 914
3 D 140 371
1 C 520 631
2 B 904 919
3 B 362 373
0 A 40 47
1 A 601 606
2 C 381 258
0 B 109 114
1 C 816 847
2 B 417 446
0 C 679 728
1 D 1011 524
2 B 142 145
0 A 550 545
3 C 197 186
0 B 688 687
1 B 986 965
2 C 495 400
0 B 83 76
1 A 188 187
2 A 659 660
3 B 370 365
0 D 20 491
1 C 480 415
2 B 228 251
0 A 721 726
3 C 104 23
1 C 478 417
2 A 565 562
0 A 265 270
3 D 51 460
0 B 928 959
1 A 813 810
2 D 1000 535
0 C 625 526
1 A 785 790
2 D 323 188
0 A 29 26
1 A 318 313
2 A 151 144
3 A 635 636
0 B 854 841
1 C 683 724
2 D 217 294
0 C 364 275
1 A 571 572
2 B 349 322
3 C 47 80
0 A 61 58
1 B 247 232
2 D 455 56
0 B 503 488
1 B 193 222
3 B 909 914
2 C 503 392
0 D 127 384
1 C 126 1
2 A 714 717
0 C 798 865
1 D 400 111
2 B 61 34
0 A 518 513
3 D 352 159
1 A 509 506
0 B 248 231
2 D 655 880
1 A 45 42
0 A 923 924
2 D 736 799
1 C 100 27
0 D 956 579
2 D 84 427
1 A 894 889
0 C 890 773
2 D 602 933
1 C 15 112
0 C 366 273
2 A 957 954
1 A 6 1
0 D 461 50
2 C 791 872
1 C 666 741
0 C 354 285
2 C 710 697
1 D 855 680
0 C 807 856
2 C 149 234
1 D 318 193
0 A 591 584
2 C 740 667
1 D 851 684
0 A 450 453
2 D 932 603
0 D 213 298
1 A 535 528
2 C 859 804
0 B 665 646
1 C 73 54
2 D 28 483
0 C 26 101
1 A 783 776
2 C 484 411
0 A 398 393
1 A 212 211
2 C 218 165
0 B 933 954
1 B 112 111
2 C 1015 904
0 D 440 71
1 D 1020 515
0 D 241 270
1 C 881 782
2 C 668 739
0 C 562 589
1 B 465 462
2 A 873 878
0 B 641 670
1 B 605 578
2 A 883 884
0 D 609 926
1 C 279 360
2 C 276 363
0 D 142 369
1 A 613 610
2 B 328 343
0 A 992 999
1 B 695 680
2 A 747 748
0 C 28 99
1 D 559 976
0 B 403 396
2 C 378 261
1 A 685 682
0 C 843 820
2 C 275 364
1 A 366 361
0 D 997 538
1 A 646 641
2 C 728 679
0 B 89 70
1 C 844 819
2 C 625 526
0 B 316 291
1 C 634 517
2 C 527 624
0 D 387 124
1 D 773 762
0 C 836 827
2 A 238 233
1 B 727 712
0 B 987 964
2 D 370 141
0 D 362 149
1 D 124 387
0 C 843 820
2 B 252 227
1 C 1009 910
0 D 482 29
1 B 3 28
2 B 606 577
0 D 505 6
1 B 735 704
2 A 283 284
0 C 276 363
1 B 968 983
2 A 573 570
0 C 293 346
1 B 264 279
2 D 207 304
0 C 338 301
1 D 9 502
2 A 678 673
0 A 825 830
1 D 573 962
0 C 663 744
2 B 451 476
1 A 244 243
0 C 423 472
2 D 805 730
0 B 478 449
1 D 262 249
2 D 88 423
0 A 928 935
1 A 391 384
2 B 479 448
0 C 199 184
1 B 898 925
2 A 75 76
0 D 660 875
1 C 209 174
2 A 996 995
0 A 448 455
1 A 462 457
2 D 657 878
0 B 933 954
1 D 395 116
2 C 246 137
0 D 787 748
1 C 697 710
2 C 998 921
0 D 627 908
1 A 916 915
2 B 293 314
3 B 598 585
0 A 573 570
1 C 33 94
2 D 52 459
0 D 392 119
1 A 345 350
2 A 527 520
3 A 708 707
0 C 99 28
1 C 842 821
2 A 308 307
3 D 599 936
0 A 846 841
1 B 755 748
2 C 744 663
3 B 372 363
0 A 580 579
1 B 97 126
2 C 639 512
3 B 215 200
0 A 301 298
1 D 995 540
2 A 751 744
3 B 67 92
0 C 727 680
1 D 953 582
2 D 592 943
0 A 528 535
1 C 181 202
3 C 852 811
0 B 693 682
1 B 6 25
2 C 995 924
3 B 954 933
0 B 94 65
1 B 348 323
2 B 175 176
3 D 880 655
0 B 148 139
1 B 246 233
2 D 27 484
0 A 217 222
1 B 519 536
2 A 478 473
3 A 17 22
0 C 729 678
1 B 158 129
2 B 103 120
3 C 712 695
0 C 999 920
1 C 947 972
2 C 306 333
0 B 268 275
1 C 764 643
2 D 299 212
0 B 949 938
1 A 856 863
3 A 879 872
2 C 330 309
0 D 99 412
1 D 366 145
2 A 146 149
3 A 327 320
0 A 630 625
1 A 718 713
2 C 694 713
0 B 892 867
1 C 473 422
2 A 623 616
0 A 366 361
3 C 230 153
0 B 456 471
1 A 659 660
2 D 878 657
0 B 172 179
1 C 197 186
2 D 510 1
0 C 766 641
1 C 503 392
2 B 438 425
0 C 117 10
1 B 383 352
2 D 888 647
0 B 436 427
1 C 156 227
2 B 577 606
0 A 862 857
3 C 447 448
1 A 106 109
0 D 338 173
2 C 515 636
1 C 683 724
0 D 12 499
1 A 522 525
2 A 746 749
3 B 865 894
0 A 31 24
1 C 551 600
2 D 209 302
0 C 713 694
1 D 357 154
2 C 1002 917
0 D 221 290
1 B 974 977
2 C 981 938
0 C 406 489
1 C 53 74
2 C 445 450
0 B 395 404
1 C 187 196
2 C 776 887
0 A 436 435
1 A 872 879
2 B 86 73
3 A 884 883
0 C 589 562
1 B 828 803
2 C 450 445
0 C 323 316
1 A 213 210
2 D 358 153
0 D 792 743
1 A 539 540
2 B 714 725
3 B 126 97
0 D 152 359
1 B 748 755
2 C 762 645
0 C 871 792
1 C 611 540
2 C 694 713
0 C 439 456
1 A 56 63
2 D 564 971
0 A 108 107
1 C 366 273
2 C 869 794
0 C 164 219
1 C 76 51
2 A 825 830
0 D 983 552
1 C 23 104
2 B 678 697
3 B 521 534
0 B 48 47
1 C 827 836
2 C 715 692
0 C 757 650
1 D 450 61
2 D 748 787
0 B 966 985
1 D 47 464
2 C 950 969
0 A 128 135
1 D 437 74
2 D 777 758
0 B 655 656
1 C 308 331
2 C 811 852
0 B 985 966
1 D 416 95
2 A 37 34
3 B 519 536
4 D 623 912
0 B 922 901
1 B 814 817
2 C 582 569
3 C 288 351
0 D 781 754
1 D 980 555
2 D 32 479
0 D 163 348
1 B 212 203
2 A 198 193
3 D 893 642
0 D 266 245
1 B 721 718
2 B 619 628
3 B 344 327
4 B 476 451
0 A 744 751
1 B 451 476
2 C 409 486
3 A 692 691
0 C 237 146
1 D 23 488
2 B 149 138
3 D 405 106
0 B 965 986
1 B 545 574
2 C 504 391
3 A 89 94
0 D 127 384
1 C 1012 907
2 D 840 695
3 B 349 322
0 A 130 133
1 C 419 476
2 C 188 195
3 C 71 56
0 D 644 891
1 A 674 677
2 B 378 357
3 D 563 972
0 B 752 751
1 D 785 750
2 D 574 961
0 D 393 118
1 A 976 983
2 B 935 952
3 C 61 66
0 A 543 536
1 B 731 708
2 B 936 951
3 D 442 69
4 A 459 460
0 A 886 881
1 D 704 831
2 B 719 720
3 D 69 442
0 B 138 149
1 A 996 995
2 D 77 434
3 A 465 470
0 B 937 950
1 A 535 528
4 C 925 994
0 A 740 739
1 B 729 710
2 D 1021 514
3 A 488 495
0 A 101 98
1 A 48 55
2 A 121 126
3 D 348 163
0 C 5 122
1 B 631 616
2 B 214 201
3 A 213 210
0 A 259 260
1 A 488 495
2 B 680 695
3 A 145 150
0 C 25 102
1 C 657 750
2 C 568 583
3 B 268 275
0 B 459 468
1 C 78 49
2 B 456 471
3 D 547 988
0 C 132 251
1 A 966 961
2 D 997 538
3 D 629 906
0 B 296 311
1 C 521 630
2 A 40 47
3 A 95 88
0 D 393 118
1 B 485 506
2 B 865 894
3 D 14 497
0 A 926 921
1 C 638 513
2 B 436 427
3 B 770 797
0 C 861 802
1 B 0 31
2 A 337 342
3 B 773 794
4 A 175 168
0 C 627 524
1 C 357 282
2 A 621 618
3 B 981 970
4 C 729 678
0 B 218 197
1 C 265 374
2 A 394 397
3 A 226 229
0 C 17 110
1 C 832 831
2 D 345 166
3 A 761 766
0 C 593 558
1 B 450 477
2 D 49 462
3 D 729 806
0 D 442 69
1 C 995 924
2 A 904 911
3 B 42 53
0 C 585 566
1 C 218 165
2 B 303 304
3 D 397 114
0 C 214 169
1 D 59 452
2 C 259 380
3 D 612 923
0 C 466 429
1 A 227 228
2 B 832 863
3 A 826 829
4 A 658 661
0 C 749 658
1 A 944 951
2 C 921 998
3 D 832 703
0 C 563 588
1 B 817 814
2 B 197 218
3 C 919 1000
0 D 194 317
1 D 883 652
2 D 768 767
3 D 273 238
0 C 318 321
1 C 797 866
2 A 426 429
3 B 617 630
0 C 367 272
1 A 518 513
2 B 121 102
3 B 679 696
4 A 923 924
0 B 659 652
1 B 632 615
2 B 378 357
3 B 238 241
4 B 184 167
0 A 287 280
1 D 553 982
2 B 482 509
3 A 882 885
0 C 787 876
1 C 20 107
2 A 561 566
3 D 805 730
0 C 1011 908
1 D 407 104
2 B 345 326
3 C 676 731
0 A 452 451
1 C 563 588
2 C 703 704
3 D 609 926
0 A 505 510
1 A 119 112
2 C 480 415
3 C 262 377
0 B 563 556
1 D 699 836
2 B 623 624
3 B 20 11
0 C 947 972
1 A 759 752
2 A 325 322
3 C 455 440
0 B 182 169
1 D 510 1
2 C 154 229
3 B 646 665
0 B 162 189
1 C 542 609
2 A 882 885
3 A 834 837
0 D 430 81
1 C 371 268
2 B 19 12
3 C 199 184
0 D 912 623
1 B 648 663
2 B 545 574
3 C 473 422
0 A 969 974
1 C 268 371
2 C 283 356
0 D 433 78
1 C 818 845
2 C 578 573
3 B 672 703
0 A 956 955
1 D 543 992
2 C 10 117
3 B 566 553
0 B 705 734
1 A 103 96
2 D 755 780
3 B 908 915
0 B 832 863
1 C 878 785
2 D 752 783
0 C 236 147
1 B 362 373
2 B 814 817
3 B 660 651
0 C 449 446
1 C 80 47
2 B 696 679
3 C 267 372
0 D 635 900
1 A 426 429
2 B 631 616
3 B 726 713
4 C 981 938
0 A 322 325
1 B 332 339
2 A 610 613
3 D 934 601
4 D 256 255
0 C 641 766
1 A 869 866
2 A 67 68
3 D 898 637
4 A 266 269
0 A 309 306
1 B 871 888
2 C 825 838
3 B 745 758
4 D 4 507
0 D 925 610
1 B 462 465
2 A 393 398
3 D 717 818
4 D 70 441
0 A 436 435
1 C 962 957
2 D 707 828
3 D 487 24
0 C 360 279
1 A 169 174
2 D 146 365
3 D 761 774
0 D 757 778
1 A 639 632
2 D 205 306
3 C 622 529
0 C 931 988
1 C 16 111
2 C 970 949
3 C 800 863
0 D 39 472
1 D 877 658
2 A 501 498
3 D 658 877
0 A 623 616
1 B 829 802
2 A 989 986
3 D 716 819
4 A 71 64
0 D 409 102
1 D 343 168
2 D 632 903
3 B 866 893
0 D 789 746
1 B 805 826
2 C 797 866
3 B 748 755
4 B 578 605
0 D 862 673
1 A 914 917
2 C 534 617
3 D 873 662
0 A 56 63
1 A 77 74
2 A 284 283
3 B 288 319
4 C 68 59
0 C 330 309
1 B 279 264
2 D 628 907
3 B 137 150
0 A 424 431
1 B 107 116
2 B 412 387
4 C 431 464
0 A 141 138
1 B 56 39
2 B 855 840
3 C 249 134
0 C 54 73
1 A 225 230
2 B 741 762
3 C 550 601
0 C 1000 919
1 B 832 863
2 D 378 133
3 B 203 212
0 A 590 585
1 A 50 53
2 A 488 495
4 C 698 709
0 B 233 246
1 B 979 972
2 D 451 60
3 B 344 327
4 A 123 124
0 A 460 459
1 A 648 655
2 B 188 163
3 C 144 239
4 D 674 861
0 A 441 446
1 C 46 81
2 D 184 327
3 D 212 299
0 C 935 984
1 B 585 598
2 D 229 282
3 A 937 942
4 C 322 317
0 C 70 57
1 D 995 540
2 B 635 612
3 A 986 989
4 B 324 347
0 D 21 490
1 B 28 3
2 D 775 760
3 A 383 376
4 D 837 698
0 B 144 143
1 D 315 196
2 B 936 951
3 D 860 675
4 C 227 156
0 B 83 76
1 B 75 84
2 B 163 188
3 A 105 110
4 A 706 709
0 A 754 757
1 A 572 571
2 D 910 625
3 B 644 667
4 B 412 387
0 C 281 358
1 B 417 446
2 D 826 709
3 D 496 15
4 B 185 166
0 B 188 163
1 A 536 543
2 D 739 796
3 B 113 110
4 B 702 673
0 A 41 46
1 D 4 507
2 A 846 841
3 B 223 192
4 B 244 235
0 C 385 510
1 D 508 3
2 B 722 717
3 A 987 988
4 D 382 129
0 D 266 245
1 D 353 158
2 D 950 585
3 B 64 95
0 D 869 666
1 D 400 111
2 A 796 795
3 D 841 694
0 D 118 393
1 D 153 358
2 A 215 208
3 C 1001 918
4 A 191 184
0 C 798 865
1 D 917 618
2 D 945 590
3 B 978 973
4 D 63 448
0 B 605 578
1 D 768 767
2 B 901 922
3 C 461 434
4 B 837 858
0 C 807 856
1 C 664 743
2 A 799 792
3 A 159 152
4 C 784 879
0 D 362 149
1 A 748 747
2 C 477 418
3 A 133 130
4 C 852 811
0 A 127 120
1 C 155 228
2 C 833 830
3 D 939 596
4 A 250 253
0 A 292 291
1 C 496 399
2 D 113 398
3 B 383 352
4 A 309 306
0 C 702 705
1 C 956 963
2 A 481 486
3 B 821 810
4 A 110 105
0 B 510 481
1 B 588 595
2 A 94 89
3 C 748 659
4 A 713 718
0 B 387 412
1 C 376 263
2 B 359 376
3 C 557 594
4 C 19 108
0 A 779 780
1 C 229 154
2 C 923 996
3 A 315 316
4 D 251 260
0 A 229 226
1 A 597 594
2 C 41 86
3 C 502 393
0 A 848 855
1 C 833 830
2 D 163 348
3 B 928 959
0 C 191 192
1 A 256 263
2 A 907 908
3 D 1 510
4 C 946 973
0 A 171 172
1 C 843 820
2 D 476 35
3 B 164 187
4 A 876 875
0 C 772 891
1 B 204 211
2 A 182 177
3 D 590 945
0 A 291 292
1 C 475 420
2 B 433 430
4 C 410 485
0 C 706 701
1 D 155 356
2 C 750 657
3 B 8 23
0 D 61 450
1 D 944 591
2 A 450 453
3 C 605 546
0 C 767 640
1 B 609 638
2 B 926 897
3 A 901 898
4 B 186 165
0 C 880 783
1 B 833 862
2 D 270 241
3 C 176 207
0 B 840 855
1 D 315 196
2 C 282 357
3 C 480 415
0 A 223 216
1 C 180 203
2 D 509 2
3 B 856 839
0 B 213 202
1 C 472 423
2 B 163 188
4 A 90 93
0 A 907 908
1 B 586 597
3 D 139 372
0 B 84 75
1 C 780 883
2 D 446 65
3 C 886 777
0 D 417 94
1 C 442 453
2 C 733 674
3 C 742 665
0 A 314 317
1 A 442 445
2 D 191 320
3 D 797 738
0 D 404 107
1 A 555 556
2 A 604 603
3 A 724 723
4 D 987 548
0 B 67 92
1 A 281 286
2 B 733 706
3 A 791 784
4 C 309 330
0 C 893 770
1 B 890 869
2 C 982 937
3 C 848 815
0 C 925 994
1 A 889 894
2 C 1006 913
3 A 775 768
0 B 896 927
1 D 950 585
2 D 405 106
3 C 727 680
0 A 886 881
1 B 899 924
2 D 20 491
3 D 240 271
0 D 860 675
1 A 848 855
2 C 978 941
3 B 761 742
0 B 804 827
1 D 1008 527
2 B 849 846
3 D 39 472
0 D 364 147
1 C 83 44
2 B 607 576
3 A 188 187
0 C 418 477
1 C 266 373
2 B 227 252
3 B 82 77
0 C 1012 907
1 D 65 446
2 B 77 82
3 D 839 696
0 B 269 274
1 C 858 805
2 C 665 742
0 C 573 578
1 D 426 85
2 A 305 310
3 C 154 229
0 A 262 257
1 A 75 76
2 A 754 757
3 A 75 76
0 A 530 533
1 D 976 559
2 B 362 373
3 D 542 993
0 A 769 774
1 C 666 741
2 B 229 250
3 D 4 507
0 C 60 67
1 A 931 932
2 B 904 919
3 C 490 405
0 D 567 968
1 C 355 284
2 C 636 515
0 D 795 740
1 A 890 893
2 A 328 335
3 C 764 643
0 A 316 315
1 A 351 344
2 D 85 426
0 D 726 809
1 B 209 206
2 C 316 323
3 A 790 785
0 D 336 175
1 A 240 247
2 D 14 497
3 B 790 777
0 A 233 238
1 B 337 334
2 A 341 338
3 A 428 427
0 B 30 1
1 C 74 53
2 C 710 697
0 D 125 386
1 D 969 566
2 B 188 163
0 D 339 172
1 C 245 138
2 C 269 370
0 A 209 214
3 D 152 359
1 D 656 879
2 A 354 357
3 B 222 193
0 B 250 229
1 A 778 781
2 A 878 873
3 D 643 892
0 B 317 290
1 C 41 86
2 C 277 362
0 B 886 873
1 B 67 92
3 C 20 107
0 A 726 721
1 B 223 192
2 B 165 186
3 C 972 947
0 C 634 517
1 B 255 224
2 C 693 714
0 C 858 805
1 C 673 734
2 C 755 652
0 B 20 11
1 D 473 38
2 A 429 426
0 C 549 602
1 C 246 137
2 C 787 876
0 D 794 741
1 C 569 582
2 B 897 926
0 B 952 935
3 D 441 70
1 C 685 722
0 B 858 837
2 D 918 617
0 B 452 475
1 A 104 111
3 D 688 847
0 A 942 937
1 C 9 118
2 C 1020 899
0 A 460 459
1 A 385 390
2 B 372 363
3 B 166 185
0 C 132 251
1 A 604 603
2 B 638 609
3 C 822 841
0 C 761 646
1 D 166 345
2 D 546 989
3 C 955 964
0 B 48 47
1 B 210 205
2 D 93 418
3 C 988 931
0 B 903 920
1 D 145 366
2 A 895 888
3 A 480 487
0 D 637 898
1 D 595 940
2 A 581 578
3 C 60 67
0 D 871 664
1 D 255 256
2 A 191 184
3 C 652 755
0 A 506 509
1 A 536 543
2 A 403 404
3 D 595 940
4 B 455 472
0 D 918 617
1 A 196 195
2 C 103 24
3 C 230 153
0 D 466 45
1 C 560 591
2 A 457 462
3 C 781 882
0 A 960 967
1 C 856 807
2 C 564 587
3 C 486 409
0 C 14 113
1 C 362 277
2 C 210 173
3 B 191 160
0 C 891 772
1 D 689 846
2 B 818 813
3 C 331 308
0 B 523 532
1 D 185 326
2 B 56 39
3 A 74 77
4 C 978 941
0 B 117 106
1 D 889 646
2 A 948 947
3 A 5 2
4 C 454 441
0 B 166 185
1 B 649 662
2 A 490 493
3 B 573 546
0 D 930 605
1 C 718 689
2 C 751 656
0 C 976 943
1 B 200 215
3 C 3 124
2 D 967 568
0 D 815 720
1 B 943 944
2 B 898 925
3 A 204 203
0 A 816 823
1 B 757 746
2 B 691 684
3 B 101 122
0 B 48 47
1 D 22 489
2 B 648 663
3 D 381 130
0 A 389 386
1 B 985 966
2 D 75 436
3 D 77 434
0 C 354 285
1 C 1016 903
2 B 178 173
3 D 1004 531
0 A 202 205
1 A 431 424
2 B 91 68
3 D 671 864
0 A 751 744
1 B 357 378
2 D 100 411
0 B 412 387
1 A 661 658
3 D 782 753
0 B 76 83
1 A 129 134
2 C 142 241
3 A 864 871
0 D 5 506
1 D 641 894
2 B 869 890
3 D 30 481
4 B 375 360
0 B 461 466
1 B 320 351
2 B 652 659
3 D 432 79
4 C 430 465
0 D 499 12
1 D 577 958
2 C 268 371
3 A 382 377
4 A 408 415
0 B 987 964
1 D 247 264
2 B 308 299
3 D 570 965
4 D 673 862
0 B 738 765
1 C 551 600
2 D 640 895
3 A 521 526
4 C 243 140
0 D 110 401
1 D 344 167
2 C 949 970
3 D 422 89
4 C 1011 908
0 D 17 494
1 C 114 13
2 B 794 773
3 C 883 780
4 A 205 202
0 A 93 90
1 D 332 179
2 D 651 884
3 C 922 997
4 C 824 839
0 C 884 779
1 D 3 508
2 B 806 825
3 B 955 932
4 A 544 551
0 D 1006 529
1 A 349 346
2 C 254 129
3 C 186 197
4 A 267 268
0 A 120 127
1 D 496 15
2 C 822 841
3 D 17 494
4 C 309 330
0 B 66 93
1 C 861 802
2 A 279 272
3 B 628 619
4 A 796 795
0 D 266 245
1 A 102 97
2 D 224 287
3 D 496 15
0 D 394 117
1 A 700 699
2 A 461 458
3 C 320 319
4 B 418 445
0 D 387 124
1 C 707 700
2 D 590 945
3 C 351 288
0 C 495 400
1 D 988 547
2 D 421 90
3 A 261 258
4 D 875 660
0 C 10 117
1 B 336 335
2 C 853 810
3 A 131 132
4 C 936 983
0 D 307 204
1 D 666 869
2 D 307 204
3 C 961 958
0 C 787 876
1 D 114 397
2 D 103 408
3 D 628 907
4 C 857 806
0 A 107 108
1 A 184 191
2 D 434 77
3 C 650 757
4 B 765 738
0 B 131 156
1 A 312 319
2 B 668 643
3 B 18 13
4 C 281 358
0 D 492 19
1 C 975 944
2 A 420 419
3 A 820 819
4 B 547 572
0 A 394 397
1 A 655 648
2 C 42 85
3 B 693 682
4 B 938 949
0 B 291 316
1 A 983 976
2 C 350 289
3 D 95 416
4 C 84 43
0 A 63 56
1 A 362 365
2 A 506 509
3 C 650 757
4 A 179 180
0 C 433 462
1 D 561 974
2 B 62 33
3 B 144 143
4 B 590 593
0 A 965 962
1 D 150 361
2 C 734 673
3 C 775 888
0 B 405 394
1 C 205 178
2 B 753 750
3 C 209 174
4 A 754 757
0 D 927 608
1 D 393 118
2 D 565 970
3 C 405 490
4 C 782 881
0 A 644 643
1 B 904 919
2 A 54 49
3 D 851 684
4 C 893 770
0 A 300 299
1 B 971 980
2 A 630 625
3 C 864 799
4 A 243 244
0 B 479 448
1 D 32 479
2 B 57 38
3 B 671 640
0 D 419 92
1 C 925 994
2 C 323 316
3 A 286 281
0 D 342 169
1 C 993 926
2 D 668 867
3 C 706 701
0 D 134 377
1 B 168 183
2 B 245 234
3 B 195 220
4 C 697 710
0 C 862 801
1 A 243 244
2 A 423 416
3 C 812 851
4 D 190 321
0 A 817 822
1 A 51 52
2 A 481 486
3 A 640 647
4 C 886 777
0 A 923 924
1 C 232 151
2 A 303 296
3 A 275 276
0 C 57 70
1 D 864 671
2 B 516 539
3 A 675 676
4 B 928 959
0 A 255 248
1 C 482 413
2 B 513 542
3 C 27 100
0 D 51 460
1 C 100 27
2 C 652 755
3 D 164 347
0 C 157 226
1 C 14 113
2 A 98 101
3 A 594 597
4 C 714 693
0 B 684 691
1 A 413 410
2 D 467 44
3 B 851 844
4 D 629 906
0 A 812 811
1 D 35 476
2 D 809 726
3 D 143 368
4 D 75 436
0 B 942 945
1 B 484 507
2 C 427 468
3 D 231 280
4 C 458 437
0 A 764 763
1 C 884 779
2 D 660 875
3 C 99 28
0 C 372 267
1 D 772 763
2 A 726 721
4 D 772 763
0 C 738 669
1 C 600 551
2 D 921 614
3 D 273 238
4 B 127 96
0 A 32 39
1 B 962 989
2 C 626 525
3 B 480 511
4 B 869 890
0 C 705 702
1 B 248 231
2 C 55 72
3 C 775 888
4 A 596 595
0 A 348 347
1 C 296 343
2 D 930 605
3 B 314 293
4 A 845 842
0 C 488 407
1 C 127 0
2 B 1018 997
3 A 220 219
4 D 380 131
0 C 600 551
1 A 280 287
2 B 635 612
3 B 548 571
4 C 508 387
0 D 216 295
1 A 492 491
2 D 717 818
3 A 60 59
4 C 381 258
0 B 336 335
1 C 142 241
2 B 177 174
3 A 942 937
4 B 535 520
0 A 733 730
1 B 382 353
2 B 37 58
3 D 802 733
4 C 562 589
0 D 82 429
1 D 209 302
2 B 1019 996
3 D 452 59
0 C 347 292
1 C 780 883
2 D 323 188
3 D 834 701
0 D 668 867
1 B 396 403
2 A 641 646
3 D 353 158
4 B 448 479
0 C 666 741
1 A 185 190
2 A 532 531
3 D 546 989
4 B 304 303
0 C 124 3
1 C 121 6
2 A 767 760
3 C 492 403
0 C 523 628
1 A 347 348
2 B 135 152
3 C 963 956
4 D 915 620
0 B 812 819
1 A 581 578
2 A 821 818
3 A 382 377
4 A 945 950
0 A 22 17
1 A 427 428
2 A 832 839
3 B 617 630
4 A 257 262
0 C 676 731
1 D 957 578
2 D 926 609
3 A 514 517
0 D 115 396
1 B 613 634
2 A 974 969
3 A 964 963
4 D 735 800
0 D 106 405
1 B 123 100
2 A 65 70
3 B 548 571
4 B 361 374
0 A 713 718
1 B 421 442
2 C 325 314
3 B 530 525
4 A 278 273
0 A 506 509
1 A 573 570
2 B 261 282
3 A 520 527
4 A 790 785
0 B 61 34
1 C 77 50
2 D 502 9
3 C 703 704
0 D 265 246
1 D 294 217
2 D 641 894
3 D 810 725
0 B 467 460
1 A 278 273
2 D 560 975
3 A 522 525
4 A 110 105
0 C 513 638
1 C 789 874
2 C 466 429
3 D 688 847
0 A 651 652
1 A 456 463
2 D 645 890
3 C 301 338
0 C 801 862
1 C 711 696
2 D 142 369
3 C 950 969
0 D 417 94
1 C 252 131
2 B 1 30
3 A 898 901
4 B 414 385
0 B 892 867
1 C 635 516
2 C 156 227
3 D 92 419
0 B 579 604
1 D 589 946
2 C 401 494
3 B 53 42
4 D 451 60
0 A 644 643
1 C 204 179
2 B 904 919
3 A 600 607
4 B 198 217
0 A 592 599
1 C 660 747
2 B 986 965
3 C 605 546
0 D 189 322
1 B 781 786
2 C 51 76
3 D 656 879
0 D 876 659
1 D 762 773
2 D 157 354
3 B 440 423
4 A 802 805
0 A 396 395
1 B 830 801
2 D 18 493
3 C 387 508
0 D 727 808
1 B 342 329
2 D 233 278
3 D 222 289
0 C 991 928
1 B 991 960
2 A 128 135
4 D 52 459
0 D 0 511
1 B 795 772
2 B 701 674
3 C 870 793
4 C 83 44
0 D 212 299
1 B 818 813
2 A 37 34
3 B 70 89
4 C 592 559
0 D 124 387
1 A 174 169
2 B 895 864
3 C 490 405
4 A 559 552
0 C 199 184
1 D 4 507
2 C 959 960
3 D 317 194
0 C 494 401
1 C 544 607
2 B 132 155
3 C 782 881
4 A 603 604
0 B 541 514
1 A 183 176
2 D 807 728
3 B 480 511
0 B 333 338
1 D 493 18
2 D 698 837
3 D 699 836
0 B 783 784
1 B 1016 999
2 C 927 992
4 D 602 933
0 A 577 582
1 A 80 87
2 B 195 220
3 B 844 851
4 C 925 994
0 A 546 549
1 A 478 473
2 C 939 980
3 B 757 746
4 B 637 610
0 B 552 567
1 D 347 164
2 C 838 825
3 D 274 237
0 D 847 688
1 B 858 837
2 B 142 145
3 B 946 941
4 D 8 503
0 A 928 935
1 C 716 691
2 A 671 664
3 C 203 180
0 C 800 863
1 C 15 112
2 C 634 517
3 C 742 665
0 D 229 282
1 B 176 175
2 B 475 452
3 D 759 776
0 B 297 310
1 D 761 774
2 B 136 151
3 D 989 546
0 B 747 756
1 C 29 98
2 D 954 581
3 C 860 803
0 D 684 851
1 C 823 840
2 A 921 926
3 B 58 37
0 D 941 594
1 C 283 356
2 C 945 974
3 C 1001 918
0 D 635 900
1 D 271 240
2 D 546 989
0 D 381 130
1 A 338 341
2 B 745 758
3 B 977 974
4 B 936 951
0 A 273 278
1 A 636 635
2 D 947 588
3 A 828 827
0 C 594 557
1 A 913 918
2 C 535 616
3 B 111 112
0 A 755 756
1 B 791 776
2 B 2 29
3 D 852 683
0 D 657 878
1 A 262 257
2 A 448 455
3 A 587 588
0 B 458 469
1 A 197 194
2 B 1017 998
3 D 706 829
0 D 250 261
1 D 425 86
2 A 306 309
3 C 538 613
0 D 599 936
1 C 545 606
2 C 309 330
3 D 629 906
0 B 1022 993
1 D 196 315
2 A 800 807
3 B 482 509
0 B 153 134
1 A 401 406
2 B 812 819
3 C 821 842
0 C 787 876
1 B 1019 996
2 D 685 850
3 C 372 267
0 C 765 642
1 C 0 127
2 A 757 754
3 D 617 918
0 B 706 733
1 B 817 814
2 C 78 49
3 D 884 651
0 A 239 232
1 C 370 269
2 B 922 901
3 C 348 291
0 A 750 745
1 D 941 594
2 C 454 441
3 B 393 406
0 A 471 464
1 A 194 197
2 C 376 263
3 C 304 335
0 D 768 767
1 D 657 878
2 A 462 457
0 D 299 212
1 B 889 870
2 D 1006 529
0 A 400 407
1 B 715 724
3 C 496 399
2 C 170 213
0 D 375 136
1 C 395 500
2 C 171 212
0 D 435 76
1 D 428 83
2 A 130 133
3 C 539 612
0 A 289 294
1 A 300 299
2 A 421 418
3 B 243 236
0 B 509 482
1 A 493 490
2 A 779 780
3 B 355 380
0 D 769 766
1 D 364 147
2 C 758 649
0 D 693 842
1 C 207 176
2 D 285 226
0 A 254 249
1 C 49 78
3 A 285 282
2 D 104 407
0 B 454 473
1 A 719 712
2 C 555 596
3 B 743 760
0 D 404 107
1 C 1015 904
2 C 1017 902
0 A 646 641
1 D 633 902
2 B 796 771
3 A 934 929
0 B 981 970
1 D 348 163
2 D 289 222
0 D 879 656
1 C 721 686
2 D 9 502
0 A 856 863
1 A 909 906
2 B 118 105
3 B 606 577
0 C 404 491
1 B 949 938
2 C 791 872
0 C 1001 918
1 C 811 852
2 C 562 589
0 B 153 134
1 A 82 85
2 A 763 764
3 B 698 677
0 A 33 38
1 B 489 502
2 B 440 423
3 D 930 605
0 A 643 644
1 B 533 522
2 C 597 554
0 D 461 50
1 C 29 98
2 D 257 254
0 B 77 82
1 A 441 446
3 D 308 203
0 A 683 684
1 B 171 180
2 C 960 959
0 B 821 810
1 B 576 607
3 A 479 472
2 D 506 5
0 C 779 884
1 C 68 59
2 C 689 718
0 A 461 458
1 B 497 494
3 C 226 157
0 D 760 775
1 C 683 724
2 B 742 761
3 A 858 861
0 B 601 582
1 C 659 748
2 D 102 409
0 B 1021 994
1 B 540 515
2 B 519 536
3 B 349 322
0 A 848 855
1 D 636 899
2 C 609 542
0 A 373 370
1 D 343 168
2 B 545 574
0 B 94 65
3 C 514 637
1 C 252 131
2 B 982 969
0 B 427 436
3 C 725 682
1 A 499 500
0 D 463 48
2 D 916 619
1 A 198 193
0 D 84 427
2 C 314 325
1 D 215 296
2 B 825 806
3 B 257 286
0 A 237 234
1 C 553 598
2 D 122 389
0 B 889 870
1 C 813 850
2 C 781 882
0 B 559 560
1 D 103 408
2 D 297 214
0 D 59 452
1 C 555 596
2 D 975 560
0 A 343 336
1 C 1022 897
2 B 615 632
0 A 252 251
1 A 351 344
2 A 856 863
0 C 679 728
1 D 467 44
2 D 716 819
0 A 44 43
1 C 653 754
2 A 965 962
0 A 170 173
1 C 928 991
2 D 753 782
0 D 349 162
1 C 55 72
2 D 762 773
0 B 454 473
1 B 625 622
2 A 420 419
0 D 770 765
1 B 983 968
2 C 433 462
0 B 483 508
1 B 104 119
2 A 948 947
0 B 188 163
1 D 298 213
2 A 986 989
0 A 316 315
1 A 285 282
3 C 814 849
0 B 321 350
1 A 52 51
2 A 82 85
3 D 191 320
0 C 154 229
1 D 160 351
2 C 629 522
3 C 824 839
0 A 23 16
1 D 349 162
2 C 274 365
0 C 499 396
1 D 617 918
2 C 812 851
3 A 479 472
0 A 916 915
1 D 728 807
2 C 966 953
3 D 389 122
0 B 289 318
1 C 635 516
2 B 556 563
3 D 907 628
0 A 606 601
1 A 646 641
2 B 158 129
3 B 933 954
4 B 570 549
0 A 878 873
1 D 198 313
2 D 788 747
3 D 665 870
0 B 984 967
1 C 325 314
2 B 908 915
3 D 697 838
0 A 472 479
1 A 131 132
2 A 813 810
3 B 286 257
4 A 573 570
0 C 285 354
1 C 876 787
2 A 971 972
3 C 626 525
0 B 86 73
1 B 799 768
2 A 45 42
3 B 753 750
4 A 190 185
0 D 1008 527
1 B 369 366
2 D 173 338
3 B 129 158
0 D 295 216
1 B 499 492
2 A 828 827
3 D 710 825
0 D 982 553
1 B 89 70
2 B 336 335
3 C 309 330
0 C 82 45
1 D 67 444
2 D 911 624
3 C 342 297
0 A 590 585
1 A 427 428
2 A 610 613
3 B 44 51
4 A 125 122
0 C 387 508
1 B 359 376
2 C 852 811
3 D 136 375
0 B 989 962
1 B 692 683
2 C 318 321
3 B 608 639
0 A 61 58
1 D 880 655
2 D 599 936
3 C 609 542
0 A 53 50
1 C 520 631
2 A 959 952
3 D 247 264
0 A 300 299
1 C 569 582
2 C 1017 902
0 C 126 1
1 A 383 376
2 A 856 863
3 D 974 561
0 D 583 952
1 B 218 197
2 D 612 923
3 A 22 17
0 D 20 491
1 B 367 368
2 B 907 916
3 D 731 804
0 B 917 906
1 D 412 99
2 C 231 152
3 D 258 253
0 B 811 820
1 A 770 773
2 A 786 789
3 C 254 129
0 C 753 654
1 B 435 428
2 D 684 851
0 B 470 457
1 B 295 312
2 A 284 283
3 B 959 928
0 A 384 391
1 B 132 155
2 A 836 835
3 A 217 222
0 B 260 283
1 C 617 534
2 D 703 832
0 B 969 982
1 A 176 183
2 B 603 580
3 A 729 734
0 C 951 968
1 D 929 606
2 A 591 584
3 A 602 605
0 C 136 247
1 C 17 110
2 B 419 444
3 A 413 410
0 C 326 313
1 D 211 300
2 C 449 446
0 D 658 877
1 B 345 326
2 D 634 901
0 D 674 861
1 B 625 622
2 B 466 461
3 D 131 380
0 D 901 634
1 A 387 388
2 D 357 154
0 A 43 44
1 D 638 897
2 A 124 123
0 A 833 838
3 C 696 711
0 B 760 743
1 B 491 500
2 D 323 188
0 A 396 395
1 B 460 467
2 A 191 184
3 B 72 87
0 B 827 804
1 A 635 636
2 C 413 482
0 A 362 365
1 D 993 542
2 B 624 623
0 C 357 282
1 D 565 970
2 D 585 950
0 A 909 906
1 B 92 67
3 D 786 749
0 A 636 635
1 B 959 928
2 D 858 677
0 D 987 548
1 C 855 808
2 C 411 484
0 A 719 712
1 C 980 939
2 C 892 771
0 C 835 828
1 D 432 79
2 B 744 759
0 A 341 338
3 D 265 246
1 C 180 203
0 D 935 600
2 C 361 278
1 D 723 812
0 C 549 602
2 D 476 35
0 A 437 434
1 B 292 315
3 C 518 633
0 B 4 27
1 B 385 414
2 A 184 191
3 B 18 13
0 C 545 606
1 C 320 319
2 C 219 164
0 D 992 543
1 A 138 141
2 B 698 677
0 D 305 206
1 D 981 554
2 A 572 571
0 A 489 494
1 D 967 568
2 C 923 996
0 A 332 331
1 A 102 97
2 D 865 670
0 C 204 179
1 B 347 324
2 D 788 747
0 C 942 977
1 A 268 267
2 D 232 279
0 D 853 682
1 A 860 859
2 C 262 377
0 B 940 947
1 A 466 469
2 A 591 584
0 D 188 323
1 A 821 818
2 C 862 801
0 B 404 395
1 D 5 506
2 B 314 293
0 B 60 35
1 A 676 675
2 A 433 438
0 D 742 793
1 A 938 941
2 D 492 19
0 B 173 178
1 A 45 42
2 D 327 184
0 B 878 881
1 D 483 28
2 D 671 864
0 A 947 948
1 A 65 70
2 C 854 809
0 D 573 962
1 D 415 96
0 A 437 434
2 C 548 603
1 C 527 624
0 A 192 199
2 B 112 111
1 A 769 774
0 C 258 381
2 C 819 844
1 C 383 256
0 C 933 986
2 A 864 871
1 C 669 738
0 C 324 315
2 C 191 192
1 D 540 995
0 A 507 508
2 D 573 962
0 D 674 861
1 A 615 608
2 A 336 343
0 D 713 822
1 C 383 256
2 A 119 112
0 A 942 937
1 D 750 785
2 A 924 923
0 A 734 729
1 C 657 750
2 C 138 245
0 B 44 51
1 A 793 798
2 C 661 746
0 C 360 279
1 D 880 655
0 C 848 815
2 D 112 399
0 A 897 902
1 A 469 466
2 D 444 67
0 A 298 301
1 A 2 5
2 B 937 950
0 C 487 408
1 A 126 121
2 B 457 470
0 B 531 524
1 D 235 276
0 B 8 23
2 D 627 908
1 B 664 647
0 A 772 771
2 A 568 575
1 C 533 618
0 C 529 622
2 A 451 452
1 B 41 54
0 A 529 534
2 D 849 686
0 B 296 311
1 D 179 332
0 C 743 664
2 C 444 451
1 C 445 450
0 D 70 441
1 D 955 580
0 A 50 53
2 D 625 910
0 A 558 553
1 A 350 345
2 D 690 845
0 A 925 922
1 A 448 455
2 D 218 293
0 C 111 16
1 B 634 613
2 A 379 380
0 D 423 88
1 D 312 199
0 D 687 848
1 D 547 988
0 C 3 124
2 A 405 402
1 B 957 930
0 C 190 193
2 B 149 138
1 A 667 668
0 C 941 978
2 C 578 573
1 B 210 205
0 B 292 315
2 B 257 286
1 C 46 81
0 B 123 100
2 A 997 994
1 A 157 154
0 D 155 356
1 D 41 470
0 B 836 859
2 D 161 350
0 D 321 190
1 B 17 14
2 B 722 717
0 C 495 400
1 C 479 416
2 C 646 761
0 B 52 43
1 B 316 291
2 D 60 451
0 D 184 327
1 A 101 98
2 C 742 665
0 B 578 605
1 C 396 499
2 B 961 990
0 B 721 718
1 A 136 143
2 B 371 364
0 C 119 8
1 C 998 921
2 D 567 968
0 A 162 165
1 B 660 651
2 C 855 808
0 D 256 255
1 C 404 491
2 A 125 122
0 D 719 816
1 B 967 984
2 C 844 819
0 B 621 626
1 D 185 326
0 B 759 744
2 C 480 415
1 B 197 218
0 A 528 535
2 C 944 975
1 A 959 952
0 C 297 342
2 B 986 965
1 B 756 747
0 A 780 779
2 D 865 670
0 B 195 220
1 B 778 789
2 B 420 443
0 B 288 319
1 B 679 696
2 C 192 191
0 C 1007 912
1 A 583 576
2 B 822 809
0 A 562 565
1 B 362 373
2 B 526 529
0 A 108 107
1 B 894 865
2 D 614 921
0 C 461 434
1 C 778 885
2 B 960 991
0 A 734 729
1 C 817 846
2 A 865 870
0 D 275 236
1 B 724 715
2 B 504 487
0 B 234 245
1 C 103 24
2 C 428 467
0 D 618 917
1 A 748 747
2 C 755 652
0 B 976 975
1 A 707 708
3 D 616 919
0 C 463 432
1 B 361 374
2 A 293 290
3 B 732 707
0 D 901 634
1 A 501 498
2 D 624 911
0 A 432 439
1 D 558 977
2 B 554 565
0 A 141 138
3 D 784 751
0 A 239 232
1 C 703 704
2 A 203 204
3 D 743 792
0 C 458 437
1 D 899 636
2 D 125 386
0 C 648 759
1 A 549 546
3 A 483 484
2 D 397 114
0 A 487 480
1 D 82 429
2 A 404 403
3 C 409 486
0 A 317 314
1 D 93 418
2 C 185 198
0 B 64 95
3 D 268 243
0 B 900 923
1 A 816 823
2 B 791 776
3 A 505 510
0 B 968 983
1 A 229 226
2 D 740 795
0 C 786 877
1 B 541 514
3 C 387 508
2 D 60 451
0 D 813 722
1 D 775 760
2 A 64 71
3 B 160 191
0 A 332 331
1 A 932 931
2 A 401 406
3 B 51 44
0 B 145 142
1 C 168 215
2 D 613 922
0 D 866 669
1 C 292 347
2 D 7 504
0 A 856 863
1 D 705 830
2 D 132 379
0 C 351 288
1 B 105 118
2 B 675 700
3 B 370 365
0 C 742 665
1 D 388 123
2 A 749 746
3 D 90 421
0 C 506 389
1 C 451 444
2 B 565 554
3 D 48 463
0 D 746 789
1 C 191 192
2 C 575 576
3 A 779 780
4 A 329 334
0 B 423 440
1 B 383 352
2 A 280 287
3 B 264 279
4 A 32 39
0 C 550 601
1 D 103 408
2 B 132 155
3 A 863 856
4 A 838 833
0 A 451 452
1 B 727 712
2 D 777 758
3 B 804 827
0 C 412 483
1 D 570 965
2 D 361 150
3 C 9 118
0 B 746 757
1 C 820 843
2 C 355 284
3 B 550 569
0 B 634 613
1 A 136 143
2 D 995 540
4 C 784 879
0 A 715 716
1 C 19 108
2 D 544 991
3 C 741 666
0 C 13 114
1 D 472 39
2 A 100 99
3 B 621 626
4 A 970 973
0 B 214 201
1 D 405 106
2 B 808 823
3 C 1021 898
0 C 344 295
1 D 228 283
2 D 931 604
3 B 462 465
0 C 811 852
1 C 230 153
2 D 608 927
3 D 864 671
4 B 95 64
0 B 133 154
1 A 113 118
2 D 891 644
3 D 882 653
0 C 482 413
1 D 161 350
2 A 824 831
3 A 188 187
4 D 256 255
0 B 818 813
1 D 588 947
2 D 992 543
3 C 1003 916
0 D 210 301
1 A 22 17
2 C 223 160
3 C 46 81
0 B 673 702
1 D 965 570
2 C 479 416
3 B 361 374
0 D 407 104
1 A 861 858
2 A 220 219
3 B 76 83
4 B 635 612
0 A 412 411
1 A 36 35
2 C 993 926
3 C 925 994
0 D 803 732
1 B 768 799
2 C 621 530
3 D 179 332
0 D 935 600
1 C 282 357
2 C 311 328
3 A 232 239
0 C 281 358
1 A 601 606
2 A 549 546
4 D 950 585
0 D 851 684
1 B 837 858
2 A 263 256
3 A 197 194
4 C 884 779
0 D 462 49
1 B 710 729
2 C 601 550
3 C 468 427
4 A 327 320
0 B 627 620
1 B 251 228
2 C 884 779
3 B 611 636
4 A 882 885
0 C 69 58
1 A 766 761
2 D 581 954
3 C 415 480
4 A 543 536
0 A 619 620
1 A 326 321
2 B 360 375
3 D 269 242
0 A 519 512
1 C 134 249
2 B 266 277
3 D 874 661
4 A 852 851
0 C 431 464
1 A 361 366
2 C 252 131
3 D 74 437
0 A 931 932
1 A 143 136
2 C 91 36
3 B 833 862
4 B 50 45
0 D 481 30
1 A 956 955
2 C 771 892
3 C 32 95
0 B 69 90
1 C 920 999
2 B 311 296
3 A 351 344
4 A 511 504
0 D 217 294
1 D 719 816
2 A 611 612
3 A 130 133
0 C 367 272
1 A 297 302
2 A 650 653
3 B 320 351
4 C 126 1
0 C 936 983
1 A 574 569
2 D 722 813
3 B 790 777
4 B 166 185
0 A 150 145
1 B 509 482
2 B 641 670
3 C 739 668
0 B 241 238
1 A 501 498
2 A 843 844
3 B 265 278
4 A 622 617
0 B 111 112
1 C 739 668
2 C 855 808
3 A 331 332
0 B 429 434
1 A 315 316
2 A 273 278
4 C 81 46
0 A 561 566
1 D 775 760
2 B 964 987
3 A 24 31
4 A 52 51
0 A 962 965
1 D 711 824
2 B 468 459
3 D 878 657
0 A 792 799
1 A 820 819
2 B 27 4
4 C 161 222
0 B 324 347
1 A 873 878
2 A 612 611
3 B 188 163
4 D 623 912
0 D 768 767
1 A 966 961
2 D 641 894
3 D 131 380
0 C 811 852
1 C 549 602
2 B 958 929
3 A 912 919
0 C 750 657
1 D 968 567
2 C 830 833
3 A 981 978
0 D 292 219
1 C 878 785
2 C 299 340
3 A 595 596
4 C 551 600
0 A 44 43
1 D 71 440
2 A 336 343
3 A 293 290
4 D 618 917
0 A 983 976
1 C 313 326
2 D 555 980
3 A 678 673
0 B 694 681
1 C 866 797
2 D 1023 512
4 C 186 197
0 D 988 547
1 A 759 752
2 B 22 9
3 B 216 199
4 C 797 866
0 B 756 747
1 B 455 472
2 C 676 731
3 C 692 715
0 D 612 923
1 B 567 552
2 A 501 498
3 A 3 4
4 D 749 786
0 C 617 534
1 B 506 485
2 B 909 914
3 B 454 473
4 D 988 547
0 C 34 93
1 D 263 248
2 B 491 500
3 C 689 718
0 D 466 45
1 A 297 302
2 C 48 79
3 C 426 469
0 D 652 883
1 D 292 219
2 B 620 627
3 D 589 946
0 C 838 825
1 D 392 119
2 D 478 33
3 D 442 69
0 A 978 981
1 D 437 74
2 A 700 699
3 A 140 139
0 D 553 982
1 B 390 409
2 C 151 232
3 B 847 848
0 B 135 152
1 D 538 997
2 C 122 5
3 A 597 594
0 C 269 370
1 B 693 682
2 A 773 770
3 C 406 489
0 C 310 329
1 D 163 348
2 C 990 929
3 B 278 265
0 B 207 208
1 B 61 34
2 B 163 188
4 C 1005 914
0 C 410 485
1 D 542 993
2 A 385 390
3 C 522 629
0 B 588 595
1 B 434 429
2 A 740 739
3 D 352 159
4 B 446 417
0 D 894 641
1 B 502 489
2 D 330 181
3 B 673 702
0 C 553 598
1 B 400 399
2 C 152 231
3 C 360 279
0 A 440 447
1 C 11 116
2 D 649 886
0 D 149 362
1 B 318 289
2 D 540 995
3 C 373 266
0 B 501 490
1 A 799 792
2 A 665 670
4 D 775 760
0 A 956 955
1 C 604 547
2 D 348 163
3 A 559 552
0 D 568 967
1 D 177 334
2 B 775 792
3 A 380 379
4 A 68 67
0 B 419 444
1 A 97 102
2 C 183 200
3 B 911 912
0 D 395 116
1 B 587 596
2 C 448 447
3 C 378 261
0 D 139 372
1 B 838 857
2 C 10 117
3 C 56 71
0 B 497 494
1 C 31 96
2 C 800 863
3 B 518 537
0 A 21 18
1 C 203 180
2 D 207 304
3 A 549 546
0 A 675 676
1 D 394 117
2 A 764 763
3 A 694 689
0 C 797 866
1 D 495 16
2 C 939 980
3 B 529 526
0 B 756 747
1 B 855 840
2 B 686 689
3 A 681 686
0 B 682 693
1 C 841 822
2 C 141 242
0 D 386 125
1 A 23 16
2 A 2 5
3 B 564 555
0 A 223 216
1 A 811 812
2 D 286 225
3 C 962 957
0 C 613 538
1 D 3 508
2 D 44 467
3 C 538 613
0 B 691 684
1 C 172 211
2 A 277 274
3 A 86 81
4 D 50 461
0 B 460 467
1 C 949 970
2 A 438 433
3 A 258 261
4 D 222 289
0 A 553 558
1 A 997 994
2 A 288 295
3 C 525 626
4 B 312 295
0 C 191 192
1 A 268 267
2 B 742 761
3 B 199 216
4 B 228 251
0 C 383 256
1 B 257 286
2 B 106 117
3 C 636 515
4 A 992 999
0 C 433 462
1 A 284 283
2 D 942 593
3 C 71 56
0 B 363 372
1 C 551 600
2 C 69 58
3 C 954 965
0 A 600 607
1 C 761 646
2 C 35 92
3 A 634 637
0 D 270 241
1 B 601 582
2 A 860 859
3 C 1016 903
4 D 830 705
0 B 134 153
1 B 557 562
2 A 228 227
3 B 603 580
4 D 843 692
0 A 854 849
1 A 371 372
2 C 274 365
3 C 31 96
0 C 750 657
1 C 454 441
2 A 907 908
3 A 468 467
4 B 401 398
0 B 763 740
1 A 953 958
2 B 164 187
3 D 841 694
0 C 520 631
1 A 936 943
2 A 467 468
3 D 419 92
0 B 739 764
1 C 469 426
2 C 971 948
3 C 461 434
0 A 548 547
1 A 466 469
2 A 978 981
4 C 201 182
0 A 455 448
1 C 389 506
2 A 735 728
3 D 415 96
0 D 286 225
1 C 376 263
2 C 421 474
3 A 558 553
0 D 568 967
1 A 471 464
2 C 718 689
3 D 405 106
0 B 961 990
1 C 945 974
2 C 969 950
3 C 203 180
0 D 797 738
1 A 569 574
2 A 927 920
3 A 278 273
4 B 640 671
0 A 358 353
1 C 799 864
2 A 812 811
3 B 922 901
4 D 998 537
0 B 108 115
1 D 78 433
2 D 19 492
0 D 616 919
1 C 647 760
2 D 338 173
3 C 5 122
0 B 955 932
1 D 13 498
2 C 458 437
3 B 286 257
4 B 601 582
0 A 225 230
1 C 254 129
2 C 431 464
3 D 541 994
0 D 690 845
1 C 849 814
2 D 911 624
3 C 419 476
4 C 776 887
0 A 42 45
1 B 308 299
2 D 736 799
3 B 252 227
4 B 373 362
0 A 736 743
1 D 778 757
2 D 98 413
3 B 883 876
4 A 918 913
0 B 889 870
1 B 168 183
2 C 400 495
3 B 702 673
4 B 211 204
0 D 11 500
1 D 157 354
2 C 644 763
3 B 665 646
0 D 810 725
1 A 109 106
2 D 619 916
3 D 459 52
4 C 800 863
0 D 653 882
1 A 554 557
2 C 631 520
3 C 530 621
4 D 219 292
0 C 376 263
1 A 470 465
2 C 24 103
3 C 237 146
4 D 438 73
0 B 878 881
1 A 151 144
2 D 293 218
3 B 82 77
4 D 301 210
0 C 90 37
1 C 315 324
2 A 188 187
3 B 558 561
4 A 545 550
0 A 77 74
1 B 932 955
2 C 483 412
3 C 484 411
4 B 522 533
0 B 233 246
1 B 455 472
2 D 188 323
3 B 667 644
4 D 64 447
0 D 639 896
1 B 164 187
2 C 780 883
3 B 978 973
4 C 161 222
0 C 259 380
1 D 225 286
2 A 502 497
3 D 1005 530
4 A 670 665
0 A 231 224
1 B 498 493
2 A 358 353
3 A 287 280
4 B 989 962
0 B 426 437
1 C 476 419
2 C 444 451
3 A 568 575
0 D 419 92
1 C 514 637
2 C 874 789
3 B 870 889
0 D 346 165
1 D 701 834
2 A 46 41
3 D 982 553
0 C 409 486
1 A 53 50
2 D 635 900
3 A 18 21
4 C 479 416
0 C 209 174
1 A 134 129
2 A 956 955
3 A 36 35
4 C 632 519
0 C 319 320
1 B 319 288
2 A 844 843
3 B 210 205
4 A 652 651
0 A 287 280
1 B 904 919
2 C 332 307
3 D 183 328
0 A 557 554
1 D 726 809
2 C 518 633
3 C 121 6
0 A 907 908
1 A 348 347
2 B 109 114
4 C 280 359
0 C 123 4
1 D 819 716
2 D 40 471
3 B 310 297
0 B 31 0
1 B 923 900
2 A 18 21
4 C 636 515
0 B 826 805
1 D 795 740
2 A 170 173
3 A 30 25
0 B 814 817
1 C 204 179
2 A 797 794
3 C 420 475
0 C 860 803
1 C 236 147
2 D 877 658
3 B 197 218
0 A 658 661
1 C 393 502
2 B 282 261
3 A 838 833
0 C 551 600
1 D 760 775
2 A 481 486
3 C 252 131
0 A 240 247
1 A 289 294
2 D 217 294
3 C 867 796
0 B 277 266
1 A 897 902
2 A 532 531
3 B 122 101
0 C 505 390
1 D 585 950
2 D 139 372
0 C 732 675
1 D 566 969
2 A 729 734
3 C 990 929
0 C 306 333
1 C 842 821
2 D 914 621
3 C 280 359
0 B 697 678
1 A 857 862
2 C 333 306
3 D 632 903
0 A 752 759
1 C 861 802
2 B 509 482
3 D 652 883
0 A 279 272
1 D 353 158
2 D 575 960
0 D 816 719
1 D 745 790
2 B 279 264
3 B 321 350
0 C 138 245
1 C 960 959
2 A 429 426
3 A 387 388
0 A 903 896
1 C 462 433
2 D 1003 532
3 A 513 518
0 B 54 41
1 C 442 453
2 D 1012 523
0 C 585 566
1 A 219 220
2 A 604 603
3 A 983 976
0 D 872 663
1 A 843 844
2 B 1022 993
3 B 152 135
0 A 809 814
1 A 546 549
2 B 690 685
3 C 569 582
0 C 282 357
1 D 947 588
2 D 410 101
0 B 527 528
1 B 697 678
3 A 412 411
2 D 880 655
0 D 664 871
1 C 323 316
2 C 345 294
3 A 654 649
0 B 42 53
1 B 751 752
2 C 215 168
3 B 915 908
0 D 912 623
1 B 5 26
2 A 271 264
3 C 993 926
0 D 259 252
1 D 986 549
2 B 393 406
0 C 753 654
3 C 180 203
1 D 240 271
0 C 297 342
2 D 382 129
0 B 281 262
1 B 90 69
2 B 811 820
3 C 747 660
0 D 678 857
1 C 520 631
2 A 92 91
3 B 115 108
0 A 204 203
1 A 274 277
2 B 624 623
3 C 395 500
0 B 730 709
1 A 412 411
2 B 928 959
3 D 877 658
4 B 811 820
0 C 1000 919
1 A 328 335
2 D 194 317
3 C 257 382
0 B 127 96
1 D 603 932
2 A 807 800
3 B 205 210
0 D 69 442
1 D 481 30
2 D 426 85
3 D 965 570
0 C 483 412
1 A 682 685
2 D 231 280
3 B 288 319
0 B 717 722
1 C 41 86
2 A 950 945
3 C 862 801
0 C 998 921
1 D 416 95
2 D 188 323
0 D 800 735
1 C 679 728
2 B 156 131
3 A 243 244
0 D 797 738
1 D 120 391
2 B 410 389
3 C 86 41
0 A 792 799
1 A 26 29
2 A 943 936
4 D 441 70
0 B 139 148
1 C 506 389
2 C 99 28
3 C 509 386
0 A 612 611
1 C 779 884
2 A 608 615
3 C 344 295
0 B 815 816
1 C 442 453
2 C 32 95
3 A 635 636
0 C 276 363
1 D 204 307
2 B 752 751
3 B 519 536
4 D 629 906
0 A 863 856
1 C 572 579
2 B 35 60
3 D 361 150
0 C 225 158
1 C 252 131
2 A 759 752
3 B 167 184
4 D 198 313
0 B 16 15
1 A 415 408
2 C 590 561
3 B 910 913
4 C 532 619
0 C 91 36
1 C 164 219
2 B 13 18
3 D 81 430
0 D 1000 535
1 A 64 71
2 A 403 404
3 A 716 715
4 B 269 274
0 B 609 638
1 C 103 24
2 D 869 666
3 D 706 829
0 B 19 12
1 A 554 557
2 D 935 600
3 C 569 582
0 D 202 309
1 A 842 845
2 B 523 532
3 B 223 192
4 B 22 9
0 A 139 140
1 A 230 225
2 C 851 812
3 A 787 788
4 B 112 111
0 B 87 72
1 B 597 586
2 A 696 703
3 B 311 296
4 C 153 230
0 C 882 781
1 C 508 387
2 D 36 475
3 C 157 226
0 B 528 527
1 A 522 525
2 D 952 583
3 C 676 731
0 D 183 328
1 A 370 373
2 A 521 526
3 B 698 677
4 C 693 714
0 C 1016 903
1 A 7 0
2 C 756 651
3 A 934 929
0 A 352 359
1 C 390 505
2 B 118 105
3 D 1011 524
0 D 802 733
1 B 435 428
2 D 271 240
3 B 87 72
4 B 210 205
0 A 247 240
1 B 187 164
2 C 199 184
3 B 957 930
0 D 59 452
1 C 64 63
2 B 31 0
3 A 768 775
4 B 29 2
0 A 107 108
1 C 335 304
2 B 858 837
3 B 804 827
0 D 257 254
1 C 686 721
2 A 432 439
3 A 83 84
4 A 762 765
0 A 19 20
1 C 623 528
2 A 511 504
3 B 177 174
4 B 21 10
0 A 873 878
1 C 415 480
2 C 113 14
3 B 194 221
0 A 978 981
1 D 131 380
2 D 879 656
3 C 779 884
0 A 568 575
1 D 626 909
2 D 857 678
3 A 970 973
4 B 507 484
0 B 56 39
1 C 377 262
2 D 782 753
3 B 467 460
4 C 170 213
0 A 931 932
1 C 2 125
2 B 784 783
3 A 812 811
4 A 212 211
0 A 272 279
1 C 309 330
2 A 483 484
3 C 802 861
4 A 112 119
0 A 502 497
1 B 636 611
2 B 693 682
3 C 481 414
4 B 507 484
0 D 484 27
1 D 89 422
2 C 113 14
3 D 536 999
0 A 331 332
1 C 80 47
2 B 932 955
3 A 529 534
4 D 403 108
0 B 292 315
1 C 778 885
2 D 72 439
3 B 545 574
4 B 325 346
0 B 16 15
1 D 281 230
2 D 348 163
3 C 686 721
0 C 116 11
1 B 102 121
2 B 204 211
3 D 435 76
4 C 201 182
0 B 424 439
1 A 158 153
2 B 163 188
3 B 983 968
4 D 1 510
0 A 238 233
1 A 991 984
2 B 124 99
3 D 118 393
4 C 733 674
0 A 669 666
1 A 78 73
2 A 401 406
3 B 709 730
4 A 777 782
0 D 164 347
1 C 547 604
2 D 556 979
3 B 184 167
0 B 932 955
1 B 188 163
2 D 363 148
4 D 4 507
0 A 152 159
1 C 63 64
2 B 631 616
3 C 537 614
0 D 704 831
1 B 214 201
2 C 250 133
3 A 264 271
4 D 675 860
0 D 427 84
1 B 310 297
2 D 364 147
3 B 52 43
4 C 236 147
0 B 233 246
1 C 932 987
2 D 714 821
3 C 587 564
4 B 239 240
0 D 347 164
1 C 717 690
2 D 754 781
3 C 462 433
4 D 402 109
0 B 688 687
1 A 330 333
2 B 752 751
3 B 195 220
4 D 927 608
0 C 432 463
1 D 96 415
2 B 871 888
3 A 841 846
4 C 957 962
0 C 628 523
1 C 574 577
2 C 260 379
3 A 381 378
0 B 9 22
1 C 361 278
2 B 880 879
3 C 923 996
0 C 527 624
1 A 126 121
2 C 331 308
3 D 732 803
0 A 902 897
1 C 549 602
2 C 247 136
0 D 544 991
1 C 683 724
2 A 725 722
3 A 203 204
0 A 905 910
1 B 488 503
2 B 61 34
3 D 161 350
0 A 453 450
1 C 35 92
2 B 815 816
3 A 958 953
0 D 653 882
1 B 958 929
2 A 127 120
3 B 764 739
0 A 182 177
1 A 319 312
2 C 97 30
3 C 523 628
0 A 46 41
1 A 656 663
2 A 684 683
3 C 337 302
0 D 1019 516
1 C 460 435
2 D 345 166
0 D 467 44
1 B 365 370
2 C 554 597
3 D 928 607
0 A 744 751
1 B 417 446
2 D 431 80
0 C 991 928
1 D 21 490
2 C 658 749
0 B 607 576
3 D 511 0
0 C 487 408
1 B 356 379
2 A 395 396
3 B 527 528
0 B 242 237
1 B 791 776
2 C 777 886
3 B 799 768
0 C 58 69
1 C 97 30
2 B 891 868
3 C 2 125
0 C 398 497
1 A 176 183
2 C 480 415
3 C 613 538
0 A 487 480
1 B 192 223
2 C 383 256
3 A 227 228
0 C 333 306
1 B 190 161
2 D 949 586
0 C 283 356
1 D 361 150
2 A 337 342
3 C 687 720
0 B 192 223
1 D 497 14
2 A 771 772
0 C 218 165
3 D 404 107
0 B 623 624
1 C 947 972
2 C 698 709
3 B 358 377
0 B 212 203
1 D 717 818
2 B 1023 992
0 D 174 337
1 D 76 435
2 A 552 559
0 D 485 26
1 B 150 137
2 B 590 593
3 B 16 15
0 B 971 980
1 A 190 185
2 C 225 158
3 D 78 433
0 D 1 510
1 C 577 574
2 A 568 575
3 A 715 716
0 C 363 276
1 B 192 223
2 C 548 603
3 A 651 652
0 A 802 805
1 C 836 827
2 A 330 333
0 B 535 520
1 B 867 892
2 A 206 201
0 A 659 660
1 C 51 76
2 D 733 802
0 D 232 279
1 B 583 600
2 D 230 281
0 D 652 883
1 A 891 892
2 A 733 730
0 B 929 958
1 A 891 892
2 A 424 431
0 B 355 380
1 B 159 128
2 D 308 203
0 C 19 108
1 C 864 799
2 C 782 881
0 B 77 82
1 B 242 237
2 D 652 883
0 D 817 718
1 A 409 414
2 A 675 676
0 D 459 52
1 C 983 936
2 B 431 432
0 B 757 746
1 C 159 224
2 B 945 942
0 D 439 72
1 C 136 247
2 A 311 304
0 C 93 34
1 C 715 692
2 C 325 314
0 C 238 145
1 B 223 192
2 A 93 90
0 B 195 220
1 D 977 558
2 A 353 358
0 A 979 980
1 B 83 76
2 C 279 360
0 C 640 767
1 A 979 980
2 A 820 819
0 A 157 154
1 D 1001 534
0 D 60 451
1 B 589 594
2 B 178 173
0 A 518 513
1 B 651 660
2 D 1001 534
0 D 849 686
1 B 350 321
2 D 806 729
0 A 377 382
1 A 145 150
2 A 661 658
0 D 381 130
1 D 687 848
0 A 405 402
2 D 664 871
0 C 323 316
1 C 155 228
2 D 596 939
0 B 572 547
1 C 447 448
2 C 862 801
0 B 13 18
1 D 702 833
0 A 400 407
2 C 936 983
1 D 349 162
0 B 519 536
1 B 448 479
2 B 78 81
3 B 27 4
0 B 342 329
1 C 461 434
2 A 460 459
0 D 556 979
1 D 632 903
2 C 214 169
0 C 271 368
1 B 386 413
2 A 520 527
3 C 828 835
0 B 531 524
1 D 239 272
2 A 520 527
3 B 858 837
0 B 419 444
1 B 798 769
2 D 24 487
0 C 235 148
1 C 633 518
2 D 414 97
0 D 350 161
1 C 922 997
2 D 453 58
0 D 964 571
1 A 517 514
2 C 378 261
3 A 639 632
0 B 685 690
1 B 500 491
2 A 227 228
3 B 629 618
0 D 689 846
1 C 1001 918
2 B 300 307
3 C 535 616
0 A 986 989
1 B 827 804
2 A 440 447
3 B 265 278
0 A 817 822
1 D 849 686
2 C 124 3
0 A 368 375
3 D 603 932
0 A 568 575
1 A 459 460
2 A 737 742
3 C 293 346
0 A 172 171
1 B 914 909
2 B 210 205
3 B 40 55
0 C 929 990
1 C 415 480
2 D 191 320
0 D 309 202
1 C 771 892
2 A 512 519
3 D 875 660
0 B 185 166
1 C 1008 911
2 C 44 83
0 C 840 823
1 A 798 793
2 C 873 790
3 A 411 412
0 C 823 840
1 C 756 651
2 A 335 328
3 A 688 695
0 A 104 111
1 B 5 26
2 A 30 25
3 D 29 482
0 C 694 713
1 C 192 191
2 D 37 474
0 B 923 900
1 A 32 39
3 A 998 993
2 D 816 719
0 B 65 94
1 B 811 820
3 D 590 945
0 D 933 602
1 C 863 800
2 C 252 131
3 B 368 367
0 B 689 686
1 A 635 636
2 B 232 247
3 D 755 780
0 D 373 138
1 C 823 840
2 D 360 151
0 B 505 486
1 C 146 237
3 D 234 277
0 C 568 583
1 B 357 378
2 B 246 233
3 C 1016 903
0 D 156 355
1 D 170 341
2 C 518 633
0 C 254 129
1 B 860 835
3 C 594 557
2 D 688 847
0 D 584 951
1 D 324 187
2 A 557 554
0 D 294 217
1 B 335 336
2 D 580 955
0 A 970 973
1 C 843 820
3 A 673 678
0 C 634 517
1 A 722 725
2 B 510 481
3 D 145 366
0 B 911 912
1 D 915 620
2 D 1021 514
0 D 447 64
1 A 649 654
2 A 221 218
3 C 705 702
0 B 464 463
1 D 453 58
2 D 177 334
0 D 388 123
1 C 728 679
2 A 800 807
3 A 44 43
0 B 600 583
1 A 998 993
2 A 344 351
3 A 803 804
0 A 14 9
1 A 988 987
2 A 456 463
3 C 440 455
0 D 607 928
1 D 626 909
2 D 743 792
0 B 356 379
1 B 397 402
3 C 191 192
0 D 95 416
1 D 213 298
2 C 801 862
0 D 131 380
1 A 73 78
2 D 998 537
0 C 453 442
1 A 133 130
2 A 456 463
3 B 215 200
0 A 307 308
1 D 967 568
2 C 220 163
0 D 459 52
1 B 437 426
2 B 663 648
3 A 28 27
0 B 401 398
1 B 120 103
2 B 733 706
3 D 231 280
0 B 10 21
1 C 265 374
2 B 969 982
0 C 291 348
1 C 226 157
2 A 667 668
3 B 273 270
0 A 751 744
1 B 32 63
2 C 861 802
0 D 643 892
1 A 229 226
2 C 873 790
0 D 81 430
1 D 495 16
2 A 842 845
0 A 424 431
3 D 774 761
0 B 136 151
1 A 228 227
2 C 607 544
0 B 792 775
1 D 92 419
2 C 121 6
0 D 987 548
1 B 133 154
2 A 867 868
3 A 477 474
0 C 343 296
1 A 681 686
2 A 189 186
3 B 368 367
0 A 159 152
1 C 749 658
2 A 256 263
0 D 233 278
1 B 319 288
2 A 87 80
3 C 8 119
0 B 864 895
1 D 109 402
2 A 111 104
3 B 34 61
0 B 912 911
1 A 357 354
2 A 140 139
3 C 976 943
0 C 935 984
1 B 86 73
2 D 931 604
0 B 462 465
1 A 285 282
3 D 9 502
0 A 719 712
1 C 233 150
2 D 474 37
0 B 141 146
1 D 994 541
2 D 805 730
0 A 765 762
1 D 811 724
2 D 229 282
0 A 982 977
1 A 846 841
2 A 829 826
3 B 706 733
0 C 842 821
1 D 83 428
2 C 810 853
0 D 212 299
1 C 1005 914
2 D 599 936
0 B 206 209
1 A 822 817
3 D 1004 531
0 B 697 678
1 A 766 761
2 A 301 298
3 C 840 823
0 B 609 638
1 B 576 607
2 B 879 880
3 A 549 546
0 B 421 442
1 B 852 843
2 D 81 430
0 B 742 761
1 D 812 723
2 B 541 514
0 D 428 83
1 B 540 515
2 D 318 193
0 C 33 94
1 C 35 92
2 B 838 857
0 C 533 618
1 C 259 380
2 D 423 88
0 A 618 621
1 B 222 193
3 D 380 131
0 C 724 683
1 B 681 694
2 D 1022 513
0 B 728 711
1 A 82 85
3 C 114 13
0 D 542 993
1 C 257 382
2 A 932 931
3 B 384 415
0 A 494 489
1 B 430 433
2 A 499 500
3 C 750 657
0 C 312 327
1 A 937 942
2 D 136 375
0 A 769 774
1 A 799 792
2 B 287 256
0 B 382 353
1 B 746 757
2 A 813 810
0 D 128 383
1 C 395 500
2 A 644 643
0 A 313 318
1 D 581 954
2 A 483 484
0 C 612 539
1 B 546 573
2 A 319 312
0 A 650 653
1 D 537 998
2 A 107 108
0 A 237 234
1 D 629 906
2 D 952 583
0 B 437 426
1 A 231 224
2 B 510 481
0 D 149 362
1 B 72 87
2 C 125 2
0 D 927 608
1 D 11 500
2 B 434 429
0 B 772 795
1 C 358 281
2 A 764 763
0 A 845 842
1 D 304 207
2 B 222 193
0 A 96 103
1 A 818 821
2 B 211 204
0 D 434 77
1 C 654 753
2 A 834 837
0 B 251 228
1 D 226 285
0 C 239 144
2 A 857 862
1 A 152 159
0 B 271 272
2 D 592 943
0 C 317 322
1 D 121 390
0 D 500 11
1 B 1017 998
2 A 505 510
3 A 145 150
0 A 32 39
1 B 527 528
2 C 998 921
3 B 724 715
0 B 351 320
1 C 1008 911
2 B 954 933
3 C 739 668
0 C 227 156
1 A 570 573
2 C 433 462
3 D 73 438
0 D 866 669
1 C 505 390
2 C 144 239
3 C 572 579
0 A 540 539
1 C 627 524
2 D 118 393
0 C 803 860
1 C 770 893
2 A 807 800
0 C 842 821
1 C 799 864
2 C 420 475
0 B 599 584
1 C 373 266
2 B 297 310
3 A 978 981
0 A 603 604
1 D 677 858
2 A 688 695
0 D 623 912
1 B 82 77
2 D 342 169
0 D 273 238
1 D 86 425
2 B 581 602
0 D 598 937
1 D 382 129
2 D 47 464
0 D 6 505
1 B 794 773
2 C 694 713
0 C 41 86
1 A 155 156
2 A 196 195
3 A 950 945
0 D 946 589
1 D 367 144
2 D 844 691
0 D 960 575
1 B 793 774
2 A 269 266
3 A 249 254
0 B 430 433
1 B 842 853
2 C 463 432
0 B 988 963
1 B 366 369
2 B 616 631
3 A 800 807
0 B 606 577
1 C 81 46
2 B 562 557
0 D 698 837
1 A 501 498
2 A 872 879
3 C 792 871
0 C 254 129
1 B 612 635
2 B 751 752
3 C 586 565
0 C 642 765
1 A 828 827
2 C 442 453
3 C 944 975
0 A 982 977
1 A 206 201
2 D 590 945
3 D 19 492
0 D 377 134
1 D 253 258
2 C 83 44
0 C 649 758
1 A 572 571
2 B 681 694
3 A 295 288
0 D 960 575
1 D 42 469
2 B 746 757
3 A 863 856
0 A 437 434
1 B 200 215
2 A 927 920
3 A 831 824
0 C 923 996
1 C 65 62
2 D 858 677
0 B 94 65
1 D 713 822
2 D 206 305
0 C 67 60
1 B 130 157
2 D 638 897
0 B 183 168
1 B 89 70
2 B 563 556
3 A 324 323
0 D 445 66
1 B 249 230
2 C 27 100
0 D 857 678
1 C 772 891
2 A 885 882
0 D 287 224
1 B 615 632
2 C 780 883
0 C 50 77
1 C 523 628
2 C 801 862
0 D 11 500
1 A 213 210
2 B 179 172
3 A 110 105
0 B 841 854
1 C 560 591
2 C 399 496
0 C 46 81
1 C 731 676
2 D 269 242
0 C 533 618
1 D 804 731
2 C 945 974
0 C 286 353
1 D 195 316
2 C 97 30
0 C 551 600
1 D 425 86
2 D 152 359
0 D 423 88
1 A 914 917
2 B 509 482
3 A 283 284
0 B 609 638
1 C 167 216
2 D 589 946
0 D 106 405
1 C 838 825
2 B 793 774
0 B 419 444
3 C 235 148
0 B 664 647
1 B 919 904
2 D 610 925
0 B 355 380
1 C 942 977
2 C 52 75
0 A 185 190
1 A 404 403
3 D 842 693
0 C 78 49
1 A 754 757
2 D 313 198
0 C 529 622
1 D 789 746
2 D 633 902
0 A 120 127
1 C 327 312
2 A 735 728
0 D 188 323
1 D 330 181
2 A 95 88
0 D 365 146
1 B 991 960
2 D 605 930
0 D 480 31
1 C 509 386
2 A 781 778
0 B 756 747
1 D 598 937
2 A 0 7
0 B 913 910
1 C 739 668
2 A 127 120
0 C 958 961
1 A 648 655
2 B 851 844
0 C 721 686
1 A 293 290
2 A 340 339
0 D 754 781
1 B 276 267
2 B 934 953
0 A 505 510
1 C 34 93
2 D 310 201
0 D 597 938
1 C 990 929
2 D 178 333
0 A 26 29
1 B 254 225
2 A 875 876
0 C 774 889
1 B 335 336
2 A 134 129
0 B 147 140
1 B 335 336
2 C 677 730
0 C 59 68
1 D 872 663
0 B 203 212
2 D 502 9
0 C 828 835
1 B 620 627
2 D 924 611
0 A 478 473
1 D 627 908
2 D 873 662
0 C 359 280
1 C 243 140
2 D 218 293
0 B 874 885
1 B 952 935
2 C 547 604
0 A 625 630
1 A 418 421
2 A 870 865
0 D 59 452
1 B 182 169
2 C 827 836
0 B 414 385
1 A 193 198
2 B 341 330
0 B 732 707
1 B 960 991
2 A 653 650
0 D 455 56
1 D 767 768
0 A 422 417
2 D 131 380
0 B 814 817
1 C 121 6
2 C 580 571
0 A 240 247
1 B 219 196
2 C 507 388
0 B 898 925
1 C 839 824
2 D 672 863
0 A 385 390
1 D 699 836
0 D 123 388
1 B 75 84
2 B 477 450
0 C 557 594
1 B 335 336
2 D 417 94
0 C 1012 907
1 D 905 630
2 D 68 443
0 B 340 331
1 C 682 725
2 C 173 210
0 B 582 601
1 A 205 202
2 C 24 103
0 A 692 691
1 B 238 241
2 A 368 375
0 A 78 73
1 A 494 489
2 B 785 782
0 B 327 344
1 A 415 408
2 C 17 110
0 D 536 999
1 B 534 521
2 C 104 23
0 D 91 420
1 C 187 196
2 A 964 963
0 D 496 15
1 B 342 329
2 A 562 565
0 C 533 618
1 A 58 61
2 C 483 412
0 D 993 542
1 D 612 923
0 C 936 983
2 A 595 596
1 A 463 456
0 C 965 954
1 B 1021 994
2 A 27 28
0 A 242 245
1 A 660 659
2 B 325 346
0 A 154 157
1 D 871 664
0 A 1007 1000
2 A 888 895
1 D 382 129
0 B 311 296
2 C 3 124
1 B 201 214
0 C 74 53
2 A 561 566
1 B 688 687
0 D 399 112
1 B 517 538
2 C 160 223
0 A 831 824
1 A 254 249
2 C 848 815
0 C 757 650
1 D 320 191
0 B 114 109
2 B 921 902
1 C 622 529
0 B 379 356
2 D 835 700
0 D 331 180
1 A 476 475
2 C 932 987
0 A 815 808
1 C 780 883
2 A 741 738
0 C 99 28
1 A 633 638
2 C 548 603
0 D 770 765
1 B 816 815
2 D 436 75
0 C 555 596
1 A 7 0
2 A 293 290
0 B 31 0
1 C 450 445
2 B 642 669
0 B 974 977
1 C 803 860
2 C 372 267
0 A 818 821
1 B 390 409
2 D 553 982
0 D 698 837
1 C 613 538
2 B 133 154
0 D 223 288
1 D 929 606
0 B 5 26
2 B 957 930
1 D 15 496
0 A 832 839
2 C 275 364
1 A 947 948
0 D 921 614
2 D 768 767
1 C 554 597
0 A 934 929
2 D 1006 529
0 A 78 73
1 C 87 40
2 A 920 927
0 A 555 556
1 D 820 715
0 C 947 972
2 D 594 941
0 A 109 106
1 B 674 701
2 D 149 362
0 A 490 493
1 B 939 948
2 A 648 655
0 B 679 696
1 B 461 466
2 A 14 9
0 C 982 937
1 B 608 639
2 B 741 762
0 B 172 179
1 C 564 587
2 A 940 939
0 D 927 608
1 B 520 535
2 B 764 739
0 A 804 803
1 A 622 617
2 C 797 866
0 C 160 223
1 B 91 68
2 A 660 659
0 D 165 346
1 A 66 69
2 D 846 689
0 A 947 948
1 B 491 500
2 B 27 4
0 A 288 295
1 B 357 378
2 C 961 958
0 B 776 791
1 D 214 297
2 D 645 890
0 B 958 929
1 D 202 309
2 C 298 341
0 B 61 34
1 D 409 102
2 C 189 194
0 C 500 395
1 C 263 376
2 A 39 32
0 C 857 806
1 D 164 347
2 B 878 881
0 C 205 178
1 B 475 452
2 A 597 594
0 A 341 338
1 A 350 345
2 B 677 698
0 A 117 114
1 B 903 920
2 D 783 752
0 A 144 151
1 C 192 191
2 B 567 552
0 D 6 505
1 A 109 106
2 B 866 893
0 B 22 9
1 B 179 172
2 C 571 580
0 A 599 592
1 B 832 863
2 B 140 147
0 C 595 556
1 C 324 315
2 A 814 809
0 A 943 936
1 A 42 45
2 D 441 70
0 B 408 391
1 C 41 86
2 C 400 495
0 B 645 666
1 D 128 383
0 D 190 321
1 D 643 892
0 C 851 812
2 D 258 253
0 B 124 99
1 C 872 791
2 A 413 410
0 C 454 441
1 C 856 807
2 B 229 250
0 B 644 667
1 B 942 945
2 D 582 953
0 D 827 708
1 D 298 213
0 D 977 558
1 B 355 380
2 C 306 333
0 C 18 109
1 C 167 216
2 A 210 213
0 D 275 236
1 D 858 677
0 D 910 625
2 D 316 195
0 B 42 53
1 C 568 583
2 A 164 163
0 A 125 122
1 A 976 983
2 C 971 948
0 A 509 506
1 A 206 201
2 D 372 139
0 A 495 488
1 C 318 321
2 A 326 321
0 D 308 203
1 D 485 26
2 D 397 114
0 A 428 427
1 B 622 625
3 D 651 884
0 B 889 870
1 A 413 410
2 D 491 20
0 C 38 89
1 C 507 388
2 C 490 405
3 C 543 608
0 D 997 538
1 C 487 408
2 A 663 656
3 C 1 126
4 C 68 59
0 B 881 878
1 D 669 866
2 C 417 478
3 C 246 137
0 D 269 242
1 A 538 541
2 C 636 515
3 D 465 46
0 A 319 312
1 B 118 105
2 B 148 139
3 C 565 586
4 C 355 284
0 B 165 186
1 C 775 888
2 B 279 264
3 B 41 54
4 B 700 675
0 C 825 838
1 C 879 784
2 B 91 68
3 D 867 668
0 A 785 790
1 B 141 146
2 A 968 975
3 C 612 539
4 A 844 843
0 B 990 961
1 D 897 638
2 B 489 502
3 C 768 895
0 C 613 538
1 C 820 843
2 B 264 279
3 B 504 487
4 D 710 825
0 A 764 763
1 C 846 817
2 D 277 234
3 A 368 375
0 A 871 864
1 D 146 365
2 C 729 678
3 D 428 83
0 A 308 307
1 A 423 416
2 A 217 222
4 D 488 23
0 B 251 228
1 D 777 758
2 B 717 722
3 C 362 277
0 C 3 124
1 C 945 974
2 C 681 726
3 C 933 986
0 D 202 309
1 A 986 989
2 C 122 5
3 B 218 197
0 B 432 431
1 C 881 782
2 B 664 647
3 B 241 238
0 D 375 136
1 C 570 581
2 A 1007 1000
3 B 644 667
4 B 240 239
0 A 109 106
1 B 110 113
2 D 447 64
3 B 648 663
0 D 911 624
1 D 592 943
2 C 605 546
3 B 22 9
0 B 462 465
1 A 262 257
2 A 188 187
4 C 171 212
0 C 828 835
1 A 84 83
2 A 313 318
3 B 628 619
4 B 406 393
0 A 287 280
1 D 535 1000
2 B 123 100
3 C 68 59
0 D 75 436
1 A 1 6
2 A 447 440
3 A 48 55
4 B 57 38
0 A 80 87
1 D 282 229
2 D 223 288
0 D 511 0
1 D 813 722
2 C 429 466
3 A 123 124
0 B 640 671
1 B 306 301
2 A 551 544
3 D 233 278
0 D 824 711
1 A 515 516
2 A 47 40
3 D 811 724
0 A 587 588
1 B 423 440
2 A 787 788
3 A 157 154
0 B 970 981
1 A 726 721
2 A 277 274
3 A 755 756
0 D 488 23
1 D 312 199
2 C 5 122
0 C 628 523
1 A 367 360
2 C 826 837
0 C 55 72
1 D 837 698
2 A 332 331
0 A 517 514
3 C 447 448
1 D 489 22
0 C 524 627
2 A 332 331
1 D 946 589
0 A 231 224
2 C 654 753
0 B 431 432
1 B 265 278
3 D 46 465
0 B 137 150
1 D 402 109
2 D 765 770
0 C 823 840
1 B 161 190
2 D 86 425
0 A 632 639
1 D 546 989
2 D 866 669
0 D 315 196
1 B 587 596
2 B 963 988
3 B 345 326
0 A 470 465
1 B 59 36
2 B 292 315
3 C 134 249
0 C 596 555
1 B 347 324
2 C 803 860
0 D 152 359
1 C 188 195
2 A 920 927
0 C 877 786
1 D 121 390
2 A 834 837
0 D 323 188
1 C 429 466
2 C 224 159
0 C 763 644
1 D 210 301
2 B 1022 993
0 B 517 538
1 C 366 273
2 B 573 546
0 D 71 440
1 C 3 124
2 B 972 979
0 A 491 492
1 C 526 625
2 B 826 805
0 C 109 18
1 B 5 26
2 A 719 712
0 D 674 861
1 D 350 161
2 A 606 601
0 C 589 562
1 B 960 991
2 B 914 909
0 A 700 699
1 C 460 435
2 B 920 903
0 B 318 289
1 A 508 507
2 B 389 410
0 C 942 977
1 C 926 993
2 A 325 322
0 C 448 447
1 B 682 693
2 D 47 464
0 B 654 657
1 C 780 883
2 C 180 203
0 C 367 272
1 D 538 997
2 C 696 711
0 D 570 965
1 C 942 977
2 B 216 199
3 D 608 927
0 C 881 782
1 A 137 142
2 D 48 463
0 D 888 647
1 C 832 831
2 B 518 537
3 A 753 758
0 B 889 870
1 B 365 370
2 A 693 690
3 C 317 322
0 D 553 982
1 B 678 697
2 A 986 989
3 B 248 231
0 D 997 538
1 C 840 823
2 C 331 308
0 C 398 497
1 A 156 155
3 C 198 185
0 B 355 380
2 C 612 539
1 C 860 803
0 C 938 981
2 D 834 701
0 A 927 920
1 C 919 1000
3 A 473 478
0 B 889 870
1 A 223 216
2 A 562 565
3 D 229 282
0 A 879 872
1 C 789 874
2 D 497 14
0 A 246 241
1 B 496 495
3 A 58 61
2 C 679 728
0 A 959 952
1 D 995 540
2 D 952 583
0 C 518 633
1 C 761 646
2 D 104 407
0 D 933 602
1 A 560 567
2 C 310 329
0 B 488 503
1 B 780 787
3 D 579 956
0 A 386 389
1 A 260 259
2 D 159 352
0 B 594 589
1 D 734 801
2 C 67 60
0 B 222 193
1 A 31 24
3 C 571 580
0 B 457 470
1 A 398 393
2 D 844 691
0 A 626 629
1 C 675 732
2 C 743 664
0 B 450 477
1 A 129 134
3 C 738 669
0 D 17 494
1 C 1011 908
2 C 102 25
0 A 6 1
1 C 563 588
2 A 523 524
0 D 921 614
1 D 932 603
2 A 2 5
0 D 1023 512
1 A 1 6
2 A 539 540
3 A 135 128
0 C 272 367
1 C 836 827
2 A 811 812
3 B 429 434
0 A 715 716
1 B 589 594
2 B 761 742
0 C 50 77
1 D 146 365
2 A 885 882
0 D 219 292
1 C 1018 901
2 C 116 11
0 D 665 870
1 D 544 991
0 C 933 986
2 D 406 105
0 D 693 842
1 A 328 335
2 C 160 223
0 D 747 788
1 A 681 686
2 B 761 742
0 C 622 529
1 C 778 885
2 C 778 885
0 D 6 505
1 D 862 673
0 D 835 700
1 A 884 883
2 C 543 608
0 D 590 945
1 D 536 999
0 A 572 571
2 D 185 326
0 C 748 659
1 B 651 660
2 D 845 690
0 C 8 119
1 C 232 151
2 D 701 834
0 A 343 336
1 B 184 167
2 D 750 785
0 B 707 732
1 B 684 691
2 C 100 27
0 B 455 472
1 A 499 500
2 D 131 380
0 D 296 215
1 C 606 545
2 A 40 47
0 B 897 926
1 B 287 256
2 A 936 943
0 B 117 106
1 C 679 728
2 A 23 16
0 D 706 829
1 D 672 863
0 A 994 997
2 B 829 802
1 D 746 789
0 B 990 961
2 D 458 53
0 B 212 203
1 B 41 54
2 C 204 179
0 C 49 78
1 C 147 236
2 A 819 820
0 B 396 403
1 D 854 681
0 A 260 259
2 D 918 617
0 A 772 771
1 A 514 517
2 A 231 224
0 A 434 437
1 C 1 126
2 B 319 288
0 B 754 749
1 D 566 969
0 A 632 639
2 A 401 406
1 D 393 118
0 C 745 662
2 C 301 338
1 C 858 805
0 A 988 987
2 D 541 994
0 B 881 878
1 C 79 48
2 D 777 758
0 B 965 986
1 A 8 15
2 B 158 129
0 D 390 121
1 A 374 369
2 A 61 58
0 C 856 807
1 D 592 943
0 D 568 967
2 B 181 170
1 B 541 514
0 C 62 65
2 C 868 795
1 D 407 104
2 B 939 948
0 B 921 902
3 D 383 128
0 C 68 59
1 B 685 690
2 C 515 636
3 D 333 178
0 D 63 448
1 B 955 932
2 A 170 173
3 A 695 688
0 D 984 551
1 D 230 281
2 A 884 883
0 D 554 981
1 D 1004 531
2 C 965 954
0 D 819 716
1 A 783 776
2 A 915 916
3 A 388 387
0 C 35 92
1 D 328 183
2 B 136 151
0 D 825 710
1 B 285 258
2 A 192 199
3 C 385 510
0 C 883 780
1 C 476 419
2 C 231 152
0 D 635 900
1 D 455 56
2 C 64 63
0 D 203 308
1 C 619 532
2 B 165 186
0 D 154 357
1 B 710 729
2 C 233 150
0 D 835 700
1 B 895 864
2 B 665 646
3 B 130 157
0 C 622 529
1 D 293 218
2 A 138 141
0 A 446 441
3 C 771 892
0 B 181 170
1 B 493 498
2 B 441 422
3 A 535 528
0 C 209 174
1 D 796 739
2 C 826 837
0 B 127 96
1 C 795 868
2 C 995 924
0 B 627 620
1 C 1013 906
2 B 670 641
0 D 135 376
1 A 73 78
2 A 752 759
3 B 974 977
0 A 444 443
1 C 803 860
2 C 948 971
0 D 614 921
1 C 454 441
2 A 119 112
0 D 977 558
1 C 380 259
2 D 284 227
0 A 963 964
1 A 4 3
3 C 741 666
0 B 573 546
1 C 799 864
2 B 363 372
0 A 954 957
3 C 139 244
1 A 262 257
0 D 407 104
2 C 557 594
0 B 403 396
1 A 164 163
3 A 179 180
2 C 959 960
0 B 422 441
1 A 13 10
2 A 62 57
3 B 21 10
0 B 86 73
1 B 85 74
2 A 223 216
3 C 62 65
0 B 288 319
1 D 2 509
2 A 545 550
0 A 975 968
1 D 145 366
2 C 141 242
0 C 485 410
1 B 101 122
2 B 361 374
0 D 628 907
1 D 16 495
2 C 828 835
0 A 520 527
1 A 556 555
2 B 232 247
0 B 840 855
1 A 975 968
2 C 839 824
0 D 229 282
1 A 384 391
2 C 401 494
0 A 455 448
1 A 116 115
2 B 917 906
0 D 492 19
1 B 979 972
2 B 694 681
0 C 585 566
1 B 59 36
2 D 501 10
0 D 634 901
1 A 507 508
2 B 952 935
0 D 840 695
1 B 733 706
2 A 700 699
0 B 342 329
1 B 237 242
2 D 489 22
0 D 883 652
1 B 848 847
2 B 75 84
0 B 924 899
1 D 688 847
2 B 925 898
0 D 609 926
1 C 656 751
2 B 507 484
0 C 695 712
1 D 366 145
2 C 393 502
0 C 734 673
1 A 163 164
2 C 408 487
0 B 603 580
1 C 122 5
2 C 532 619
0 A 613 610
1 A 524 523
2 B 710 729
3 B 513 542
0 B 608 639
1 C 143 240
2 B 294 313
3 A 531 532
0 B 538 517
1 A 215 208
2 D 372 139
0 B 54 41
1 B 405 394
2 B 525 530
3 B 489 502
0 B 157 130
1 A 632 639
2 B 990 961
3 B 865 894
0 C 326 313
1 A 321 326
2 B 892 867
3 A 308 307
0 C 351 288
1 D 72 439
2 D 653 882
0 A 63 56
1 D 981 554
2 A 495 488
0 B 796 771
3 D 799 736
0 B 640 671
1 B 231 248
2 C 357 282
0 C 58 69
1 B 603 580
2 B 108 115
3 C 852 811
0 D 295 216
1 C 550 601
2 B 311 296
3 A 28 27
0 A 579 580
1 A 473 478
2 D 649 886
0 C 616 535
1 A 154 157
2 B 960 991
0 B 634 613
1 D 873 662
2 B 63 32
0 A 597 594
1 C 577 574
2 C 699 708
0 B 311 296
1 A 12 11
2 D 74 437
0 D 270 241
1 A 290 293
2 A 717 714
0 D 501 10
1 C 860 803
2 B 737 766
0 B 219 196
1 A 143 136
2 A 661 658
0 A 945 950
1 D 552 983
2 A 467 468
0 D 618 917
1 C 894 769
2 A 183 176
0 D 113 398
1 A 599 592
2 A 396 395
0 A 770 773
1 A 389 386
2 B 783 784
0 A 87 80
1 A 614 609
2 A 112 119
0 A 569 574
1 A 63 56
2 D 912 623
0 A 873 878
1 D 896 639
0 D 105 406
1 A 618 621
2 A 994 997
0 A 680 687
1 B 1 30
2 A 668 667
0 A 867 868
1 C 675 732
2 D 203 308
0 B 828 803
1 B 493 498
2 A 892 891
0 D 963 572
1 C 456 439
2 D 800 735
0 A 191 184
1 A 430 425
2 B 53 42
0 B 368 367
1 D 624 911
0 C 90 37
2 B 254 225
1 C 43 84
0 A 930 933
2 B 569 550
1 B 637 610
0 C 27 100
2 C 27 100
1 D 34 477
0 A 177 182
2 B 271 272
1 A 415 408
0 D 132 379
1 D 748 787
0 C 871 792
2 B 510 481
1 C 117 10
0 A 714 717
2 A 338 341
1 B 185 166
0 C 10 117
2 B 779 788
1 A 625 630
0 C 761 646
2 D 814 721
0 C 694 713
1 D 992 543
0 C 866 797
2 D 537 998
0 D 132 379
1 B 419 444
2 B 120 103
0 D 306 205
1 A 863 856
2 C 315 324
0 D 430 81
1 D 477 34
0 A 180 179
2 C 922 997
1 B 309 298
0 C 895 768
2 B 542 513
1 C 290 349
0 B 128 159
2 D 554 981
0 D 86 425
1 A 848 855
2 D 147 364
0 D 598 937
1 C 587 564
2 A 599 592
0 D 683 852
1 B 315 292
2 C 398 497
0 B 28 3
1 B 110 113
2 C 782 881
0 B 184 167
1 B 141 146
2 C 928 991
0 A 728 735
1 A 504 511
2 B 829 802
0 C 478 417
1 A 812 811
2 C 228 155
0 B 32 63
1 A 883 884
2 C 805 858
0 A 681 686
1 D 199 312
0 C 706 701
2 B 563 556
1 D 230 281
0 A 563 564
2 D 505 6
0 C 546 605
1 C 802 861
2 B 274 269
0 D 187 324
1 C 369 270
2 A 409 414
0 A 312 319
1 A 515 516
2 A 527 520
0 A 171 172
1 D 86 425
0 D 384 127
1 D 503 8
0 A 390 385
2 A 66 69
1 C 135 248
0 A 686 681
2 D 98 413
0 A 60 59
1 C 675 732
2 C 816 847
0 D 412 99
1 A 17 22
2 B 80 79
0 D 82 429
1 C 678 729
2 B 594 589
0 C 673 734
1 A 83 84
2 B 294 313
0 A 321 326
1 B 383 352
2 B 220 195
0 A 449 454
1 B 847 848
2 B 497 494
0 D 567 968
1 D 16 495
0 A 763 764
2 A 958 953
1 B 268 275
0 B 68 91
2 D 971 564
0 B 213 202
1 C 492 403
2 C 46 81
0 C 413 482
1 C 811 852
2 D 401 110
0 B 243 236
1 D 21 490
0 B 620 627
2 B 513 542
1 D 978 557
0 B 624 623
2 A 877 874
1 D 296 215
0 A 54 49
2 D 313 198
0 A 219 220
1 A 353 358
2 D 433 78
0 C 830 833
1 B 805 826
2 B 63 32
0 C 551 600
1 B 723 716
2 D 689 846
0 D 1011 524
1 A 909 906
2 D 837 698
0 C 1016 903
1 A 675 676
2 A 294 289
0 C 734 673
1 B 831 800
2 D 67 444
0 D 931 604
1 D 102 409
0 C 372 267
1 A 411 412
2 B 472 455
3 B 503 488
0 A 107 108
1 D 957 578
2 C 36 91
0 C 523 628
1 C 826 837
2 C 98 29
0 D 698 837
1 C 522 629
2 B 548 571
3 A 21 18
0 A 460 459
1 B 949 938
2 C 724 683
3 C 248 135
0 A 127 120
1 D 325 186
2 A 354 357
3 B 601 582
0 B 939 948
1 A 752 759
2 A 989 986
3 C 318 321
0 C 683 724
1 B 946 941
2 B 903 920
3 C 852 811
0 B 208 207
1 B 504 487
2 B 366 369
3 A 316 315
0 A 982 977
1 D 260 251
2 A 205 202
0 D 579 956
1 B 627 620
2 D 875 660
0 A 382 377
1 D 89 422
2 B 958 929
0 D 933 602
1 C 25 102
2 A 605 602
0 B 5 26
3 D 360 151
1 D 356 155
0 B 918 905
2 D 664 871
1 C 614 537
2 B 404 395
3 B 211 204
0 B 809 822
1 C 879 784
2 A 93 90
3 B 657 654
0 B 971 980
1 C 195 188
2 C 953 966
0 D 652 883
1 C 559 592
2 B 586 597
0 A 96 103
3 D 651 884
1 C 777 886
2 A 819 820
3 B 396 403
0 B 894 865
1 A 891 892
2 A 232 239
3 B 174 177
0 B 6 25
1 C 981 938
2 D 55 456
0 D 964 571
1 A 493 490
2 D 543 992
0 A 709 706
1 D 999 536
2 A 632 639
0 B 478 449
3 D 441 70
1 B 189 162
0 D 692 843
2 C 289 350
1 C 38 89
0 C 234 149
2 A 455 448
1 B 85 74
0 A 430 425
2 B 582 601
1 B 322 349
0 A 449 454
2 D 899 636
1 C 36 91
0 D 290 221
2 D 884 651
1 A 494 489
0 A 453 450
2 A 60 59
1 B 813 818
0 A 267 268
2 D 245 266
1 B 592 591
0 C 587 564
2 A 249 254
1 C 616 535
0 C 265 374
2 A 784 791
1 A 873 878
0 D 311 200
1 C 699 708
2 D 540 995
0 A 154 157
1 D 457 54
2 A 218 221
0 A 898 901
1 D 242 269
0 A 77 74
2 A 12 11
1 A 534 529
0 C 649 758
2 D 928 607
0 A 626 629
1 A 537 542
2 A 775 768
0 B 420 443
1 D 372 139
0 A 289 294
2 D 1011 524
0 D 305 206
1 A 129 134
2 A 544 551
0 D 76 435
1 C 805 858
2 B 724 715
0 B 873 886
1 C 480 415
2 C 829 834
0 A 291 292
1 B 853 842
2 C 869 794
0 C 322 317
1 D 401 110
0 B 796 771
2 D 248 263
0 D 296 215
1 A 434 437
2 A 586 589
0 C 923 996
1 B 304 303
2 B 355 380
0 B 550 569
1 B 838 857
2 B 864 895
0 A 896 903
1 D 137 374
0 D 854 681
1 A 57 62
2 C 81 46
0 B 664 647
1 B 1023 992
2 C 302 337
0 B 765 738
1 D 200 311
0 D 459 52
1 B 64 95
2 B 151 136
0 C 932 987
1 D 960 575
0 B 114 109
2 C 964 955
1 D 697 838
0 B 536 519
2 D 285 226
0 C 728 679
1 B 519 536
2 D 539 996
0 A 459 460
1 D 368 143
0 B 186 165
2 D 880 655
0 C 575 576
1 B 627 620
2 A 991 984
0 A 457 462
1 A 793 798
2 A 820 819
0 A 492 491
1 B 520 535
2 D 963 572
0 A 135 128
1 D 867 668
0 D 872 663
1 B 103 120
2 A 299 300
0 D 667 868
1 C 205 178
2 C 709 698
0 C 825 838
1 C 283 356
2 B 664 647
0 B 624 623
1 C 777 886
2 C 213 170
0 A 543 536
1 A 90 93
2 D 637 898
0 A 288 295
1 A 506 509
2 C 143 240
0 D 228 283
1 B 635 612
2 B 408 391
0 A 669 666
1 D 937 598
0 B 731 708
2 A 945 950
1 D 674 861
0 A 583 576
2 A 973 970
1 D 66 445
0 B 663 648
2 B 198 217
1 C 149 234
0 D 836 699
1 C 698 709
2 C 921 998
0 B 778 789
1 D 614 921
2 A 235 236
3 D 575 960
0 B 707 732
1 C 100 27
2 A 606 601
3 D 657 878
0 B 990 961
1 A 572 571
2 D 381 130
3 C 659 748
0 B 443 420
1 C 224 159
2 A 767 760
3 A 665 670
0 B 117 106
1 A 843 844
2 B 23 8
3 C 2 125
0 A 387 388
1 D 165 346
2 A 512 519
3 B 240 239
0 B 885 874
1 D 664 871
2 D 332 179
0 D 401 110
1 C 751 656
2 C 717 690
3 C 278 361
0 B 310 297
1 C 737 670
2 A 513 518
3 A 969 974
0 A 586 589
1 B 864 895
2 D 814 721
0 A 596 595
1 A 37 34
2 B 324 347
3 B 699 676
0 B 689 686
1 A 56 63
2 A 777 782
3 C 106 21
0 C 697 710
1 A 884 883
2 C 260 379
0 D 355 156
1 A 323 324
2 C 439 456
0 B 222 193
1 D 482 29
2 A 375 368
3 B 789 778
0 B 194 221
1 C 776 887
2 A 668 667
0 C 720 687
1 C 557 594
2 C 575 576
0 A 702 697
1 A 718 713
3 D 200 311
0 D 1001 534
1 B 753 750
2 A 373 370
3 C 143 240
0 A 758 753
1 C 110 17
2 D 127 384
0 D 215 296
1 B 122 101
2 D 158 353
0 B 472 455
1 B 141 146
3 A 506 509
2 D 278 233
0 D 475 36
1 C 502 393
2 B 955 932
0 C 200 183
1 B 831 800
2 A 711 704
3 B 392 407
0 A 823 816
1 D 80 431
2 A 372 371
0 B 405 394
3 C 155 228
0 A 258 261
1 A 3 4
2 A 553 558
3 D 661 874
0 A 669 666
1 A 680 687
2 C 687 720
0 D 407 104
1 A 98 101
2 D 237 274
0 B 56 39
1 C 866 797
2 D 375 136
0 D 165 346
1 A 910 905
2 D 68 443
0 B 902 921
1 C 693 714
2 D 378 133
0 D 448 63
1 B 93 66
2 D 558 977
0 C 342 297
1 D 654 881
2 A 908 907
0 A 530 533
1 C 107 20
2 D 433 78
0 B 614 633
1 B 135 152
2 C 845 818
0 B 347 324
1 A 343 336
2 D 499 12
0 A 711 704
1 B 337 334
2 A 349 346
0 A 81 86
1 B 756 747
2 B 276 267
0 A 858 861
1 C 671 736
2 A 944 951
0 D 838 697
1 A 406 401
2 C 411 484
0 C 641 766
1 D 658 877
0 C 281 358
2 D 816 719
0 A 641 646
1 A 304 311
2 C 769 894
0 D 640 895
1 B 631 616
2 A 828 827
0 C 455 440
1 C 329 310
2 C 891 772
0 C 393 502
1 B 747 756
2 D 59 452
0 C 529 622
1 B 850 845
2 A 623 616
0 B 207 208
1 B 615 632
2 D 268 243
0 D 816 719
1 B 233 246
2 D 153 358
0 D 47 464
1 C 940 979
2 B 825 806
0 C 588 563
1 C 529 622
2 D 724 811
0 C 491 404
1 A 225 230
2 B 549 570
0 B 490 501
1 D 211 300
0 D 42 469
1 C 847 816
2 B 297 310
0 C 289 350
1 A 373 370
2 C 462 433
0 A 662 657
1 A 554 557
2 B 667 644
3 D 169 342
4 C 231 152
0 B 816 815
1 D 38 473
2 C 994 925
3 C 5 122
4 C 471 424
0 B 766 737
1 D 78 433
2 A 361 366
3 D 642 893
4 C 886 777
0 B 442 421
1 C 639 512
2 A 882 885
3 D 997 538
4 C 79 48
0 D 427 84
1 C 605 546
2 D 143 368
3 C 77 50
4 C 1007 912
0 B 519 536
1 C 814 849
2 D 428 83
3 C 125 2
4 A 906 909
0 C 254 129
1 C 515 636
2 C 751 656
3 A 459 460
4 A 464 471
0 C 670 737
1 C 605 546
2 D 647 888
3 B 267 276
4 D 78 433
0 B 898 925
1 D 923 612
2 D 676 859
3 D 8 503
4 A 85 82
0 B 950 937
1 D 620 915
2 B 121 102
3 D 64 447
4 D 396 115
0 B 859 836
1 B 812 819
2 C 682 725
3 A 423 416
4 B 305 302
0 D 633 902
1 D 555 980
2 A 320 327
3 C 451 444
4 C 884 779
0 D 188 323
1 B 139 148
2 D 466 45
3 D 718 817
4 B 480 511
0 D 565 970
1 C 803 860
2 B 493 498
3 D 371 140
4 B 520 535
0 B 416 447
1 D 693 842
2 C 289 350
3 A 380 379
4 C 746 661
0 B 373 362
1 B 12 19
2 B 31 0
3 C 33 94
4 A 206 201
0 D 733 802
1 D 716 819
2 C 1004 915
3 D 455 56
4 D 917 618
0 D 504 7
1 B 649 662
2 B 379 356
3 D 444 67
4 A 982 977
0 B 848 847
1 C 745 662
2 A 154 157
3 A 867 868
4 D 785 750
0 D 408 103
1 A 896 903
2 B 245 234
3 B 217 198
4 A 990 985
0 D 579 956
1 D 683 852
2 A 125 122
3 A 963 964
4 A 282 285
0 C 656 751
1 D 188 323
2 C 52 75
3 A 762 765
4 C 585 566
0 B 148 139
1 D 334 177
2 D 913 622
3 D 47 464
4 C 965 954
0 B 842 853
1 D 396 115
2 D 642 893
3 D 217 294
4 C 423 472
0 C 612 539
1 A 941 938
2 B 70 89
3 C 792 871
4 A 16 23
0 C 394 501
1 A 645 642
2 A 89 94
3 C 766 641
4 C 132 251
0 A 307 308
1 D 919 616
2 D 113 398
3 A 38 33
4 A 680 687
0 C 297 342
1 C 825 838
2 D 943 592
3 D 581 954
4 D 118 393
0 C 141 242
1 B 345 326
2 B 804 827
3 A 130 133
4 B 817 814
0 C 191 192
1 B 915 908
2 D 943 592
3 D 543 992
4 B 202 213
0 C 805 858
1 A 885 882
2 D 713 822
3 B 193 222
4 B 1017 998
0 C 508 387
1 B 616 631
2 B 169 182
3 B 41 54
4 C 70 57
0 A 903 896
1 D 440 71
2 C 967 952
3 C 367 272
4 A 940 939
0 B 141 146
1 B 500 491
2 A 547 548
3 B 609 638
4 C 399 496
0 D 995 540
1 C 481 414
2 D 576 959
3 B 332 339
4 D 717 818
0 B 299 308
1 A 255 248
2 C 222 161
3 D 92 419
4 C 522 629
0 C 576 575
1 A 925 922
2 C 355 284
3 A 564 563
4 B 910 913
0 A 296 303
1 C 876 787
2 D 186 325
3 D 834 701
4 D 415 96
0 B 762 741
1 A 244 243
2 C 83 44
3 D 909 626
4 C 277 362
0 B 36 59
1 B 376 359
2 A 673 678
3 D 544 991
4 C 284 355
0 B 273 270
1 B 579 604
2 D 80 431
3 A 539 540
4 D 823 712
0 A 475 476
1 A 910 905
2 A 751 744
3 B 584 599
4 B 976 975
0 C 679 728
1 A 498 501
2 D 78 433
3 A 637 634
4 C 301 338
0 C 546 605
1 B 473 454
2 D 407 104
3 C 682 725
0 A 957 954
1 C 183 200
2 C 135 248
3 C 987 932
4 A 68 67
0 B 611 636
1 A 266 269
2 C 511 384
3 C 44 83
0 D 434 77
1 A 336 343
2 C 264 375
3 D 611 924
4 D 368 143
0 B 737 766
1 B 294 313
2 B 716 723
3 A 420 419
4 D 961 574
0 C 933 986
1 A 742 737
2 B 909 914
3 B 890 869
4 D 605 930
0 D 243 268
1 B 989 962
2 B 48 47
3 B 585 598
4 B 211 204
0 D 477 34
1 A 892 891
2 C 93 34
3 D 316 195
0 D 44 467
1 D 836 699
2 C 337 302
3 B 493 498
4 A 781 778
0 C 411 484
1 B 273 270
2 D 960 575
3 A 469 466
0 B 367 368
1 C 600 551
2 D 790 745
4 C 517 634
0 D 342 169
1 A 197 194
2 D 214 297
3 C 1020 899
0 C 93 34
1 B 876 883
2 A 787 788
3 B 809 822
4 C 110 17
0 A 551 544
1 B 825 806
2 C 550 601
3 B 428 435
4 A 757 754
0 B 602 581
1 D 535 1000
2 C 229 154
3 C 147 236
0 B 82 77
1 C 725 682
2 A 767 760
4 D 879 656
0 C 258 381
1 A 968 975
2 D 442 69
3 C 131 252
0 D 285 226
1 C 954 965
2 C 377 262
3 A 650 653
0 B 921 902
1 D 766 769
2 A 711 704
3 D 450 61
0 C 349 290
1 D 553 982
2 D 736 799
0 C 14 113
1 A 832 839
2 C 388 507
3 C 466 429
0 D 196 315
1 B 702 673
2 A 112 119
3 A 727 720
4 D 192 319
0 A 824 831
1 D 546 989
2 B 145 142
3 A 942 937
4 C 263 376
0 A 197 194
1 B 51 44
2 D 719 816
3 A 206 201
0 D 701 834
1 B 202 213
2 B 514 541
3 A 433 438
4 D 883 652
0 D 627 908
1 A 424 431
2 C 330 309
3 B 431 432
0 D 572 963
1 C 702 705
2 C 718 689
3 B 65 94
0 A 846 841
1 A 467 468
2 C 1004 915
4 C 270 369
0 D 846 689
1 D 288 223
2 C 956 963
3 C 987 932
0 D 904 631
1 B 715 724
2 C 768 895
3 B 572 547
0 C 275 364
1 B 832 863
2 A 238 233
3 A 104 111
4 A 752 759
0 A 948 947
1 C 577 574
2 A 53 50
3 C 870 793
0 C 12 115
1 D 791 744
2 A 557 554
3 D 261 250
0 A 590 585
1 D 310 201
2 B 420 443
3 A 630 625
4 C 46 81
0 A 966 961
1 C 77 50
2 B 182 169
3 B 301 306
0 C 993 926
1 A 351 344
2 A 179 180
3 A 973 970
4 B 707 732
0 A 380 379
1 B 113 110
2 C 321 318
3 D 750 785
0 D 416 95
1 B 667 644
2 B 627 620
3 B 99 124
4 A 977 982
0 A 695 688
1 D 406 105
2 B 221 194
3 A 80 87
0 D 941 594
1 C 754 653
2 B 705 734
3 D 467 44
0 C 308 331
1 A 64 71
2 D 343 168
3 B 934 953
4 B 227 252
0 B 229 250
1 B 961 990
2 C 237 146
3 A 270 265
0 D 817 718
1 C 211 172
2 C 60 67
3 D 434 77
0 C 828 835
1 D 846 689
2 C 513 638
3 D 833 702
0 D 494 17
1 A 799 792
2 B 254 225
3 A 226 229
4 C 787 876
0 B 260 283
1 B 834 861
2 A 726 721
3 C 451 444
4 B 355 380
0 C 803 860
1 A 863 856
2 B 648 663
3 D 909 626
4 D 628 907
0 C 890 773
1 B 798 769
2 C 822 841
3 A 923 924
4 B 30 1
0 A 98 101
1 C 241 142
2 A 588 587
3 D 480 31
0 D 481 30
1 C 245 138
2 D 329 182
3 D 964 571
0 C 871 792
1 A 760 767
2 C 922 997
3 D 678 857
0 D 972 563
1 A 738 741
2 D 345 166
3 B 805 826
4 A 945 950
0 D 230 281
1 D 314 197
2 B 410 389
3 A 345 350
4 B 445 418
0 B 938 949
1 A 325 322
2 C 803 860
3 A 697 702
4 D 209 302
0 B 888 871
1 B 921 902
2 D 772 763
3 C 398 497
4 D 668 867
0 B 601 582
1 A 667 668
2 A 538 541
3 B 436 427
4 B 852 843
0 B 551 568
1 C 495 400
2 C 995 924
3 C 417 478
0 B 231 248
1 D 343 168
2 A 33 38
3 C 793 870
4 A 1 6
0 A 543 536
1 B 603 580
2 C 957 962
3 B 496 495
4 A 191 184
0 C 616 535
1 D 822 713
2 A 120 127
3 A 35 36
4 A 250 253
0 D 872 663
1 B 312 295
2 C 541 610
3 D 387 124
0 A 778 781
1 C 94 33
2 A 556 555
4 C 104 23
0 D 40 471
1 C 635 516
2 A 616 623
3 A 986 989
4 A 450 453
0 C 289 350
1 D 993 542
2 D 959 576
3 A 2 5
0 D 583 952
1 B 472 455
2 D 164 347
3 A 276 275
4 B 443 420
0 A 750 745
1 A 343 336
2 B 732 707
3 A 194 197
4 C 8 119
0 C 572 579
1 A 68 67
2 A 956 955
3 B 91 68
4 A 444 443
0 D 898 637
1 A 49 54
2 A 328 335
3 D 502 9
0 C 387 508
1 C 274 365
2 A 128 135
3 B 21 10
4 A 99 100
0 D 877 658
1 D 677 858
2 B 910 913
3 B 255 224
4 A 27 28
0 C 777 886
1 D 434 77
2 B 346 325
3 A 41 46
4 A 510 505
0 B 509 482
1 A 808 815
2 D 1003 532
3 A 235 236
4 A 797 794
0 A 508 507
1 C 515 636
2 C 445 450
3 D 189 322
0 D 2 509
1 B 176 175
2 A 120 127
3 D 89 422
0 C 302 337
1 D 422 89
2 B 533 522
3 B 470 457
0 C 237 146
1 B 730 709
2 C 237 146
3 B 328 343
0 A 711 704
1 C 271 368
2 A 752 759
3 A 83 84
0 D 771 764
1 C 487 408
2 D 94 417
3 D 657 878
0 D 413 98
1 C 692 715
2 B 60 35
3 C 92 35
0 A 745 750
1 A 254 249
2 C 440 455
3 A 501 498
4 A 228 227
0 A 905 910
1 B 139 148
2 D 470 41
3 A 301 298
0 C 289 350
1 B 16 15
2 A 63 56
3 D 569 966
0 A 604 603
1 C 521 630
2 C 692 715
3 C 651 756
0 C 642 765
1 C 209 174
2 D 588 947
3 D 572 963
0 D 830 705
1 A 551 544
2 A 581 578
3 A 416 423
4 A 422 417
0 B 419 444
1 D 53 458
2 C 595 556
3 D 809 726
0 B 402 397
1 C 239 144
2 A 658 661
3 C 766 641
0 C 176 207
1 D 208 303
2 A 690 693
3 C 53 74
0 C 595 556
1 C 41 86
2 D 391 120
0 D 5 506
1 D 580 955
2 A 273 278
3 C 657 750
0 D 834 701
1 B 515 540
2 B 728 711
3 B 192 223
4 B 810 821
0 B 762 741
1 C 0 127
2 B 868 891
3 B 277 266
4 D 744 791
0 A 813 810
1 A 440 447
2 C 806 857
3 A 423 416
0 B 875 884
1 A 143 136
2 B 368 367
4 C 434 461
0 B 320 351
1 D 819 716
2 D 466 45
0 C 548 603
1 D 985 550
2 D 941 594
0 C 731 676
1 B 562 557
3 D 256 255
2 D 320 191
0 D 892 643
1 A 656 663
2 A 618 621
3 D 341 170
0 A 456 463
1 C 409 486
2 C 193 190
3 A 768 775
0 C 96 31
1 A 5 2
2 C 306 333
3 A 722 725
0 D 83 428
1 D 733 802
2 D 953 582
0 D 86 425
1 A 140 139
2 B 691 684
3 A 677 674
0 C 539 612
1 D 174 337
2 D 94 417
3 C 681 726
0 B 388 411
1 A 287 280
2 B 540 515
3 D 600 935
0 A 878 873
1 D 938 597
2 A 177 182
3 A 252 251
0 D 42 469
1 B 931 956
2 A 289 294
3 C 145 238
0 D 489 22
1 D 785 750
2 A 219 220
3 A 867 868
0 C 76 51
1 A 815 808
2 A 632 639
3 B 431 432
0 D 924 611
1 D 666 869
2 B 283 260
3 C 28 99
0 D 658 877
1 C 677 730
2 C 508 387
0 C 712 695
1 B 777 790
2 A 397 394
3 A 110 105
0 B 248 231
1 C 876 787
2 C 948 971
3 C 410 485
0 B 849 846
1 A 486 481
2 D 94 417
3 D 183 328
0 A 442 445
1 D 52 459
2 D 732 803
0 C 358 281
1 C 395 500
2 B 930 957
3 C 756 651
0 D 619 916
1 B 206 209
2 C 605 546
0 A 437 434
1 B 987 964
3 C 824 839
0 C 50 77
1 C 721 686
2 D 728 807
0 C 127 0
1 D 293 218
2 D 866 669
0 B 953 934
1 A 886 881
3 D 969 566
0 D 256 255
1 C 675 732
2 C 38 89
0 D 797 738
1 C 733 674
2 A 23 16
3 A 8 15
0 B 533 522
1 C 361 278
2 D 854 681
0 B 33 62
1 B 303 304
3 D 810 725
0 D 851 684
1 D 491 20
2 A 437 434
0 C 382 257
1 A 713 718
2 C 156 227
0 A 935 928
1 D 469 42
2 C 751 656
0 D 644 891
1 D 290 221
2 A 571 572
0 A 860 859
total time of producer and consumer measured by clock(2):
producer takes 2117120000 clicks 2117.120117 seconds.
consumer takes 2142470000 clicks 2142.469971 seconds.
total time of producer and consumer measured by time(2):
producer takes 1062.000000 seconds.
consumer takes 1071.000000 seconds.
