0 B 415 384
1 C 180 203
2 B 205 210
3 A 939 940
4 B 902 921
0 B 771 796
1 A 348 347
2 C 394 501
3 B 850 845
4 A 176 183
0 C 473 422
1 B 747 756
2 C 625 526
3 C 37 90
4 B 580 603
0 B 850 845
1 C 884 779
2 D 956 579
3 C 12 115
4 C 95 32
0 A 59 60
1 D 176 335
2 B 775 792
3 D 351 160
4 A 351 344
0 C 987 932
1 C 324 315
2 D 608 927
3 B 874 885
4 A 331 332
0 D 539 996
1 C 940 979
2 D 409 102
3 C 480 415
4 B 492 499
0 A 970 973
1 B 276 267
2 C 541 610
3 A 353 358
4 D 109 402
0 A 26 29
1 D 210 301
2 C 691 716
3 D 436 75
4 A 125 122
0 A 124 123
1 B 556 563
2 B 863 832
3 B 419 444
4 C 818 845
0 B 633 614
1 A 970 973
2 D 320 191
3 A 441 446
4 C 231 152
0 A 902 897
1 D 740 795
2 D 267 244
3 A 110 105
4 C 150 233
0 C 792 871
1 C 408 487
2 B 187 164
3 B 819 812
4 D 680 855
0 B 357 378
1 D 805 730
2 C 1001 918
3 A 229 226
4 B 505 486
0 B 783 784
1 D 349 162
2 D 293 218
3 A 284 283
4 D 204 307
0 A 128 135
1 B 330 341
2 B 647 664
3 D 736 799
4 B 856 839
0 B 235 244
1 A 42 45
2 A 848 855
3 D 1020 515
4 B 915 908
0 B 269 274
1 D 706 829
2 D 62 449
3 D 696 839
4 C 780 883
0 A 366 361
1 C 194 189
2 C 556 595
3 A 174 169
4 C 869 794
0 B 261 282
1 C 724 683
2 B 47 48
3 B 286 257
4 D 44 467
0 A 263 256
1 B 67 92
2 B 589 594
3 D 934 601
4 D 921 614
0 D 236 275
1 B 400 399
2 A 434 437
3 D 403 108
4 B 64 95
0 A 712 719
1 B 738 765
2 A 836 835
3 C 1016 903
4 C 330 309
0 D 161 350
1 C 378 261
2 A 210 213
3 A 669 666
4 A 155 156
0 B 743 760
1 D 337 174
2 D 584 951
3 D 383 128
4 B 873 886
0 A 179 180
1 C 544 607
2 C 382 257
3 B 853 842
4 A 584 591
0 B 377 358
1 C 543 608
2 A 11 12
3 B 204 211
4 D 840 695
0 C 680 727
1 D 78 433
2 C 213 170
3 A 995 996
4 B 263 280
0 B 438 425
1 B 214 201
2 A 719 712
3 C 494 401
4 D 620 915
0 B 85 74
1 A 855 848
2 D 719 816
3 B 786 781
4 B 399 400
0 A 128 135
1 C 227 156
2 B 402 397
3 D 922 613
4 D 679 856
0 B 439 424
1 C 289 350
2 B 847 848
3 C 614 537
4 B 430 433
0 D 278 233
1 D 897 638
2 C 970 949
3 D 484 27
4 D 472 39
0 D 386 125
1 A 259 260
2 B 529 526
3 D 917 618
4 D 858 677
0 D 66 445
1 C 324 315
2 D 992 543
3 D 175 336
4 B 66 93
0 B 141 146
1 A 920 927
2 B 872 887
3 A 82 85
4 C 231 152
0 D 828 707
1 A 856 863
2 D 328 183
3 C 1005 914
4 C 387 508
0 A 574 569
1 B 436 427
2 B 225 254
3 B 521 534
4 B 924 899
0 D 76 435
1 B 589 594
2 A 40 47
3 A 746 749
4 D 850 685
0 B 687 688
1 C 403 492
2 D 69 442
3 D 761 774
4 C 506 389
0 A 301 298
1 C 954 965
2 C 479 416
3 B 222 193
4 A 201 206
0 B 988 963
1 B 964 987
2 A 43 44
3 C 625 526
4 A 356 355
0 B 365 370
1 C 981 938
2 A 116 115
3 D 496 15
4 C 309 330
0 B 13 18
1 C 799 864
2 A 502 497
3 C 223 160
4 B 516 539
0 D 431 80
1 D 994 541
2 D 419 92
3 A 468 467
4 C 434 461
0 B 158 129
1 C 357 282
2 A 627 628
3 D 32 479
4 C 659 748
0 B 42 53
1 C 1 126
2 B 718 721
3 B 232 247
4 B 763 740
0 B 109 114
1 C 669 738
2 D 643 892
3 B 587 596
4 A 632 639
0 D 846 689
1 B 475 452
2 A 953 958
3 A 331 332
4 D 43 468
0 A 405 402
1 D 860 675
2 A 273 278
3 D 91 420
4 C 190 193
0 A 364 363
1 D 719 816
2 D 330 181
3 D 274 237
4 C 770 893
0 D 427 84
1 C 95 32
2 C 151 232
3 B 698 677
4 B 234 245
0 C 251 132
1 D 610 925
2 C 159 224
3 A 784 791
4 C 75 52
0 A 438 433
1 B 405 394
2 A 97 102
3 A 283 284
4 B 403 396
0 A 860 859
1 B 724 715
2 D 346 165
3 C 575 576
4 B 13 18
0 C 299 340
1 D 822 713
2 A 708 707
3 D 195 316
4 B 853 842
0 B 186 165
1 A 512 519
2 A 750 745
3 C 817 846
4 C 663 744
0 A 79 72
1 C 571 580
2 D 174 337
3 C 553 598
4 B 174 177
0 D 1005 530
1 B 646 665
2 D 419 92
3 B 194 221
4 B 747 756
0 B 107 116
1 D 760 775
2 C 704 703
3 D 789 746
4 D 208 303
0 A 836 835
1 A 393 398
2 D 620 915
3 A 675 676
4 A 515 516
0 D 886 649
1 A 79 72
2 D 711 824
3 C 564 587
4 A 774 769
0 D 56 455
1 C 433 462
2 C 436 459
3 B 913 910
4 B 543 512
0 B 710 729
1 B 268 275
2 A 918 913
3 A 431 424
4 C 46 81
0 A 113 118
1 D 1023 512
2 D 956 579
3 D 329 182
4 A 948 947
0 D 720 815
1 C 537 614
2 C 7 120
3 D 137 374
4 A 545 550
0 D 141 370
1 D 88 423
2 C 621 530
3 A 997 994
4 A 276 275
0 B 260 283
1 C 513 638
2 D 5 506
3 C 704 703
4 C 85 42
0 D 172 339
1 B 770 797
2 A 588 587
3 D 343 168
4 B 211 204
0 B 117 106
1 D 405 106
2 C 92 35
3 B 548 571
4 B 787 780
0 B 406 393
1 D 372 139
2 D 671 864
3 C 926 993
4 B 955 932
0 B 957 930
1 D 148 363
2 A 549 546
3 C 802 861
4 D 422 89
0 C 337 302
1 B 500 491
2 D 988 547
3 C 114 13
4 D 901 634
0 A 968 975
1 D 100 411
2 B 34 61
3 A 790 785
4 C 55 72
0 B 184 167
1 A 835 836
2 A 633 638
3 D 473 38
4 B 123 100
0 D 73 438
1 D 291 220
2 C 677 730
3 B 805 826
4 A 491 492
0 D 793 742
1 D 557 978
2 B 226 253
3 D 331 180
4 D 292 219
0 D 836 699
1 B 700 675
2 C 949 970
3 B 161 190
4 D 210 301
0 B 22 9
1 C 333 306
2 B 770 797
3 D 395 116
4 A 716 715
0 A 385 390
1 D 451 60
2 D 416 95
3 D 340 171
4 A 534 529
0 B 218 197
1 D 708 827
2 C 956 963
3 B 313 294
4 D 816 719
0 A 359 352
1 B 790 777
2 D 98 413
3 D 719 816
4 A 879 872
0 A 371 372
1 A 78 73
2 C 600 551
3 C 174 209
4 D 497 14
0 D 854 681
1 D 109 402
2 A 617 622
3 B 565 554
4 C 876 787
0 A 86 81
1 D 981 554
2 A 17 22
3 D 925 610
4 B 457 470
0 A 58 61
1 B 296 311
2 C 243 140
3 C 183 200
4 C 974 945
0 C 28 99
1 B 245 234
2 B 882 877
3 A 30 25
4 C 31 96
0 C 1004 915
1 B 966 985
2 B 541 514
3 A 623 616
4 A 824 831
0 B 538 517
1 A 744 751
2 C 601 550
3 D 388 123
4 D 12 499
0 B 334 337
1 A 601 606
2 D 805 730
3 C 628 523
4 A 645 642
0 A 711 704
1 D 95 416
2 C 940 979
3 D 26 485
4 D 430 81
0 C 797 866
1 C 772 891
2 C 504 391
3 C 91 36
4 B 311 296
0 D 232 279
1 A 323 324
2 B 772 795
3 C 20 107
4 D 337 174
0 A 494 489
1 A 789 786
2 B 670 641
3 C 819 844
4 C 250 133
0 C 708 699
1 B 698 677
2 B 692 683
3 A 790 785
4 C 286 353
0 D 720 815
1 A 983 976
2 A 299 300
3 D 792 743
4 B 936 951
0 B 912 911
1 A 964 963
2 A 145 150
3 A 2 5
4 C 512 639
0 D 904 631
1 B 584 599
2 B 785 782
3 B 886 873
4 B 553 566
0 D 889 646
1 A 700 699
2 D 201 310
3 B 547 572
4 C 994 925
0 C 443 452
1 B 71 88
2 D 961 574
3 C 587 564
4 C 282 357
0 B 278 265
1 B 290 317
2 A 962 965
3 B 751 752
4 A 870 865
0 C 694 713
1 B 435 428
2 D 776 759
3 A 55 48
4 B 237 242
0 A 471 464
1 D 896 639
2 B 229 250
3 D 591 944
4 C 936 983
0 D 31 480
1 B 129 158
2 C 244 139
3 A 825 830
4 C 555 596
0 A 151 144
1 A 853 850
2 A 782 777
3 D 987 548
4 B 977 974
0 D 314 197
1 B 504 487
2 D 781 754
3 B 529 526
4 D 430 81
0 D 393 118
1 D 909 626
2 A 831 824
3 C 293 346
4 D 600 935
0 C 861 802
1 C 545 606
2 C 696 711
3 C 232 151
4 A 661 658
0 A 489 494
1 D 186 325
2 C 974 945
3 B 526 529
4 A 486 481
0 B 264 279
1 B 939 948
2 B 875 884
3 B 384 415
4 B 750 753
0 D 127 384
1 C 873 790
2 A 418 421
3 A 335 328
4 A 351 344
0 D 219 292
1 C 788 875
2 D 275 236
3 A 512 519
4 C 308 331
0 B 920 903
1 C 994 925
2 B 347 324
3 B 338 333
4 B 254 225
0 C 926 993
1 A 464 471
2 D 420 91
3 D 164 347
4 B 153 134
0 D 579 956
1 D 1013 522
2 D 53 458
3 A 262 257
4 B 970 981
0 B 933 954
1 A 561 566
2 A 177 182
3 A 432 439
4 A 405 402
0 A 602 605
1 D 617 918
2 D 715 820
3 C 644 763
4 D 226 285
0 D 135 376
1 B 57 38
2 D 962 573
3 A 8 15
4 B 831 800
0 C 462 433
1 A 841 846
2 A 196 195
3 B 266 277
4 B 134 153
0 A 681 686
1 C 365 274
2 B 640 671
3 D 273 238
4 A 630 625
0 B 905 918
1 A 260 259
2 A 146 149
3 B 127 96
4 D 982 553
0 D 119 392
1 A 287 280
2 A 787 788
3 C 486 409
4 A 700 699
0 B 405 394
1 C 878 785
2 C 761 646
3 C 247 136
4 D 264 247
0 D 762 773
1 B 634 613
2 B 88 71
3 C 495 400
4 A 195 196
0 B 316 291
1 B 970 981
2 C 316 323
3 C 927 992
4 D 218 293
0 A 205 202
1 C 983 936
2 D 478 33
3 A 446 441
4 D 494 17
0 D 25 486
1 B 555 564
2 A 157 154
3 C 551 600
4 B 984 967
0 C 196 187
1 D 29 482
2 B 380 355
3 A 186 189
4 A 766 761
0 C 409 486
1 C 799 864
2 A 6 1
3 B 418 445
4 A 433 438
0 B 700 675
1 D 719 816
2 A 58 61
3 D 408 103
4 D 914 621
0 B 822 809
1 A 518 513
2 B 199 216
3 D 929 606
4 B 592 591
0 C 418 477
1 C 566 585
2 A 822 817
3 C 572 579
4 B 910 913
0 A 99 100
1 B 650 661
2 B 524 531
3 B 235 244
4 B 968 983
0 A 42 45
1 A 65 70
2 B 323 348
3 D 912 623
4 A 671 664
0 C 722 685
1 D 264 247
2 C 742 665
3 B 943 944
4 D 931 604
0 B 5 26
1 A 533 530
2 C 427 468
3 D 11 500
4 A 814 809
0 C 761 646
1 C 17 110
2 A 9 14
3 C 968 951
4 D 359 152
0 C 170 213
1 D 973 562
2 D 494 17
3 C 441 454
4 B 10 21
0 D 790 745
1 A 796 795
2 A 788 787
3 B 557 562
4 C 798 865
0 C 957 962
1 D 335 176
2 C 933 986
3 A 965 962
4 A 623 616
0 A 386 389
1 A 57 62
2 A 377 382
3 C 864 799
4 C 324 315
0 D 509 2
1 D 19 492
2 B 841 854
3 D 69 442
4 D 134 377
0 D 561 974
1 B 362 373
2 D 576 959
3 B 532 523
4 C 756 651
0 A 802 805
1 A 153 158
2 A 456 463
3 D 732 803
total time of producer and consumer measured by clock(2):
Consumer takes 111600000 clicks (111.599998 seconds).
Producer takes 111390000 clicks (111.389999 seconds).

total time of producer and consumer measured by time(2):
Consumer takes 108.000000 seconds.
Producer takes 115.000000 seconds.
