0 A 292 291
1 A 580 579
2 C 336 303
3 A 348 347
4 C 182 201
0 D 713 822
1 C 553 598
2 B 27 4
3 D 50 461
4 B 306 301
0 D 86 425
1 C 686 721
2 D 428 83
3 C 817 846
4 D 19 492
0 B 331 340
1 C 347 292
2 D 850 685
3 C 255 128
4 A 669 666
0 B 787 780
1 D 253 258
2 C 122 5
3 B 591 592
4 A 922 925
0 C 93 34
1 A 280 287
2 D 218 293
3 B 957 930
4 B 657 654
0 D 653 882
1 C 433 462
2 B 661 650
3 A 5 2
4 C 47 80
0 D 797 738
1 B 222 193
2 D 898 637
3 A 499 500
4 C 322 317
0 D 955 580
1 B 509 482
2 C 699 708
3 D 74 437
4 C 39 88
0 A 250 253
1 A 987 988
2 D 595 940
3 A 123 124
4 B 733 706
0 B 990 961
1 A 511 504
2 A 325 322
3 D 305 206
4 C 36 91
0 C 352 287
1 C 398 497
2 A 945 950
3 A 547 548
4 A 631 624
0 B 648 663
1 A 318 313
2 B 304 303
3 D 293 218
4 B 816 815
0 D 853 682
1 C 160 223
2 D 124 387
3 C 937 982
4 D 314 197
0 A 676 675
1 B 423 440
2 A 706 709
3 C 397 498
4 B 961 990
0 A 236 235
1 A 940 939
2 D 387 124
3 A 662 657
4 A 965 962
0 D 799 736
1 B 579 604
2 A 134 129
3 C 884 779
4 B 812 819
0 A 586 589
1 A 688 695
2 C 22 105
3 C 685 722
4 D 900 635
0 D 353 158
1 B 151 136
2 C 63 64
3 D 919 616
4 D 446 65
0 C 684 723
1 C 895 768
2 A 552 559
3 B 609 638
4 C 488 407
0 C 1021 898
1 C 211 172
2 C 959 960
3 B 740 763
4 B 637 610
0 C 950 969
1 D 897 638
2 D 498 13
3 B 984 967
4 A 951 944
0 A 319 312
1 A 75 76
2 B 20 11
3 A 54 49
4 D 958 577
0 D 627 908
1 B 131 156
2 D 472 39
3 B 810 821
4 A 633 638
0 A 590 585
1 C 5 122
2 C 88 39
3 A 471 464
4 A 240 247
0 D 555 980
1 A 484 483
2 C 227 156
3 C 854 809
4 A 707 708
0 A 200 207
1 D 39 472
2 A 243 244
3 A 380 379
4 A 140 139
0 C 350 289
1 D 464 47
2 D 328 183
3 D 194 317
4 B 704 735
0 A 122 125
1 A 313 318
2 D 326 185
3 A 367 360
4 B 109 114
0 A 386 389
1 B 536 519
2 C 23 104
3 C 308 331
4 B 807 824
0 A 603 604
1 B 640 671
2 B 96 127
3 D 68 443
4 C 575 576
0 D 463 48
1 B 378 357
2 D 754 781
3 D 1023 512
4 A 788 787
0 D 677 858
1 D 507 4
2 C 647 760
3 A 1007 1000
4 C 774 889
0 C 169 214
1 A 206 201
2 D 222 289
3 A 595 596
4 D 109 402
0 D 739 796
1 B 687 688
2 D 593 942
3 A 847 840
4 A 699 700
0 B 481 510
1 D 573 962
2 C 679 728
3 D 247 264
4 A 686 681
0 D 345 166
1 D 381 130
2 A 218 221
3 C 392 503
4 D 964 571
0 D 1015 520
1 D 99 412
2 A 508 507
3 D 89 422
4 A 723 724
0 D 127 384
1 B 353 382
2 C 599 552
3 B 266 277
4 D 72 439
0 D 977 558
1 B 755 748
2 B 156 131
3 B 173 178
4 B 973 978
0 B 562 557
1 B 276 267
2 C 238 145
3 D 707 828
4 A 89 94
0 B 642 669
1 C 363 276
2 D 831 704
3 C 182 201
4 C 52 75
0 C 461 434
1 C 665 742
2 D 760 775
3 D 619 916
4 C 241 142
0 C 433 462
1 D 569 966
2 D 1003 532
3 A 554 557
4 A 122 125
0 B 273 270
1 D 160 351
2 C 865 798
3 D 410 101
4 B 814 817
0 D 379 132
1 A 145 150
2 B 602 581
3 C 91 36
4 A 238 233
0 D 932 603
1 D 335 176
2 A 7 0
3 A 189 186
4 D 911 624
0 A 629 626
1 A 253 250
2 A 613 610
3 B 413 386
4 A 482 485
0 A 440 447
1 C 919 1000
2 A 679 672
3 B 909 914
4 A 476 475
0 A 632 639
1 C 731 676
2 A 728 735
3 B 215 200
4 B 648 663
0 A 2 5
1 D 620 915
2 A 915 916
3 D 35 476
4 C 145 238
0 A 491 492
1 A 972 971
2 B 276 267
3 B 906 917
4 B 906 917
0 D 146 365
1 D 184 327
2 D 831 704
3 B 695 680
4 C 938 981
0 C 120 7
1 B 850 845
2 A 153 158
3 D 292 219
4 C 792 871
0 B 303 304
1 D 633 902
2 A 937 942
3 A 452 451
4 C 623 528
0 D 114 397
1 A 614 609
2 D 544 991
3 B 689 686
4 B 397 402
0 B 730 709
1 D 189 322
2 A 676 675
3 B 249 230
4 A 436 435
0 B 441 422
1 D 647 888
2 A 919 912
3 D 290 221
4 C 161 222
0 C 197 186
1 D 364 147
2 A 62 57
3 D 716 819
4 A 483 484
0 A 605 602
1 C 244 139
2 D 727 808
3 A 815 808
4 A 257 262
0 C 783 880
1 C 959 960
2 C 606 545
3 D 993 542
4 A 22 17
0 A 169 174
1 D 995 540
2 B 898 925
3 B 985 966
4 C 135 248
0 D 1001 534
1 A 518 513
2 B 307 300
3 C 10 117
4 A 746 749
0 A 859 860
1 D 974 561
2 C 307 332
3 B 159 128
4 B 527 528
0 B 204 211
1 A 11 12
2 C 932 987
3 A 955 956
4 A 927 920
0 C 880 783
1 C 59 68
2 C 811 852
3 C 147 236
4 D 729 806
0 D 149 362
1 B 862 833
2 A 682 685
3 D 293 218
4 B 935 952
0 D 64 447
1 D 242 269
2 A 975 968
3 C 315 324
4 B 887 872
0 D 365 146
1 C 729 678
2 C 15 112
3 B 658 653
4 A 366 361
0 D 13 498
1 A 770 773
2 A 298 301
3 C 2 125
4 C 667 740
0 B 973 978
1 D 393 118
2 C 180 203
3 B 145 142
4 A 299 300
0 C 678 729
1 D 204 307
2 A 807 800
3 C 722 685
4 C 745 662
0 C 296 343
1 D 697 838
2 D 110 401
3 D 898 637
4 B 526 529
0 C 705 702
1 D 951 584
2 C 1015 904
3 D 848 687
4 A 907 908
0 A 584 591
1 A 563 564
2 D 809 726
3 A 531 532
4 A 176 183
0 A 629 626
1 D 332 179
2 B 703 672
3 C 171 212
4 C 92 35
0 D 403 108
1 B 331 340
2 A 13 10
3 B 73 86
4 D 15 496
0 A 635 636
1 C 139 244
2 D 707 828
3 B 940 947
4 D 294 217
0 A 687 680
1 B 185 166
2 A 987 988
3 A 324 323
4 A 647 640
0 B 555 564
1 B 966 985
2 D 428 83
3 D 989 546
4 D 666 869
0 B 782 785
1 A 448 455
2 B 854 841
3 B 750 753
4 D 307 204
0 C 46 81
1 B 625 622
2 C 544 607
3 C 341 298
4 C 299 340
0 A 104 111
1 D 129 382
2 D 615 920
3 D 465 46
4 C 767 640
0 B 450 477
1 B 583 600
2 B 555 564
3 C 600 551
4 C 488 407
0 A 840 847
1 D 948 587
2 D 354 157
3 B 753 750
4 B 934 953
0 B 478 449
1 A 886 881
2 A 290 293
3 A 793 798
4 A 686 681
0 D 334 177
1 D 840 695
2 A 660 659
3 A 91 92
4 B 382 353
0 A 772 771
1 C 419 476
2 B 95 64
3 A 639 632
4 B 87 72
0 C 650 757
1 D 220 291
2 B 333 338
3 D 161 350
4 C 854 809
0 C 609 542
1 D 661 874
2 C 882 781
3 D 761 774
4 B 276 267
0 B 168 183
1 A 383 376
2 D 805 730
3 B 349 322
4 B 134 153
0 D 807 728
1 B 804 827
2 B 409 390
3 A 957 954
4 A 918 913
0 A 897 902
1 B 658 653
2 C 504 391
3 B 718 721
4 D 547 988
0 C 466 429
1 D 585 950
2 B 151 136
3 B 72 87
4 B 274 269
0 B 300 307
1 A 26 29
2 D 787 748
3 D 29 482
4 C 26 101
0 A 354 357
1 D 258 253
2 A 664 671
3 D 243 268
4 B 815 816
0 C 767 640
1 A 703 696
2 C 674 733
3 B 889 870
4 D 261 250
0 C 823 840
1 B 121 102
2 C 361 278
3 D 982 553
4 A 84 83
0 D 658 877
1 A 422 417
2 D 796 739
3 D 689 846
4 D 595 940
0 D 763 772
1 D 689 846
2 C 63 64
3 D 426 85
4 A 963 964
0 D 978 557
1 A 229 226
2 A 765 762
3 D 872 663
4 A 658 661
0 D 704 831
1 B 697 678
2 B 915 908
3 A 954 957
4 B 259 284
0 B 916 907
1 A 862 857
2 B 434 429
3 D 990 545
4 C 289 350
0 A 646 641
1 C 496 399
2 B 54 41
3 D 843 692
4 D 465 46
0 A 680 687
1 C 795 868
2 B 660 651
3 C 855 808
4 A 141 138
0 D 161 350
1 A 375 368
2 A 713 718
3 B 934 953
4 C 169 214
0 C 684 723
1 D 576 959
2 D 732 803
3 C 761 646
4 C 240 143
0 B 285 258
1 C 772 891
2 D 594 941
3 C 68 59
4 A 485 482
0 B 349 322
1 B 382 353
2 C 830 833
3 A 482 485
4 A 683 684
0 A 199 192
1 B 188 163
2 B 954 933
3 A 412 411
4 B 94 65
0 B 635 612
1 A 887 880
2 A 879 872
3 A 803 804
4 D 212 299
0 A 467 468
1 B 169 182
2 A 723 724
3 B 15 16
4 B 679 696
0 B 830 801
1 C 599 552
2 B 885 874
3 A 104 111
4 B 50 45
0 A 58 61
1 A 40 47
2 C 926 993
3 A 146 149
4 A 177 182
0 C 888 775
1 A 445 442
2 A 456 463
3 D 250 261
4 A 775 768
0 B 595 588
1 D 338 173
2 A 941 938
3 B 346 325
4 B 311 296
0 C 635 516
1 B 552 567
2 A 902 897
3 C 576 575
4 B 639 608
0 A 115 116
1 D 26 485
2 C 402 493
3 C 697 710
4 B 476 451
0 C 802 861
1 C 105 22
2 A 381 378
3 B 368 367
4 A 391 384
0 B 127 96
1 D 672 863
2 A 460 459
3 D 992 543
4 C 861 802
0 C 782 881
1 C 841 822
2 C 430 465
3 D 438 73
4 C 919 1000
0 D 446 65
1 B 288 319
2 C 409 486
3 D 947 588
4 B 621 626
0 D 876 659
1 C 653 754
2 D 348 163
3 B 880 879
4 D 935 600
0 B 937 950
1 A 331 332
2 C 475 420
3 A 316 315
4 B 800 831
0 C 252 131
1 A 654 649
2 D 807 728
3 C 178 205
4 C 435 460
0 B 95 64
1 B 264 279
2 D 1001 534
3 D 85 426
4 A 476 475
0 A 184 191
1 B 414 385
2 B 245 234
3 D 601 934
4 D 815 720
0 D 139 372
1 A 699 700
2 C 485 410
3 A 513 518
4 A 301 298
0 B 657 654
1 D 454 57
2 B 650 661
3 C 658 749
4 B 865 894
0 C 328 311
1 C 31 96
2 A 625 630
3 A 82 85
4 C 558 593
0 B 979 972
1 B 617 630
2 B 4 27
3 D 182 329
4 B 185 166
0 B 260 283
1 A 320 327
2 C 828 835
3 C 982 937
4 D 725 810
0 C 111 16
1 B 203 212
2 D 260 251
3 D 216 295
4 A 903 896
0 C 739 668
1 B 815 816
2 C 834 829
3 C 56 71
4 A 935 928
0 A 43 44
1 B 326 345
2 C 119 8
3 A 908 907
4 D 63 448
0 D 875 660
1 B 606 577
2 B 727 712
3 A 587 588
4 A 191 184
0 D 227 284
1 D 77 434
2 D 916 619
3 C 755 652
4 A 590 585
0 D 810 725
1 C 196 187
2 C 213 170
3 B 10 21
4 D 899 636
0 B 689 686
1 B 645 666
2 A 945 950
3 C 11 116
4 D 824 711
0 C 981 938
1 D 316 195
2 D 541 994
3 C 705 702
4 B 253 226
0 D 191 320
1 A 755 756
2 D 365 146
3 A 175 168
4 D 949 586
0 C 502 393
1 C 186 197
2 A 153 158
3 C 363 276
4 A 757 754
0 D 600 935
1 B 304 303
2 D 548 987
3 A 816 823
4 D 378 133
0 C 934 985
1 D 439 72
2 D 660 875
3 C 987 932
4 C 216 167
0 A 918 913
1 C 1015 904
2 B 848 847
3 A 657 662
4 B 651 660
0 A 807 800
1 D 672 863
2 B 542 513
3 A 357 354
4 D 805 730
0 C 788 875
1 A 122 125
2 B 31 0
3 C 613 538
4 D 1020 515
0 C 803 860
1 D 721 814
2 B 478 449
3 A 908 907
4 C 1021 898
0 C 765 642
1 C 249 134
2 A 960 967
3 D 694 841
4 A 422 417
0 D 154 357
1 B 648 663
2 B 201 214
3 A 335 328
4 A 348 347
0 A 966 961
1 D 302 209
2 D 416 95
3 B 793 774
4 D 442 69
0 C 950 969
1 B 855 840
2 D 121 390
3 D 74 437
4 D 626 909
0 C 223 160
1 A 229 226
2 D 250 261
3 D 206 305
4 C 458 437
0 A 673 678
1 A 361 366
2 B 193 222
3 D 59 452
4 A 620 619
0 C 345 294
1 B 449 478
2 A 837 834
3 A 907 908
4 D 252 259
0 C 756 651
1 D 773 762
2 C 966 953
3 D 739 796
4 B 223 192
0 C 223 160
1 B 612 635
2 C 588 563
3 C 334 305
4 C 142 241
0 D 883 652
1 A 701 698
2 D 698 837
3 B 980 971
4 D 74 437
0 D 442 69
1 A 578 581
2 B 278 265
3 B 818 813
4 C 888 775
0 C 521 630
1 C 15 112
2 C 359 280
3 D 216 295
4 B 21 10
0 C 520 631
1 D 761 774
2 B 360 375
3 D 192 319
4 D 736 799
0 B 437 426
1 C 1020 899
2 D 406 105
3 A 800 807
4 C 69 58
0 C 999 920
1 B 230 249
2 B 614 633
3 C 818 845
4 A 530 533
0 C 344 295
1 C 204 179
2 D 389 122
3 B 685 690
4 B 445 418
0 B 766 737
1 B 851 844
2 D 427 84
3 B 978 973
4 C 717 690
0 C 1015 904
1 C 195 188
2 C 613 538
3 B 719 720
4 A 201 206
0 B 644 667
1 C 146 237
2 A 57 62
3 B 557 562
4 D 172 339
0 D 321 190
1 A 4 3
2 B 889 870
3 C 1 126
4 B 733 706
0 C 16 111
1 D 363 148
2 B 18 13
3 C 716 691
4 C 271 368
0 D 107 404
1 C 931 988
2 C 37 90
3 D 251 260
4 B 517 538
0 C 670 737
1 B 477 450
2 A 522 525
3 C 572 579
4 A 675 676
0 C 285 354
1 D 335 176
2 D 31 480
3 A 420 419
4 C 252 131
0 D 968 567
1 D 813 722
2 A 509 506
3 D 709 826
4 A 121 126
0 A 514 517
1 C 4 123
2 C 62 65
3 D 869 666
4 A 71 64
0 D 496 15
1 D 588 947
2 C 159 224
3 C 209 174
4 C 490 405
0 A 101 98
1 D 313 198
2 B 1016 999
3 C 724 683
4 B 244 235
0 C 352 287
1 D 982 553
2 A 358 353
3 C 643 764
4 D 766 769
0 D 325 186
1 D 367 144
2 A 395 396
3 B 439 424
4 C 454 441
0 D 661 874
1 B 694 681
2 C 619 532
3 B 378 357
4 B 39 56
0 B 865 894
1 A 527 520
2 D 223 288
3 D 391 120
4 C 401 494
0 A 302 297
1 B 71 88
2 B 944 943
3 B 744 759
4 A 987 988
0 C 461 434
1 B 229 250
2 B 181 170
3 B 265 278
4 B 241 238
0 D 272 239
1 C 961 958
2 A 629 626
3 A 116 115
4 A 193 198
0 B 619 628
1 B 674 701
2 A 966 961
3 A 534 529
4 A 320 327
0 C 685 722
1 B 58 37
2 A 479 472
3 D 591 944
4 A 626 629
0 B 849 846
1 B 602 581
2 B 62 33
3 C 1013 906
4 B 590 593
0 C 761 646
1 B 571 548
2 A 277 274
3 A 620 619
4 A 745 750
0 D 583 952
1 B 457 470
2 A 26 29
3 D 213 298
4 D 809 726
0 A 229 226
1 A 251 252
2 B 772 795
3 C 966 953
4 C 1017 902
0 D 246 265
1 C 31 96
2 D 726 809
3 A 396 395
4 B 438 425
0 A 539 540
1 C 434 461
2 B 711 728
3 A 952 959
4 D 29 482
0 A 33 38
1 B 484 507
2 B 790 777
3 B 535 520
4 A 716 715
0 D 673 862
1 D 74 437
2 B 653 658
3 B 561 558
4 D 47 464
0 D 98 413
1 C 627 524
2 D 345 166
3 D 591 944
4 C 486 409
0 D 436 75
1 C 540 611
2 A 944 951
3 D 879 656
4 C 406 489
0 B 636 611
1 B 201 214
2 A 301 298
3 B 956 931
4 B 183 168
0 D 804 731
1 D 263 248
2 B 804 827
3 C 262 377
4 D 193 318
0 C 938 981
1 C 410 485
2 D 607 928
3 B 684 691
4 B 786 781
0 B 918 905
1 C 546 605
2 A 731 732
3 C 369 270
4 C 990 929
0 A 876 875
1 B 283 260
2 A 682 685
3 C 621 530
4 B 787 780
0 C 837 826
1 B 69 90
2 A 713 718
3 D 645 890
4 B 485 506
0 C 1003 916
1 A 46 41
2 C 607 544
3 D 991 544
4 C 300 339
0 B 648 663
1 D 33 478
2 A 843 844
3 B 145 142
4 C 925 994
0 D 278 233
1 B 941 946
2 D 646 889
3 B 887 872
4 D 773 762
0 D 272 239
1 B 261 282
2 A 978 981
3 C 115 12
4 B 551 568
0 B 746 757
1 C 510 385
2 D 590 945
3 D 183 328
4 B 752 751
0 C 429 466
1 C 632 519
2 A 101 98
3 C 562 589
4 D 947 588
0 D 777 758
1 A 321 326
2 C 455 440
3 D 370 141
4 A 416 423
0 B 881 878
1 B 943 944
2 B 100 123
3 D 409 102
4 C 964 955
0 B 141 146
1 D 246 265
2 B 496 495
3 C 690 717
4 A 94 89
0 C 763 644
1 A 202 205
2 D 70 441
3 C 1 126
4 A 173 170
0 B 150 137
1 D 298 213
2 A 840 847
3 D 464 47
4 B 681 694
0 B 202 213
1 C 456 439
2 A 530 533
3 B 735 704
4 D 600 935
0 A 995 996
1 A 117 114
2 C 423 472
3 C 452 443
4 C 163 220
0 B 295 312
1 D 996 539
2 C 223 160
3 A 985 990
4 D 619 916
0 C 160 223
1 C 878 785
2 B 557 562
3 B 891 868
4 A 120 127
0 D 344 167
1 D 772 763
2 C 145 238
3 D 760 775
4 C 139 244
0 D 50 461
1 D 605 930
2 B 948 939
3 D 26 485
4 D 820 715
0 C 42 85
1 B 104 119
2 B 72 87
3 D 59 452
4 D 901 634
0 B 943 944
1 B 179 172
2 B 813 818
3 B 325 346
4 D 1001 534
0 A 540 539
1 D 239 272
2 B 800 831
3 D 65 446
4 C 393 502
0 D 293 218
1 C 746 661
2 C 950 969
3 D 718 817
4 D 934 601
0 D 652 883
1 D 813 722
2 A 404 403
3 A 181 178
4 B 956 931
0 C 578 573
1 A 21 18
2 A 525 522
3 B 247 232
4 B 750 753
0 C 850 813
1 C 872 791
2 D 867 668
3 A 107 108
4 B 921 902
0 A 183 176
1 D 576 959
2 D 984 551
3 D 277 234
4 B 287 256
0 A 3 4
1 C 183 200
2 B 32 63
3 C 220 163
4 C 19 108
0 B 917 906
1 A 680 687
2 C 56 71
3 B 249 230
4 D 793 742
0 D 136 375
1 C 687 720
2 C 160 223
3 A 575 568
4 B 203 212
0 C 438 457
1 C 416 479
2 D 616 919
3 D 418 93
4 A 29 26
0 B 5 26
1 B 568 551
2 B 339 332
3 C 432 463
4 A 343 336
0 C 618 533
1 D 410 101
2 C 626 525
3 C 18 109
4 D 716 819
0 B 858 837
1 A 908 907
2 A 601 606
3 B 837 858
4 A 447 440
0 C 1011 908
1 B 785 782
2 B 268 275
3 A 953 958
4 A 488 495
0 B 391 408
1 A 21 18
2 A 567 560
3 A 356 355
4 D 6 505
0 C 574 577
1 A 31 24
2 A 233 238
3 D 351 160
4 A 847 840
0 B 917 906
1 C 189 194
2 A 857 862
3 A 174 169
4 A 48 55
0 D 823 712
1 A 773 770
2 B 487 504
3 A 210 213
4 A 722 725
0 B 171 180
1 B 727 712
2 D 888 647
3 B 494 497
4 A 11 12
0 B 449 478
1 B 607 576
2 A 332 331
3 B 314 293
4 C 493 402
0 D 95 416
1 B 10 21
2 A 873 878
3 B 742 761
4 A 272 279
0 B 587 596
1 A 588 587
2 A 604 603
3 D 676 859
4 D 45 466
0 D 304 207
1 B 345 326
2 D 761 774
3 A 434 437
4 A 810 813
0 D 286 225
1 B 805 826
2 C 1008 911
3 D 889 646
4 A 658 661
0 B 430 433
1 A 443 444
2 D 708 827
3 A 192 199
4 D 352 159
0 C 742 665
1 D 641 894
2 B 154 133
3 B 408 391
4 A 970 973
0 B 346 325
1 D 24 487
2 B 819 812
3 D 836 699
4 B 191 160
0 B 131 156
1 D 869 666
2 C 13 114
3 C 155 228
4 B 447 416
0 C 114 13
1 C 694 713
2 B 50 45
3 C 404 491
4 B 848 847
0 B 619 628
1 C 186 197
2 C 744 663
3 A 380 379
4 B 241 238
0 B 362 373
1 B 359 376
2 B 88 71
3 A 369 374
4 D 758 777
0 A 663 656
1 D 885 650
2 D 438 73
3 A 681 686
4 B 819 812
0 A 427 428
1 A 597 594
2 D 97 414
3 D 231 280
4 D 348 163
0 B 113 110
1 B 516 539
2 C 202 181
3 A 320 327
4 B 803 828
0 D 365 146
1 C 166 217
2 C 661 746
3 C 69 58
4 C 124 3
0 B 931 956
1 D 746 789
2 C 570 581
3 D 697 838
4 D 198 313
0 A 276 275
1 C 126 1
2 A 930 933
3 C 1006 913
4 D 935 600
0 B 607 576
1 B 515 540
2 C 689 718
3 C 781 882
4 D 151 360
0 B 269 274
1 C 326 313
2 D 997 538
3 A 139 140
4 B 635 612
0 D 543 992
1 D 844 691
2 B 177 174
3 D 869 666
4 D 664 871
0 C 56 71
1 D 128 383
2 D 317 194
3 B 138 149
4 C 703 704
0 A 466 469
1 C 808 855
2 D 155 356
3 D 747 788
4 C 727 680
0 C 37 90
1 B 20 11
2 D 401 110
3 C 365 274
4 B 621 626
0 D 132 379
1 C 103 24
2 D 638 897
3 B 277 266
4 B 338 333
0 C 208 175
1 D 600 935
2 C 967 952
3 D 675 860
4 A 335 328
0 A 643 644
1 A 731 732
2 C 989 930
3 C 410 485
4 C 402 493
0 C 830 833
1 C 120 7
2 A 833 838
3 A 494 489
4 B 576 607
0 C 364 275
1 A 191 184
2 A 559 552
3 A 540 539
4 B 171 180
0 D 371 140
1 D 765 770
2 A 637 634
3 A 338 341
4 B 325 346
0 C 686 721
1 D 206 305
2 A 854 849
3 C 614 537
4 C 82 45
0 B 530 525
1 C 467 428
2 B 517 538
3 A 938 941
4 D 986 549
0 C 397 498
1 C 118 9
2 C 87 40
3 B 206 209
4 B 552 567
0 A 645 642
1 B 901 922
2 B 194 221
3 D 838 697
4 A 414 409
0 A 994 997
1 A 701 698
2 A 523 524
3 D 399 112
4 C 777 886
0 A 541 538
1 D 949 586
2 B 638 609
3 B 503 488
4 C 858 805
0 A 993 998
1 A 972 971
2 C 114 13
3 A 966 961
4 D 243 268
0 B 613 634
1 A 102 97
2 B 144 143
3 D 559 976
4 D 757 778
0 C 591 560
1 B 813 818
2 C 958 961
3 D 791 744
4 D 591 944
0 C 637 514
1 C 853 810
2 D 431 80
3 B 274 269
4 C 101 26
0 B 570 549
1 D 349 162
2 D 281 230
3 B 685 690
4 B 971 980
0 A 739 740
1 A 528 535
2 D 340 171
3 C 1000 919
4 A 683 684
0 D 951 584
1 A 328 335
2 C 45 82
3 C 968 951
4 D 89 422
0 A 549 546
1 C 242 141
2 A 5 2
3 D 352 159
4 A 696 703
0 C 407 488
1 B 639 608
2 D 957 578
3 A 303 296
4 D 599 936
0 D 898 637
1 A 216 223
2 A 225 230
3 B 915 908
4 A 225 230
0 C 273 366
1 B 788 779
2 D 860 675
3 B 159 128
4 D 786 749
0 C 935 984
1 A 612 611
2 A 767 760
3 D 896 639
4 C 828 835
0 B 512 543
1 A 704 711
2 A 502 497
3 A 211 212
4 A 719 712
0 C 498 397
1 C 224 159
2 C 262 377
3 A 595 596
4 B 193 222
0 D 576 959
1 D 919 616
2 B 956 931
3 B 80 79
4 C 870 793
0 C 621 530
1 A 923 924
2 D 451 60
3 D 898 637
4 C 398 497
0 C 542 609
1 C 606 545
2 A 246 241
3 C 644 763
4 C 559 592
0 C 847 816
1 D 654 881
2 A 356 355
3 B 393 406
4 A 468 467
0 A 157 154
1 B 495 496
2 A 555 556
3 B 920 903
4 B 302 305
0 C 663 744
1 D 200 311
2 B 487 504
3 B 405 394
4 C 893 770
0 C 44 83
1 A 297 302
2 D 10 501
3 A 965 962
4 C 944 975
0 A 508 507
1 A 527 520
2 C 387 508
3 D 174 337
4 A 741 738
0 B 182 169
1 D 33 478
2 A 16 23
3 D 659 876
4 B 459 468
0 B 593 590
1 D 992 543
2 C 521 630
3 A 109 106
4 B 5 26
0 D 839 696
1 D 723 812
2 A 133 130
3 D 297 214
4 A 316 315
0 A 980 979
1 D 262 249
2 A 491 492
3 D 837 698
4 B 32 63
0 D 475 36
1 A 624 631
2 A 828 827
3 B 786 781
4 A 426 429
0 A 477 474
1 A 737 742
2 B 351 320
3 D 896 639
4 C 887 776
0 C 257 382
1 A 582 577
2 D 350 161
3 C 28 99
4 A 527 520
0 B 515 540
1 D 759 776
2 A 418 421
3 B 35 60
4 B 367 368
0 A 555 556
1 B 520 535
2 B 892 867
3 B 149 138
4 B 305 302
0 C 807 856
1 D 269 242
2 D 477 34
3 C 971 948
4 D 276 235
0 D 576 959
1 C 554 597
2 D 799 736
3 B 916 907
4 C 980 939
0 B 148 139
1 C 441 454
2 D 189 322
3 A 436 435
4 C 133 250
0 A 530 533
1 D 949 586
2 A 920 927
3 B 580 603
4 C 213 170
0 A 317 314
1 B 659 652
2 A 362 365
3 C 968 951
4 A 334 329
0 C 749 658
1 D 538 997
2 B 262 281
3 B 947 940
4 D 126 385
0 A 626 629
1 B 760 743
2 A 277 274
3 C 307 332
4 D 257 254
0 D 494 17
1 C 946 973
2 D 309 202
3 A 55 48
4 D 649 886
0 A 559 552
1 A 397 394
2 C 979 940
3 D 79 432
4 A 208 215
0 D 763 772
1 D 438 73
2 B 973 978
3 D 93 418
4 B 332 339
0 D 86 425
1 A 870 865
2 A 735 728
3 C 808 855
4 D 89 422
0 D 73 438
1 B 357 378
2 A 989 986
3 C 303 336
4 B 20 11
0 A 420 419
1 B 347 324
2 A 460 459
3 C 357 282
4 C 779 884
0 C 423 472
1 D 905 630
2 D 995 540
3 B 1021 994
4 A 342 337
0 C 837 826
1 C 831 832
2 D 537 998
3 B 453 474
4 B 264 279
0 D 655 880
1 A 136 143
2 A 187 188
3 C 593 558
4 A 685 682
0 C 448 447
1 C 298 341
2 A 60 59
3 D 401 110
4 A 217 222
0 D 489 22
1 A 771 772
2 D 29 482
3 C 789 874
4 D 848 687
0 B 316 291
1 B 335 336
2 B 553 566
3 C 629 522
4 C 786 877
0 A 560 567
1 B 592 591
2 B 429 434
3 C 346 293
4 B 365 370
0 C 245 138
1 A 845 842
2 D 42 469
3 D 478 33
4 D 293 218
0 C 450 445
1 C 744 663
2 A 783 776
3 A 967 960
4 D 271 240
0 D 689 846
1 C 866 797
2 C 348 291
3 B 355 380
4 D 881 654
0 A 614 609
1 D 616 919
2 C 482 413
3 C 648 759
4 A 348 347
0 C 798 865
1 D 322 189
2 A 810 813
3 D 400 111
4 B 442 421
0 B 413 386
1 C 524 627
2 B 83 76
3 C 919 1000
4 D 500 11
0 A 933 930
1 B 891 868
2 A 605 602
3 D 767 768
4 C 472 423
0 C 1013 906
1 D 442 69
2 A 756 755
3 C 378 261
4 D 503 8
0 B 696 679
1 C 677 730
2 B 796 771
3 C 442 453
4 D 233 278
0 A 745 750
1 D 37 474
2 C 985 934
3 C 465 430
4 D 59 452
0 B 828 803
1 A 313 318
2 C 733 674
3 C 3 124
4 B 662 649
0 B 842 853
1 B 546 573
2 C 485 410
3 B 166 185
4 B 455 472
0 D 377 134
1 C 146 237
2 B 39 56
3 A 321 326
4 A 871 864
0 C 326 313
1 B 693 682
2 A 860 859
3 D 488 23
4 A 994 997
0 C 765 642
1 A 499 500
2 A 853 850
3 B 703 672
4 D 91 420
0 A 404 403
1 C 285 354
2 C 170 213
3 D 330 181
4 B 918 905
0 B 372 363
1 A 224 231
2 B 432 431
3 C 438 457
4 A 819 820
0 C 8 119
1 D 997 538
2 D 599 936
3 D 254 257
4 A 109 106
0 B 727 712
1 A 566 561
2 C 638 513
3 B 345 326
4 B 722 717
0 C 711 696
1 B 858 837
2 D 308 203
3 A 623 616
4 D 78 433
0 D 759 776
1 B 121 102
2 D 710 825
3 A 921 926
4 B 373 362
0 B 176 175
1 C 183 200
2 D 1010 525
3 A 130 133
4 C 713 694
0 A 788 787
1 D 579 956
2 D 479 32
3 C 57 70
4 A 622 617
0 D 405 106
1 B 38 57
2 A 623 616
3 A 837 834
4 A 271 264
0 C 489 406
1 C 970 949
2 B 123 100
3 A 731 732
4 C 529 622
0 B 515 540
1 D 330 181
2 B 794 773
3 D 970 565
4 A 790 785
0 C 355 284
1 B 985 966
2 A 883 884
3 A 403 404
4 C 726 681
0 A 278 273
1 A 901 898
2 A 119 112
3 A 310 305
4 A 202 205
0 A 8 15
1 C 692 715
2 D 774 761
3 B 515 540
4 B 781 786
0 C 56 71
1 C 542 609
2 A 738 741
3 A 511 504
4 C 414 481
0 D 876 659
1 B 823 808
2 B 628 619
3 A 238 233
4 C 675 732
0 D 210 301
1 C 357 282
2 D 866 669
3 D 618 917
4 A 30 25
0 B 717 722
1 C 251 132
2 A 248 255
3 B 226 253
4 C 462 433
0 C 919 1000
1 A 502 497
2 D 969 566
3 B 555 564
4 C 327 312
0 C 230 153
1 C 720 687
2 B 205 210
3 A 625 630
4 A 225 230
0 D 767 768
1 D 455 56
2 D 925 610
3 C 1000 919
4 C 92 35
0 C 871 792
1 C 739 668
2 C 780 883
3 A 212 211
4 D 718 817
0 A 362 365
1 D 74 437
2 D 633 902
3 D 571 964
4 C 938 981
0 A 267 268
1 C 852 811
2 A 25 30
3 A 909 906
4 D 294 217
0 B 319 288
1 A 864 871
2 D 702 833
3 B 947 940
4 D 68 443
0 C 442 453
1 C 543 608
2 D 637 898
3 C 121 6
4 B 160 191
0 A 24 31
1 B 353 382
2 D 192 319
3 A 148 147
4 B 352 383
0 A 361 366
1 B 215 200
2 B 868 891
3 C 208 175
4 C 579 572
0 B 46 49
1 C 863 800
2 B 653 658
3 A 724 723
4 D 212 299
0 A 251 252
1 C 932 987
2 C 456 439
3 B 874 885
4 D 577 958
0 D 334 177
1 A 474 477
2 B 537 518
3 A 758 753
4 C 613 538
0 C 0 127
1 C 421 474
2 A 97 102
3 D 638 897
4 B 358 377
0 C 774 889
1 A 430 425
2 C 169 214
3 D 864 671
4 A 867 868
0 C 926 993
1 C 785 878
2 D 157 354
3 B 889 870
4 B 72 87
0 D 723 812
1 A 508 507
2 B 824 807
3 A 544 551
4 C 360 279
0 B 848 847
1 C 138 245
2 B 182 169
3 B 60 35
4 B 336 335
0 A 68 67
1 B 187 164
2 D 223 288
3 A 375 368
4 C 847 816
0 D 965 570
1 C 286 353
2 A 501 498
3 C 418 477
4 A 675 676
0 C 331 308
1 B 754 749
2 D 451 60
3 B 751 752
4 D 771 764
0 A 424 431
1 B 942 945
2 D 963 572
3 A 594 597
4 B 464 463
0 A 356 355
1 B 375 360
2 A 134 129
3 A 806 801
4 A 580 579
0 C 718 689
1 C 478 417
2 D 815 720
3 D 604 931
4 A 503 496
0 C 762 645
1 C 815 848
2 A 827 828
3 D 592 943
4 A 118 113
0 A 63 56
1 C 382 257
2 C 286 353
3 C 260 379
4 D 231 280
0 A 375 368
1 D 461 50
2 A 789 786
3 A 925 922
4 D 649 886
0 C 79 48
1 C 878 785
2 B 546 573
3 B 272 271
4 C 780 883
0 B 789 778
1 D 759 776
2 D 266 245
3 A 449 454
4 A 980 979
0 D 364 147
1 A 750 745
2 B 378 357
3 D 17 494
4 A 409 414
0 A 231 224
1 D 33 478
2 A 881 886
3 D 961 574
4 D 594 941
0 C 394 501
1 C 830 833
2 D 297 214
3 B 203 212
4 B 382 353
0 D 79 432
1 A 878 873
2 B 208 207
3 C 796 867
4 A 180 179
0 A 290 293
1 C 153 230
2 B 616 631
3 A 717 714
4 B 621 626
0 C 115 12
1 B 509 482
2 B 342 329
3 B 884 875
4 A 225 230
0 A 174 169
1 C 111 16
2 C 923 996
3 A 601 606
4 B 809 822
0 D 442 69
1 A 937 942
2 A 559 552
3 C 782 881
4 A 873 878
0 B 4 27
1 C 440 455
2 A 175 168
3 D 477 34
4 B 247 232
0 D 372 139
1 C 925 994
2 D 282 229
3 D 237 274
4 A 660 659
0 B 172 179
1 A 262 257
2 C 536 615
3 C 877 786
4 B 868 891
0 D 911 624
1 B 603 580
2 D 691 844
3 C 842 821
4 D 381 130
0 B 871 888
1 A 377 382
2 A 801 806
3 C 743 664
4 D 698 837
0 B 28 3
1 D 842 693
2 B 32 63
3 C 518 633
4 A 658 661
0 D 20 491
1 D 283 228
2 B 120 103
3 B 243 236
4 B 667 644
0 B 442 421
1 A 381 378
2 B 906 917
3 D 757 778
4 C 812 851
0 D 94 417
1 A 42 45
2 C 819 844
3 D 418 93
4 D 225 286
0 D 892 643
1 A 262 257
2 D 651 884
3 A 403 404
4 C 124 3
0 A 725 722
1 C 390 505
2 C 276 363
3 C 981 938
4 D 557 978
0 A 400 407
1 D 803 732
2 A 137 142
3 D 283 228
4 A 324 323
0 A 855 848
1 A 986 989
2 D 1016 519
3 D 370 141
4 A 483 484
0 D 139 372
1 B 673 702
2 B 172 179
3 A 636 635
4 B 901 922
0 B 952 935
1 D 75 436
2 A 354 357
3 C 789 874
4 A 468 467
0 B 432 431
1 C 631 520
2 A 495 488
3 A 534 529
4 C 483 412
0 A 671 664
1 B 122 101
2 C 676 731
3 D 973 562
4 A 31 24
0 C 324 315
1 B 315 292
2 D 199 312
3 B 443 420
4 A 42 45
0 A 212 211
1 C 797 866
2 D 556 979
3 B 85 74
4 C 2 125
0 B 286 257
1 C 207 176
2 B 932 955
3 C 68 59
4 A 456 463
0 B 440 423
1 B 703 672
2 A 625 630
3 A 611 612
4 D 349 162
0 C 389 506
1 C 100 27
2 B 640 671
3 D 508 3
4 A 992 999
0 C 868 795
1 B 663 648
2 C 541 610
3 D 664 871
4 B 250 229
0 C 192 191
1 D 647 888
2 D 65 446
3 B 789 778
4 B 980 971
0 D 260 251
1 D 258 253
2 C 318 321
3 B 761 742
4 A 254 249
0 B 518 537
1 D 535 1000
2 D 686 849
3 B 150 137
4 C 115 12
0 D 138 373
1 C 771 892
2 A 162 165
3 C 35 92
4 B 336 335
0 B 541 514
1 B 34 61
2 C 11 116
3 A 468 467
4 C 643 764
0 C 937 982
1 A 972 971
2 A 637 634
3 A 664 671
4 C 947 972
0 C 394 501
1 A 995 996
2 B 445 418
3 D 935 600
4 D 924 611
0 B 571 548
1 B 481 510
2 A 125 122
3 B 890 869
4 C 99 28
0 B 875 884
1 A 202 205
2 C 38 89
3 C 475 420
4 D 168 343
0 D 470 41
1 A 946 949
2 A 908 907
3 C 947 972
4 D 434 77
0 A 441 446
1 C 126 1
2 A 254 249
3 D 387 124
4 D 787 748
0 D 959 576
1 D 922 613
2 C 652 755
3 D 909 626
4 B 534 521
0 D 853 682
1 B 581 602
2 C 489 406
3 D 297 214
4 C 668 739
0 C 215 168
1 A 910 905
2 A 612 611
3 D 237 274
4 A 355 356
0 B 213 202
1 B 284 259
2 C 741 666
3 B 848 847
4 A 993 998
0 A 456 463
1 B 428 435
2 C 23 104
3 B 273 270
4 D 139 372
0 D 666 869
1 B 118 105
2 C 826 837
3 B 3 28
4 A 362 365
0 D 152 359
1 C 55 72
2 B 733 706
3 D 736 799
4 D 710 825
0 D 395 116
1 D 424 87
2 D 262 249
3 A 423 416
4 D 589 946
0 A 938 941
1 A 508 507
2 D 34 477
3 B 278 265
4 B 948 939
0 D 956 579
1 D 16 495
2 A 133 130
3 B 517 538
4 B 198 217
0 A 695 688
1 A 77 74
2 D 817 718
3 C 226 157
4 B 901 922
0 B 60 35
1 D 291 220
2 D 381 130
3 A 775 768
4 C 484 411
0 B 478 449
1 D 475 36
2 C 5 122
3 D 614 921
4 D 779 756
0 B 352 383
1 B 311 296
2 B 983 968
3 A 911 904
4 B 57 38
0 A 449 454
1 A 768 775
2 B 372 363
3 C 347 292
4 A 988 987
0 C 374 265
1 C 127 0
2 C 252 131
3 C 815 848
4 A 979 980
0 C 109 18
1 B 968 983
2 C 849 814
3 C 259 380
4 A 309 306
0 D 647 888
1 D 691 844
2 D 716 819
3 C 830 833
4 C 716 691
0 B 914 909
1 A 278 273
2 A 645 642
3 C 560 591
4 B 635 612
0 C 614 537
1 A 328 335
2 D 147 364
3 A 309 306
4 D 627 908
0 B 252 227
1 B 153 134
2 A 813 810
3 B 227 252
4 A 379 380
0 A 814 809
1 A 296 303
2 B 55 40
3 B 619 628
4 A 602 605
0 D 721 814
1 A 486 481
2 B 203 212
3 B 627 620
4 A 197 194
0 C 733 674
1 C 208 175
2 D 810 725
3 A 532 531
4 B 644 667
0 D 375 136
1 D 93 418
2 B 798 769
3 B 60 35
4 C 666 741
0 B 905 918
1 A 178 181
2 D 141 370
3 A 871 864
4 B 97 126
0 B 719 720
1 B 645 666
2 A 113 118
3 B 742 761
4 D 257 254
0 A 331 332
1 D 886 649
2 D 592 943
3 A 572 571
4 C 817 846
0 B 684 691
1 A 108 107
2 D 779 756
3 C 474 421
4 A 399 392
0 B 881 878
1 A 421 418
2 C 147 236
3 C 639 512
4 C 150 233
0 A 712 719
1 C 982 937
2 C 62 65
3 D 966 569
4 D 798 737
0 D 326 185
1 A 286 281
2 D 95 416
3 B 149 138
4 C 298 341
0 C 698 709
1 D 203 308
2 A 129 134
3 D 655 880
4 D 76 435
0 A 957 954
1 A 344 351
2 C 453 442
3 B 841 854
4 C 681 726
0 B 147 140
1 C 431 464
2 A 35 36
3 C 425 470
4 B 312 295
0 B 628 619
1 B 706 733
2 C 282 357
3 A 935 928
4 B 368 367
0 A 286 281
1 A 719 712
2 C 104 23
3 D 120 391
4 A 847 840
0 D 314 197
1 D 80 431
2 B 31 0
3 B 321 350
4 A 492 491
0 B 541 514
1 A 13 10
2 A 202 205
3 C 744 663
4 D 202 309
0 D 356 155
1 C 715 692
2 D 494 17
3 C 30 97
4 D 202 309
0 A 774 769
1 A 352 359
2 B 844 851
3 C 1023 896
4 B 449 478
0 C 54 73
1 B 491 500
2 A 393 398
3 D 624 911
4 A 824 831
0 D 103 408
1 C 107 20
2 D 127 384
3 A 190 185
4 D 553 982
0 A 153 158
1 C 389 506
2 C 214 169
3 A 707 708
4 A 868 867
0 D 262 249
1 C 183 200
2 B 817 814
3 C 282 357
4 C 327 312
0 A 459 460
1 C 161 222
2 B 810 821
3 B 816 815
4 D 834 701
0 B 213 202
1 D 636 899
2 C 219 164
3 B 234 245
4 C 689 718
0 D 256 255
1 D 81 430
2 D 988 547
3 D 548 987
4 C 373 266
0 D 474 37
1 A 429 426
2 A 934 929
3 C 110 17
4 B 660 651
0 A 209 214
1 B 832 863
2 C 701 706
3 B 106 117
4 C 58 69
0 A 112 119
1 C 681 726
2 B 832 863
3 B 1017 998
4 A 887 880
0 A 954 957
1 A 535 528
2 D 50 461
3 A 561 566
4 C 927 992
0 B 699 676
1 B 678 697
2 C 297 342
3 D 504 7
4 B 611 636
0 C 59 68
1 B 41 54
2 B 50 45
3 D 712 823
4 B 1 30
0 B 42 53
1 C 839 824
2 B 86 73
3 C 707 700
4 D 485 26
0 C 851 812
1 B 515 540
2 B 374 361
3 B 270 273
4 B 653 658
0 D 262 249
1 C 322 317
2 B 978 973
3 B 78 81
4 B 260 283
0 D 1016 519
1 A 607 600
2 B 201 214
3 C 724 683
4 D 97 414
0 D 50 461
1 C 140 243
2 D 747 788
3 C 438 457
4 C 538 613
0 B 814 817
1 D 875 660
2 C 750 657
3 C 595 556
4 A 943 936
0 C 398 497
1 C 969 950
2 B 313 294
3 B 311 296
4 D 286 225
0 D 459 52
1 D 225 286
2 C 809 854
3 A 522 525
4 C 1005 914
0 B 122 101
1 C 315 324
2 C 528 623
3 C 753 654
4 A 735 728
0 D 669 866
1 B 620 627
2 C 653 754
3 D 668 867
4 C 56 71
0 D 801 734
1 B 533 522
2 D 996 539
3 B 432 431
4 B 774 793
0 B 632 615
1 A 793 798
2 C 522 629
3 C 696 711
4 A 294 289
0 A 120 127
1 B 1022 993
2 A 634 637
3 C 24 103
4 A 18 21
0 D 673 862
1 D 228 283
2 C 1002 917
3 B 453 474
4 D 106 405
0 C 845 818
1 C 49 78
2 D 742 793
3 B 178 173
4 A 698 701
0 D 399 112
1 D 120 391
2 C 1018 901
3 C 445 450
4 C 260 379
0 C 952 967
1 A 12 11
2 A 18 21
3 C 529 622
4 D 825 710
0 A 205 202
1 D 25 486
2 D 73 438
3 B 392 407
4 A 872 879
0 B 980 971
1 D 1009 526
2 D 902 633
3 C 415 480
4 D 852 683
0 B 326 345
1 D 740 795
2 C 883 780
3 D 384 127
4 D 869 666
0 D 718 817
1 C 784 879
2 C 118 9
3 A 710 705
4 A 193 198
0 D 648 887
1 C 16 111
2 B 847 848
3 C 112 15
4 C 556 595
0 A 139 140
1 D 782 753
2 C 200 183
3 C 819 844
4 B 386 413
0 A 651 652
1 A 969 974
2 C 383 256
3 C 329 310
4 D 571 964
0 B 109 114
1 B 814 817
2 B 344 327
3 D 113 398
4 A 27 28
0 A 627 628
1 C 947 972
2 B 132 155
3 D 270 241
4 B 892 867
0 C 1023 896
1 A 374 369
2 A 785 790
3 C 332 307
4 D 441 70
0 A 512 519
1 D 12 499
2 C 727 680
3 C 496 399
4 A 434 437
0 C 842 821
1 D 227 284
2 D 250 261
3 D 565 970
4 A 664 671
0 A 490 493
1 C 3 124
2 A 131 132
3 A 174 169
4 D 970 565
0 B 90 69
1 C 415 480
2 A 507 508
3 D 437 74
4 A 231 224
0 D 233 278
1 D 870 665
2 A 814 809
3 A 148 147
4 C 822 841
0 C 802 861
1 A 340 339
2 A 145 150
3 D 920 615
4 C 924 995
0 B 270 273
1 B 479 448
2 C 1001 918
3 B 853 842
4 A 91 92
0 B 592 591
1 D 329 182
2 D 27 484
3 B 781 786
4 C 134 249
0 C 414 481
1 A 462 457
2 B 566 553
3 C 102 25
4 B 125 98
0 B 669 642
1 B 206 209
2 B 95 64
3 B 45 50
4 C 275 364
0 A 304 311
1 C 825 838
2 B 628 619
3 D 403 108
4 B 889 870
0 C 320 319
1 D 509 2
2 A 285 282
3 C 231 152
4 B 1017 998
0 C 283 356
1 C 989 930
2 D 112 399
3 D 11 500
4 A 912 919
0 B 931 956
1 C 1018 901
2 B 45 50
3 C 669 738
4 C 755 652
0 D 613 922
1 D 703 832
2 B 721 718
3 D 487 24
4 D 549 986
0 D 755 780
1 A 937 942
2 B 365 370
3 D 143 368
4 B 589 594
0 B 597 586
1 C 926 993
2 C 701 706
3 A 635 636
4 D 808 727
0 B 8 23
1 D 767 768
2 D 252 259
3 B 267 276
4 B 925 898
0 C 695 712
1 B 256 287
2 A 600 607
3 D 612 923
4 C 126 1
0 C 549 602
1 C 306 333
2 C 887 776
3 C 987 932
4 D 742 793
0 C 780 883
1 D 41 470
2 D 71 440
3 A 76 75
4 B 323 348
0 C 243 140
1 B 464 463
2 D 683 852
3 D 753 782
4 D 822 713
0 C 871 792
1 D 918 617
2 C 431 464
3 A 710 705
4 C 189 194
0 C 329 310
1 D 427 84
2 C 559 592
3 D 736 799
4 A 347 348
0 A 289 294
1 B 49 46
2 C 778 885
3 A 598 593
4 D 259 252
0 D 6 505
1 C 300 339
2 A 79 72
3 D 923 612
4 B 220 195
0 B 406 393
1 A 506 509
2 C 513 638
3 B 289 318
4 B 772 795
0 D 190 321
1 A 767 760
2 B 67 92
3 D 334 177
4 D 127 384
0 D 888 647
1 C 647 760
2 B 607 576
3 A 561 566
4 A 741 738
0 B 502 489
1 D 677 858
2 C 254 129
3 B 184 167
4 C 415 480
0 C 752 655
1 B 111 112
2 D 140 371
3 C 773 890
4 D 911 624
0 D 511 0
1 A 156 155
2 D 582 953
3 D 601 934
4 A 746 749
0 C 539 612
1 A 595 596
2 A 153 158
3 B 982 969
4 D 64 447
0 C 465 430
1 A 612 611
2 A 442 445
3 D 39 472
4 A 817 822
0 D 948 587
1 C 134 249
2 D 633 902
3 C 317 322
4 D 140 371
0 C 548 603
1 D 127 384
2 D 599 936
3 B 385 414
4 A 141 138
0 D 126 385
1 D 913 622
2 A 17 22
3 C 710 697
4 D 228 283
0 B 787 780
1 A 149 146
2 D 420 91
3 A 592 599
4 B 518 537
0 D 7 504
1 D 716 819
2 A 415 408
3 A 554 557
4 A 359 352
0 C 624 527
1 B 865 894
2 B 881 878
3 D 402 109
4 C 214 169
0 A 892 891
1 B 204 211
2 C 453 442
3 B 25 6
4 D 344 167
0 A 879 872
1 C 712 695
2 D 277 234
3 A 407 400
4 A 544 551
0 C 766 641
1 A 173 170
2 C 992 927
3 B 107 116
4 B 867 892
0 C 555 596
1 D 654 881
2 A 204 203
3 A 182 177
4 A 358 353
0 D 1023 512
1 D 469 42
2 C 636 515
3 B 625 622
4 A 374 369
0 B 438 425
1 C 841 822
2 C 237 146
3 D 748 787
4 D 284 227
0 C 254 129
1 D 498 13
2 A 262 257
3 B 928 959
4 C 111 16
0 B 1016 999
1 C 814 849
2 D 412 99
3 B 711 728
4 C 280 359
0 A 111 104
1 A 171 172
2 D 155 356
3 B 651 660
4 C 401 494
0 B 320 351
1 D 767 768
2 C 472 423
3 D 545 990
4 A 877 874
0 C 758 649
1 C 268 371
2 A 715 716
3 B 55 40
4 D 288 223
0 C 270 369
1 C 597 554
2 A 203 204
3 B 676 699
4 D 775 760
0 B 303 304
1 B 298 309
2 D 25 486
3 B 334 337
4 B 685 690
0 D 395 116
1 B 973 978
2 D 641 894
3 B 574 545
4 B 437 426
0 C 1009 910
1 D 509 2
2 C 16 111
3 A 894 889
4 D 926 609
0 D 968 567
1 B 87 72
2 D 672 863
3 B 323 348
4 B 92 67
0 C 170 213
1 C 340 299
2 D 28 483
3 C 398 497
4 C 937 982
0 A 426 429
1 D 658 877
2 D 238 273
3 D 122 389
4 A 969 974
0 C 41 86
1 A 932 931
2 D 995 540
3 C 2 125
4 B 880 879
0 A 502 497
1 D 150 361
2 A 433 438
3 B 1023 992
4 B 216 199
0 C 134 249
1 D 474 37
2 A 786 789
3 D 235 276
4 B 989 962
0 C 598 553
1 A 638 633
2 D 215 296
3 C 405 490
4 B 450 477
0 C 6 121
1 C 11 116
2 B 269 274
3 D 605 930
4 C 782 881
0 D 146 365
1 B 569 550
2 B 912 911
3 B 590 593
4 D 781 754
0 A 36 35
1 A 184 191
2 D 862 673
3 C 508 387
4 D 855 680
0 B 668 643
1 C 706 701
2 D 412 99
3 A 467 468
4 C 483 412
0 D 1007 528
1 B 497 494
2 D 44 467
3 C 331 308
4 B 86 73
0 C 299 340
1 B 861 834
2 B 908 915
3 C 730 677
4 A 827 828
0 D 893 642
1 D 356 155
2 A 800 807
3 C 845 818
4 C 662 745
0 A 528 535
1 B 416 447
2 A 733 730
3 B 970 981
4 B 401 398
0 B 187 164
1 B 1017 998
2 C 772 891
3 B 108 115
4 A 781 778
0 D 289 222
1 A 682 685
2 D 803 732
3 B 792 775
4 C 343 296
0 D 724 811
1 A 449 454
2 C 361 278
3 C 96 31
4 D 808 727
0 D 495 16
1 D 813 722
2 C 459 436
3 D 124 387
4 D 730 805
0 C 195 188
1 D 603 932
2 A 199 192
3 B 506 485
4 C 924 995
0 B 909 914
1 B 799 768
2 B 661 650
3 C 42 85
4 C 596 555
0 D 372 139
1 C 209 174
2 B 197 218
3 D 960 575
4 B 545 574
0 B 82 77
1 B 32 63
2 A 371 372
3 C 416 479
4 D 865 670
0 C 851 812
1 D 352 159
2 C 290 349
3 A 928 935
4 B 764 739
0 A 402 405
1 D 615 920
2 C 135 248
3 A 453 450
4 A 797 794
0 D 285 226
1 D 621 914
2 C 684 723
3 A 721 726
4 B 350 321
0 C 818 845
1 C 858 805
2 B 138 149
3 D 395 116
4 B 878 881
0 C 641 766
1 D 317 194
2 C 84 43
3 D 273 238
4 A 996 995
0 B 778 789
1 A 880 887
2 C 634 517
3 C 1015 904
4 D 353 158
0 A 827 828
1 B 568 551
2 B 391 408
3 B 764 739
4 B 637 610
0 A 936 943
1 B 874 885
2 B 872 887
3 B 772 795
4 B 964 987
0 A 181 178
1 A 336 343
2 A 152 159
3 D 830 705
4 D 286 225
0 C 730 677
1 C 70 57
2 D 860 675
3 C 324 315
4 B 514 541
0 A 924 923
1 C 645 762
2 B 478 449
3 B 414 385
4 C 774 889
0 B 604 579
1 A 794 797
2 C 245 138
3 A 438 433
4 A 12 11
0 C 722 685
1 A 357 354
2 B 423 440
3 C 875 788
4 A 964 963
0 A 979 980
1 A 115 116
2 C 235 148
3 B 784 783
4 B 0 31
0 A 913 918
1 B 514 541
2 A 216 223
3 C 117 10
4 A 213 210
0 A 284 283
1 A 388 387
2 D 479 32
3 C 352 287
4 B 594 589
0 A 468 467
1 B 538 517
2 D 552 983
3 A 263 256
4 D 630 905
0 D 682 853
1 B 424 439
2 C 1018 901
3 B 115 108
4 A 785 790
0 D 432 79
1 A 342 337
2 D 627 908
3 B 1019 996
4 B 541 514
0 C 381 258
1 C 474 421
2 A 555 556
3 D 634 901
4 B 661 650
0 C 142 241
1 D 399 112
2 A 493 490
3 A 7 0
4 C 708 699
0 C 73 54
1 A 97 102
2 D 397 114
3 B 152 135
4 A 868 867
0 D 938 597
1 C 31 96
2 A 378 381
3 D 1018 517
4 C 650 757
0 A 204 203
1 B 187 164
2 D 60 451
3 C 160 223
4 C 100 27
0 A 892 891
1 C 692 715
2 C 805 858
3 B 723 716
4 A 227 228
0 D 27 484
1 C 874 789
2 C 83 44
3 C 378 261
4 A 861 858
0 A 343 336
1 D 511 0
2 B 784 783
3 C 54 73
4 A 950 945
0 A 373 370
1 B 269 274
2 C 396 499
3 D 951 584
4 C 1009 910
0 C 397 498
1 B 887 872
2 D 379 132
3 B 768 799
4 A 400 407
0 A 792 799
1 A 645 642
2 A 949 946
3 C 259 380
4 C 680 727
0 C 319 320
1 A 736 743
2 B 764 739
3 B 321 350
4 B 144 143
0 C 840 823
1 D 194 317
2 D 296 215
3 B 628 619
4 C 13 114
0 A 820 819
1 C 826 837
2 A 237 234
3 B 712 727
4 C 144 239
0 D 710 825
1 A 712 719
2 D 553 982
3 C 538 613
4 C 17 110
0 A 502 497
1 B 825 806
2 A 42 45
3 D 179 332
4 A 788 787
0 D 583 952
1 B 805 826
2 A 939 940
3 B 798 769
4 B 509 482
0 A 899 900
1 D 168 343
2 B 842 853
3 C 468 427
4 A 488 495
0 B 179 172
1 D 432 79
2 C 837 826
3 B 415 384
4 D 45 466
0 B 722 717
1 D 295 216
2 B 191 160
3 A 197 194
4 D 839 696
0 C 602 549
1 A 598 593
2 C 277 362
3 D 649 886
4 D 825 710
0 C 77 50
1 B 824 807
2 B 359 376
3 B 963 988
4 A 988 987
0 B 77 82
1 B 26 5
2 C 653 754
3 A 55 48
4 C 1005 914
0 B 130 157
1 B 204 211
2 B 84 75
3 B 366 369
4 B 834 861
0 A 196 195
1 B 493 498
2 A 316 315
3 C 46 81
4 A 491 492
0 C 76 51
1 C 342 297
2 A 130 133
3 C 662 745
4 A 925 922
0 D 986 549
1 B 70 89
2 D 435 76
3 D 260 251
4 C 188 195
0 A 553 558
1 B 780 787
2 C 43 84
3 B 632 615
4 C 199 184
0 C 482 413
1 A 423 416
2 C 516 635
3 A 785 790
4 D 123 388
0 B 392 407
1 A 381 378
2 D 615 920
3 C 61 66
4 A 252 251
0 C 613 538
1 A 127 120
2 C 47 80
3 D 298 213
4 D 99 412
0 B 192 223
1 C 878 785
2 D 287 224
3 C 949 970
4 C 784 879
0 C 824 839
1 B 286 257
2 B 254 225
3 D 480 31
4 D 954 581
0 A 974 969
1 C 895 768
2 B 236 243
3 D 960 575
4 C 442 453
0 A 203 204
1 B 516 539
2 A 590 585
3 C 351 288
4 C 293 346
0 B 410 389
1 B 881 878
2 B 954 933
3 C 317 322
4 A 494 489
0 D 976 559
1 A 360 367
2 D 372 139
3 C 78 49
4 C 59 68
0 C 358 281
1 B 100 123
2 D 205 306
3 B 44 51
4 D 699 836
0 A 875 876
1 D 861 674
2 D 630 905
3 A 192 199
4 D 454 57
0 C 826 837
1 B 351 320
2 A 922 925
3 D 485 26
4 C 216 167
0 B 918 905
1 C 674 733
2 B 359 376
3 A 122 125
4 D 748 787
0 A 546 549
1 C 21 106
2 D 989 546
3 D 565 970
4 C 293 346
0 B 206 209
1 B 348 323
2 B 963 988
3 C 729 678
4 C 465 430
0 D 708 827
1 C 705 702
2 C 1013 906
3 C 236 147
4 A 363 364
0 A 328 335
1 A 532 531
2 D 888 647
3 C 801 862
4 D 420 91
0 D 739 796
1 C 22 105
2 D 788 747
3 B 558 561
4 B 988 963
0 B 183 168
1 C 997 922
2 A 589 586
3 C 284 355
4 B 876 883
0 D 594 941
1 C 320 319
2 D 542 993
3 A 594 597
4 D 805 730
0 D 983 552
1 B 233 246
2 B 848 847
3 C 247 136
4 B 302 305
0 D 459 52
1 A 875 876
2 D 89 422
3 A 210 213
4 B 276 267
0 D 978 557
1 C 499 396
2 D 436 75
3 A 417 422
4 D 653 882
0 B 157 130
1 D 836 699
2 A 104 111
3 A 58 61
4 C 128 255
0 B 388 411
1 C 594 557
2 B 249 230
3 B 308 299
4 B 65 94
0 D 814 721
1 C 631 520
2 C 960 959
3 B 628 619
4 C 207 176
0 C 512 639
1 B 209 206
2 A 761 766
3 A 422 417
4 B 2 29
0 A 635 636
1 D 38 473
2 B 277 266
3 B 613 634
4 D 87 424
0 C 189 194
1 C 832 831
2 B 643 668
3 A 732 731
4 D 503 8
0 C 202 181
1 C 959 960
2 D 308 203
3 A 408 415
4 B 478 449
0 B 794 773
1 D 44 467
2 A 164 163
3 A 157 154
4 B 841 854
0 C 241 142
1 B 36 59
2 C 813 850
3 C 390 505
4 D 993 542
0 D 15 496
1 C 533 618
2 C 95 32
3 B 701 674
4 D 144 367
0 B 943 944
1 C 361 278
2 D 304 207
3 B 465 462
4 C 938 981
0 C 216 167
1 C 580 571
2 B 597 586
3 B 906 917
4 B 318 289
0 D 960 575
1 C 827 836
2 D 494 17
3 B 586 597
4 C 843 820
0 B 28 3
1 C 651 756
2 C 110 17
3 B 940 947
4 B 507 484
0 C 621 530
1 B 323 348
2 C 594 557
3 B 335 336
4 B 814 817
0 D 36 475
1 B 627 620
2 B 438 425
3 C 718 689
4 B 428 435
0 B 769 798
1 A 843 844
2 A 845 842
3 D 683 852
4 A 193 198
0 D 961 574
1 B 380 355
2 D 134 377
3 C 852 811
4 C 75 52
0 D 476 35
1 D 337 174
2 A 188 187
3 B 755 748
4 D 490 21
0 B 486 505
1 D 134 377
2 A 363 364
3 C 52 75
4 A 798 793
0 A 339 340
1 B 316 291
2 B 178 173
3 B 747 756
4 D 84 427
0 D 36 475
1 A 493 490
2 C 139 244
3 C 156 227
4 A 632 639
0 C 123 4
1 A 872 879
2 C 763 644
3 C 360 279
4 C 611 540
0 B 906 917
1 B 494 497
2 D 793 742
3 C 358 281
4 C 128 255
0 B 790 777
1 B 942 945
2 D 322 189
3 C 133 250
4 A 239 232
0 B 253 226
1 C 769 894
2 A 285 282
3 B 776 791
4 D 57 454
0 D 323 188
1 A 386 389
2 C 197 186
3 C 167 216
4 B 778 789
0 B 599 584
1 D 267 244
2 D 555 980
3 A 864 871
4 D 926 609
0 C 218 165
1 B 801 830
2 A 662 657
3 D 466 45
4 D 992 543
0 A 353 358
1 A 266 269
2 B 104 119
3 C 473 422
4 B 845 850
0 A 230 225
1 A 701 698
2 D 355 156
3 C 333 306
4 B 743 760
0 C 603 548
1 A 978 981
2 D 444 67
3 D 856 679
4 B 647 664
0 B 743 760
1 A 646 641
2 C 258 381
3 C 464 431
4 C 876 787
0 C 893 770
1 C 142 241
2 D 319 192
3 D 19 492
4 C 167 216
0 C 976 943
1 D 685 850
2 C 396 499
3 B 521 534
4 C 995 924
0 A 738 741
1 D 861 674
2 A 939 940
3 D 626 909
4 D 585 950
0 D 373 138
1 D 378 133
2 B 620 627
3 C 25 102
4 D 676 859
0 B 483 508
1 A 584 591
2 B 219 196
3 B 218 197
4 C 61 66
0 D 98 413
1 A 67 68
2 B 224 255
3 A 255 248
4 D 575 960
0 A 209 214
1 A 460 459
2 A 619 620
3 B 195 220
4 C 862 801
0 A 303 296
1 A 287 280
2 B 575 544
3 B 522 533
4 C 715 692
0 A 998 993
1 A 506 509
2 C 875 788
3 D 153 358
4 C 842 821
0 A 18 21
1 C 622 529
2 A 588 587
3 A 614 609
4 A 960 967
0 B 816 815
1 A 520 527
2 B 843 852
3 A 149 146
4 C 849 814
0 C 837 826
1 D 682 853
2 A 484 483
3 C 172 211
4 A 872 879
0 C 610 541
1 C 839 824
2 B 935 952
3 C 22 105
4 C 653 754
0 C 262 377
1 A 405 402
2 C 740 667
3 A 743 736
4 A 29 26
0 B 278 265
1 A 429 426
2 C 545 606
3 A 14 9
4 A 162 165
0 A 407 400
1 A 625 630
2 D 408 103
3 C 572 579
4 B 961 990
0 B 554 565
1 D 733 802
2 C 71 56
3 D 294 217
4 A 923 924
0 C 997 922
1 D 448 63
2 C 587 564
3 B 735 704
4 A 345 350
0 A 494 489
1 D 151 360
2 B 167 184
3 A 808 815
4 C 628 523
0 A 467 468
1 D 302 209
2 C 773 890
3 D 137 374
4 A 108 107
0 B 84 75
1 A 984 991
2 B 271 272
3 C 111 16
4 C 640 767
0 C 79 48
1 B 268 275
2 A 322 325
3 A 826 829
4 C 1020 899
0 D 124 387
1 A 859 860
2 A 523 524
3 C 129 254
4 D 566 969
0 C 1023 896
1 C 223 160
2 B 88 71
3 D 662 873
4 C 269 370
0 B 734 705
1 A 51 52
2 D 601 934
3 C 970 949
4 C 553 598
0 D 310 201
1 C 264 375
2 A 677 674
3 D 925 610
4 B 693 682
0 C 41 86
1 A 753 758
2 B 388 411
3 C 235 148
4 A 841 846
0 A 741 738
1 D 844 691
2 A 954 957
3 A 441 446
4 C 180 203
0 C 289 350
1 D 692 843
2 A 496 503
3 C 750 657
4 A 430 425
0 A 657 662
1 D 341 170
2 B 493 498
3 A 790 785
4 D 701 834
0 B 819 812
1 C 630 521
2 C 665 742
3 C 546 605
4 A 427 428
0 D 656 879
1 C 236 147
2 A 92 91
3 C 209 174
4 B 105 118
0 D 440 71
1 D 796 739
2 C 620 531
3 B 886 873
4 A 800 807
0 B 960 991
1 B 364 371
2 B 127 96
3 D 688 847
4 B 746 757
0 D 249 262
1 B 613 634
2 B 926 897
3 A 454 449
4 D 436 75
0 C 1005 914
1 C 650 757
2 A 88 95
3 C 664 743
4 A 1007 1000
0 D 351 160
1 C 518 633
2 C 351 288
3 A 445 442
4 D 245 266
0 D 912 623
1 A 788 787
2 B 799 768
3 B 502 489
4 C 172 211
0 C 33 94
1 B 666 645
2 D 74 437
3 D 693 842
4 D 586 949
0 B 83 76
1 C 878 785
2 B 260 283
3 C 822 841
4 C 1 126
0 C 945 974
total time of producer and consumer measured by clock(2):
Consumer takes 698980000 clicks (698.979980 seconds).
Producer takes 698820000 clicks (698.819946 seconds).

total time of producer and consumer measured by time(2):
Consumer takes 703.000000 seconds.
Producer takes 695.000000 seconds.
