0 A 782 777
1 C 53 74
2 D 961 574
3 B 219 196
4 D 809 726
0 B 736 767
1 C 747 660
2 C 819 844
3 A 382 377
4 B 128 159
0 C 230 153
1 D 287 224
2 A 648 655
3 D 721 814
4 C 649 758
0 B 808 823
1 A 350 345
2 D 62 449
3 A 429 426
4 B 918 905
0 B 251 228
1 D 276 235
2 B 950 937
3 C 255 128
4 D 137 374
0 D 73 438
1 B 605 578
2 D 116 395
3 A 130 133
4 C 730 677
0 C 988 931
1 B 218 197
2 C 642 765
3 B 291 316
4 C 873 790
0 D 735 800
1 C 226 157
2 D 599 936
3 C 200 183
4 A 700 699
0 A 353 358
1 D 267 244
2 B 484 507
3 C 849 814
4 B 389 410
0 D 309 202
1 D 813 722
2 C 964 955
3 C 253 130
4 B 425 438
0 C 219 164
1 D 116 395
2 B 112 111
3 C 686 721
4 C 416 479
0 B 537 518
1 B 370 365
2 B 534 521
3 A 821 818
4 D 704 831
0 B 923 900
1 A 531 532
2 D 999 536
3 A 708 707
4 D 702 833
0 C 998 921
1 C 394 501
2 D 337 174
3 B 680 695
4 D 788 747
0 A 898 901
1 B 200 215
2 D 439 72
3 C 1009 910
4 C 628 523
0 D 500 11
1 A 905 910
2 A 101 98
3 D 594 941
4 A 511 504
0 A 717 714
1 B 409 390
2 A 75 76
3 C 742 665
4 B 635 612
0 D 62 449
1 D 823 712
2 D 63 448
3 C 276 363
4 B 327 344
0 B 539 516
1 D 454 57
2 C 119 8
3 C 628 523
4 C 863 800
0 D 306 205
1 D 584 951
2 B 860 835
3 D 284 227
4 C 505 390
0 A 197 194
1 A 604 603
2 C 207 176
3 B 281 262
4 B 841 854
0 A 261 258
1 D 73 438
2 D 1001 534
3 B 121 102
4 D 986 549
0 A 126 121
1 C 385 510
2 A 448 455
3 A 65 70
4 A 426 429
0 A 920 927
1 B 554 565
2 D 545 990
3 A 999 992
4 A 580 579
0 D 85 426
1 D 45 466
2 C 600 551
3 B 696 679
4 C 435 460
0 D 927 608
1 A 560 567
2 B 693 682
3 A 614 609
4 A 371 372
0 D 126 385
1 C 597 554
2 B 161 190
3 B 800 831
4 D 571 964
0 C 925 994
1 A 595 596
2 D 507 4
3 C 466 429
4 A 617 622
0 D 244 267
1 D 324 187
2 D 503 8
3 C 376 263
4 C 765 642
0 A 902 897
1 A 20 19
2 B 873 886
3 D 110 401
4 C 159 224
0 C 112 15
1 C 772 891
2 C 49 78
3 B 349 322
4 C 205 178
0 B 825 806
1 A 56 63
2 B 926 897
3 D 460 51
4 B 62 33
0 C 932 987
1 D 467 44
2 C 309 330
3 B 664 647
4 C 976 943
0 A 139 140
1 C 252 131
2 D 603 932
3 A 116 115
4 A 513 518
0 B 1023 992
1 D 207 304
2 B 864 895
3 C 3 124
4 B 759 744
0 D 604 931
1 A 842 845
2 A 204 203
3 D 115 396
4 A 264 271
0 D 652 883
1 C 536 615
2 B 916 907
3 C 948 971
4 D 168 343
0 D 767 768
1 C 184 199
2 B 800 831
3 D 60 451
4 C 555 596
0 B 981 970
1 A 193 198
2 D 990 545
3 C 964 955
4 D 902 633
0 A 629 626
1 A 465 470
2 D 10 501
3 D 492 19
4 D 62 449
0 C 68 59
1 D 106 405
2 A 287 280
3 A 889 894
4 A 411 412
0 D 459 52
1 C 218 165
2 D 875 660
3 C 509 386
4 A 755 756
0 A 697 702
1 B 659 652
2 C 377 262
3 B 263 280
4 A 701 698
0 B 595 588
1 B 137 150
2 D 432 79
3 C 47 80
4 B 145 142
0 C 564 587
1 D 655 880
2 C 39 88
3 A 192 199
4 C 576 575
0 C 38 89
1 D 308 203
2 C 962 957
3 C 458 437
4 D 82 429
0 C 409 486
1 A 578 581
2 A 575 568
3 C 22 105
4 A 728 735
0 C 817 846
1 A 59 60
2 C 924 995
3 A 796 795
4 C 512 639
0 D 197 314
1 A 587 588
2 A 43 44
3 C 361 278
4 A 841 846
0 A 90 93
1 D 821 714
2 A 167 160
3 B 728 711
4 D 627 908
0 D 498 13
1 D 146 365
2 C 397 498
3 B 561 558
4 C 148 235
0 A 104 111
1 A 757 754
2 C 546 605
3 A 447 440
4 C 578 573
0 B 556 563
1 D 860 675
2 A 170 173
3 A 1007 1000
4 B 164 187
0 D 227 284
1 A 612 611
2 A 126 121
3 A 517 514
4 A 638 633
0 C 321 318
1 D 624 911
2 A 469 466
3 D 147 364
4 A 919 912
0 C 578 573
1 A 97 102
2 B 811 820
3 C 198 185
4 C 79 48
0 C 673 734
1 D 393 118
2 B 712 727
3 C 322 317
4 D 113 398
0 B 94 65
1 A 390 385
2 B 788 779
3 D 17 494
4 D 71 440
0 A 416 423
1 A 631 624
2 C 448 447
3 B 822 809
4 D 928 607
0 B 517 538
1 A 432 439
2 C 640 767
3 D 384 127
4 A 215 208
0 A 665 670
1 D 957 578
2 D 776 759
3 B 601 582
4 C 312 327
0 B 166 185
1 D 639 896
2 A 660 659
3 A 133 130
4 A 681 686
0 D 609 926
1 C 257 382
2 A 922 925
3 C 241 142
4 B 129 158
0 A 327 320
1 C 302 337
2 B 13 18
3 A 210 213
4 C 380 259
0 D 939 596
1 B 868 891
2 A 518 513
3 A 846 841
4 A 230 225
0 B 296 311
1 C 403 492
2 D 706 829
3 D 87 424
4 D 800 735
0 C 117 10
1 C 198 185
2 B 786 781
3 B 782 785
4 A 437 434
0 D 595 940
1 B 57 38
2 B 633 614
3 A 136 143
4 B 181 170
0 B 841 854
1 A 316 315
2 A 408 415
3 C 320 319
4 C 521 630
0 D 136 375
1 B 196 219
2 A 208 215
3 B 868 891
4 A 197 194
0 A 940 939
1 B 526 529
2 B 615 632
3 A 95 88
4 C 224 159
0 D 587 948
1 C 216 167
2 C 738 669
3 B 321 350
4 A 936 943
0 D 238 273
1 B 892 867
2 C 186 197
3 A 144 151
4 A 23 16
0 C 765 642
1 C 72 55
2 D 880 655
3 C 642 765
4 D 604 931
0 A 721 726
1 D 647 888
2 C 744 663
3 A 364 363
4 A 928 935
0 A 7 0
1 B 411 388
2 A 290 293
3 C 842 821
4 B 23 8
0 B 843 852
1 A 406 401
2 B 1019 996
3 B 781 786
4 B 403 396
0 B 84 75
1 A 767 760
2 B 198 217
3 D 154 357
4 B 296 311
0 A 817 822
1 A 210 213
2 C 290 349
3 D 246 265
4 C 719 688
0 A 157 154
1 D 842 693
2 C 416 479
3 D 829 706
4 B 201 214
0 A 896 903
1 D 338 173
2 B 957 930
3 A 483 484
4 C 240 143
0 C 1016 903
1 A 42 45
2 B 420 443
3 A 796 795
4 B 452 475
0 A 831 824
1 D 568 967
2 C 477 418
3 B 849 846
4 A 826 829
0 C 588 563
1 A 509 506
2 B 566 553
3 A 257 262
4 A 670 665
0 A 976 983
1 B 807 824
2 B 565 554
3 A 134 129
4 A 666 669
0 A 105 110
1 B 61 34
2 D 949 586
3 A 998 993
4 C 602 549
0 C 653 754
1 B 351 320
2 B 396 403
3 C 169 214
4 D 1004 531
0 D 957 578
1 D 367 144
2 D 273 238
3 C 309 330
4 A 270 265
0 C 184 199
1 A 632 639
2 B 421 442
3 B 606 577
4 A 934 929
0 D 618 917
1 D 59 452
2 D 924 611
3 D 496 15
4 A 968 975
0 C 262 377
1 A 60 59
2 D 595 940
3 D 542 993
4 B 789 778
0 A 125 122
1 B 971 980
2 D 245 266
3 C 160 223
4 D 88 423
0 B 320 351
1 A 310 305
2 A 86 81
3 C 171 212
4 C 150 233
0 B 328 343
1 B 466 461
2 D 254 257
3 A 805 802
4 B 658 653
0 B 716 723
1 A 327 320
2 B 933 954
3 B 574 545
4 A 190 185
0 A 716 715
1 C 878 785
2 B 644 667
3 C 316 323
4 B 198 217
0 D 592 943
1 B 494 497
2 C 407 488
3 B 654 657
4 D 242 269
0 B 655 656
1 B 276 267
2 B 428 435
3 A 401 406
4 D 895 640
0 C 598 553
1 C 720 687
2 B 253 226
3 D 556 979
4 D 184 327
0 B 115 108
1 C 774 889
2 C 505 390
3 D 39 472
4 C 108 19
0 A 19 20
1 B 873 886
2 B 284 259
3 A 130 133
4 B 21 10
0 C 428 467
1 D 175 336
2 B 392 407
3 B 453 474
4 B 978 973
0 B 114 109
1 B 885 874
2 D 967 568
3 A 19 20
4 D 498 13
0 A 64 71
1 A 789 786
2 D 937 598
3 D 751 784
4 B 309 298
0 C 879 784
1 D 618 917
2 A 919 912
3 B 983 968
4 C 829 834
0 B 138 149
1 D 545 990
2 C 855 808
3 C 497 398
4 D 502 9
0 B 656 655
1 D 203 308
2 C 34 93
3 A 265 270
4 B 737 766
0 C 347 292
1 D 487 24
2 C 814 849
3 D 978 557
4 C 796 867
0 D 504 7
1 C 758 649
2 A 81 86
3 C 109 18
4 B 860 835
0 B 778 789
1 C 386 509
2 D 433 78
3 B 105 118
4 D 277 234
0 B 521 534
1 C 383 256
2 C 937 982
3 A 406 401
4 A 991 984
0 C 215 168
1 C 170 213
2 B 654 657
3 B 16 15
4 A 944 951
0 D 494 17
1 C 353 286
2 C 133 250
3 D 848 687
4 B 273 270
0 A 641 646
1 D 82 429
2 C 577 574
3 D 636 899
4 C 181 202
0 A 153 158
1 C 788 875
2 D 351 160
3 D 88 423
4 C 269 370
0 D 923 612
1 A 517 514
2 B 820 811
3 D 483 28
4 D 248 263
0 D 181 330
1 B 259 284
2 C 950 969
3 C 584 567
4 C 823 840
0 B 880 879
1 A 7 0
2 B 520 535
3 A 739 740
4 D 179 332
0 B 383 352
1 D 937 598
2 D 536 999
3 D 77 434
4 A 74 77
0 D 422 89
1 C 111 16
2 A 457 462
3 D 16 495
4 D 657 878
0 C 820 843
1 C 394 501
2 B 809 822
3 C 370 269
4 D 117 394
0 A 262 257
1 C 863 800
2 B 679 696
3 B 488 503
4 C 183 200
0 C 884 779
1 B 736 767
2 C 322 317
3 A 14 9
4 B 875 884
0 B 497 494
1 D 10 501
2 B 957 930
3 B 552 567
4 C 848 815
0 B 450 477
1 C 215 168
2 B 301 306
3 C 218 165
4 D 816 719
0 D 615 920
1 C 738 669
2 C 820 843
3 C 829 834
4 D 324 187
0 A 534 529
1 C 345 294
2 C 1020 899
3 B 47 48
4 B 250 229
0 B 232 247
1 C 507 388
2 C 106 21
3 A 401 406
4 D 862 673
0 C 623 528
1 C 804 859
2 D 603 932
3 D 615 920
4 C 766 641
0 A 162 165
1 D 116 395
2 C 301 338
3 D 399 112
4 A 627 628
0 D 672 863
1 D 900 635
2 B 86 73
3 C 505 390
4 C 220 163
0 D 714 821
1 C 579 572
2 C 739 668
3 A 971 972
4 C 306 333
0 A 638 633
1 A 918 913
2 C 479 416
3 D 249 262
4 D 644 891
0 D 994 541
1 B 748 755
2 D 371 140
3 B 42 53
4 A 59 60
0 B 658 653
1 B 852 843
2 A 456 463
3 D 439 72
4 B 571 548
0 C 210 173
1 A 506 509
2 D 700 835
3 D 662 873
4 D 672 863
0 B 179 172
1 C 583 568
2 B 146 141
3 D 102 409
4 D 895 640
0 A 984 991
1 D 859 676
2 B 733 706
3 B 737 766
4 D 704 831
0 B 71 88
1 D 23 488
2 A 689 694
3 D 297 214
4 C 246 137
0 B 643 668
1 A 912 919
2 A 291 292
3 C 41 86
4 D 924 611
0 A 847 840
1 D 1010 525
2 A 884 883
3 A 62 57
4 B 157 130
0 C 797 866
1 C 274 365
2 B 795 772
3 B 583 600
4 B 277 266
0 D 774 761
1 D 821 714
2 B 801 830
3 D 758 777
4 A 427 428
0 A 304 311
1 C 846 817
2 B 663 648
3 A 640 647
4 A 351 344
0 B 84 75
1 D 640 895
2 A 694 689
3 D 144 367
4 C 740 667
0 D 159 352
1 A 460 459
2 B 161 190
3 C 852 811
4 B 476 451
0 D 240 271
1 A 562 565
2 D 366 145
3 C 290 349
4 A 779 780
0 C 775 888
1 D 278 233
2 B 877 882
3 B 319 288
4 D 94 417
0 B 982 969
1 C 469 426
2 A 266 269
3 A 292 291
4 C 148 235
0 C 849 814
1 C 396 499
2 C 206 177
3 C 637 514
4 D 405 106
0 A 924 923
1 B 641 670
2 C 400 495
3 D 764 771
4 D 366 145
0 C 658 749
1 C 759 648
2 C 191 192
3 C 200 183
4 C 457 438
0 D 781 754
1 C 315 324
2 D 747 788
3 A 919 912
4 D 788 747
0 C 955 964
1 D 186 325
2 B 61 34
3 D 698 837
4 A 333 330
0 B 792 775
1 C 194 189
2 C 585 566
3 D 762 773
4 A 55 48
0 A 874 877
1 D 179 332
2 A 655 648
3 B 108 115
4 D 89 422
0 C 969 950
1 D 124 387
2 C 448 447
3 C 464 431
4 D 213 298
0 B 1019 996
1 A 491 492
2 B 384 415
3 D 776 759
4 D 78 433
0 A 502 497
1 A 183 176
2 A 721 726
3 D 146 365
4 C 977 942
0 D 797 738
1 A 623 616
2 A 401 406
3 C 83 44
4 C 463 432
0 B 552 567
1 C 421 474
2 A 728 735
3 A 48 55
4 B 283 260
0 D 681 854
1 D 182 329
2 C 675 732
3 C 471 424
4 B 258 285
0 B 105 118
1 B 297 310
2 D 167 344
3 C 171 212
4 A 574 569
0 B 117 106
1 B 235 244
2 B 337 334
3 B 166 185
4 B 487 504
0 D 281 230
1 D 12 499
2 D 755 780
3 A 58 61
4 A 66 69
0 C 243 140
1 D 691 844
2 C 726 681
3 C 862 801
4 C 254 129
0 A 827 828
1 D 948 587
2 D 284 227
3 D 495 16
4 C 373 266
0 D 572 963
1 D 123 388
2 B 787 780
3 D 206 305
4 A 929 934
0 C 680 727
1 D 660 875
2 A 741 738
3 D 808 727
4 A 864 871
0 C 851 812
1 B 637 610
2 C 30 97
3 B 597 586
4 D 641 894
0 A 362 365
1 D 381 130
2 A 477 474
3 D 772 763
4 A 355 356
0 A 471 464
1 C 155 228
2 A 55 48
3 D 982 553
4 A 658 661
0 D 318 193
1 A 170 173
2 A 440 447
3 C 661 746
4 B 21 10
0 B 186 165
1 D 553 982
2 D 614 921
3 B 240 239
4 D 462 49
0 C 523 628
1 C 829 834
2 B 613 634
3 D 491 20
4 A 440 447
0 B 508 483
1 B 515 540
2 C 923 996
3 A 806 801
4 C 964 955
0 D 487 24
1 B 989 962
2 C 680 727
3 D 865 670
4 D 287 224
0 D 185 326
1 B 729 710
2 D 437 74
3 A 929 934
4 B 29 2
0 D 922 613
1 B 515 540
2 C 934 985
3 C 929 990
4 B 622 625
0 A 264 271
1 B 262 281
2 A 176 183
3 D 935 600
4 A 818 821
0 A 970 973
1 A 598 593
2 A 246 241
3 A 665 670
4 A 760 767
0 A 161 166
1 D 215 296
2 A 998 993
3 D 474 37
4 B 446 417
0 A 958 953
1 D 510 1
2 B 911 912
3 B 903 920
4 A 748 747
0 A 363 364
1 C 86 41
2 D 625 910
3 A 637 634
4 B 909 914
0 D 140 371
1 C 520 631
2 A 40 47
3 B 904 919
4 B 362 373
0 A 601 606
1 C 381 258
2 B 109 114
3 C 816 847
4 B 417 446
0 C 679 728
1 D 1011 524
2 B 142 145
3 A 550 545
4 C 197 186
0 B 986 965
1 B 688 687
2 C 495 400
3 B 83 76
4 A 188 187
0 B 370 365
1 A 659 660
2 D 20 491
3 C 480 415
4 B 228 251
0 A 721 726
1 C 104 23
2 C 478 417
3 A 265 270
4 A 565 562
0 D 51 460
1 A 813 810
2 B 928 959
3 D 1000 535
4 C 625 526
0 A 785 790
1 D 323 188
2 A 29 26
3 A 318 313
4 A 635 636
0 A 151 144
1 B 854 841
2 C 683 724
3 D 217 294
4 C 364 275
0 A 571 572
1 B 349 322
2 C 47 80
3 A 61 58
4 B 247 232
0 D 455 56
1 B 503 488
2 B 193 222
3 B 909 914
4 C 503 392
0 D 127 384
1 C 126 1
2 A 714 717
3 C 798 865
4 D 400 111
0 B 61 34
1 A 518 513
2 D 352 159
3 A 509 506
4 B 248 231
0 D 655 880
1 A 45 42
2 A 923 924
3 D 736 799
4 C 100 27
0 D 956 579
1 D 84 427
2 A 894 889
3 C 890 773
4 D 602 933
0 C 15 112
1 C 366 273
2 A 957 954
3 A 6 1
4 D 461 50
0 C 791 872
1 C 666 741
2 C 354 285
3 C 710 697
4 D 855 680
0 C 807 856
1 C 149 234
2 D 318 193
3 A 591 584
4 C 740 667
0 D 851 684
1 A 450 453
2 D 932 603
3 D 213 298
4 A 535 528
0 C 859 804
1 B 665 646
2 C 73 54
3 D 28 483
4 C 26 101
0 A 783 776
1 C 484 411
2 A 398 393
3 A 212 211
4 C 218 165
0 B 933 954
1 B 112 111
2 C 1015 904
3 D 440 71
4 D 1020 515
0 D 241 270
1 C 881 782
2 C 668 739
3 C 562 589
4 B 465 462
0 A 873 878
1 B 641 670
2 B 605 578
3 A 883 884
4 D 609 926
0 C 279 360
1 C 276 363
2 D 142 369
3 A 613 610
4 B 328 343
0 A 992 999
1 B 695 680
2 A 747 748
3 C 28 99
4 D 559 976
0 B 403 396
1 C 378 261
2 A 685 682
3 C 843 820
4 C 275 364
0 A 366 361
1 D 997 538
2 A 646 641
3 C 728 679
4 B 89 70
0 C 844 819
1 C 625 526
2 B 316 291
3 C 634 517
4 C 527 624
0 D 387 124
1 D 773 762
2 C 836 827
3 A 238 233
4 B 727 712
0 B 987 964
1 D 370 141
2 D 362 149
3 D 124 387
4 C 843 820
0 B 252 227
1 C 1009 910
2 D 482 29
3 B 3 28
4 B 606 577
0 D 505 6
1 B 735 704
2 A 283 284
3 C 276 363
4 B 968 983
0 A 573 570
1 C 293 346
2 B 264 279
3 D 207 304
4 C 338 301
0 D 9 502
1 A 678 673
2 A 825 830
3 D 573 962
4 C 663 744
0 B 451 476
1 A 244 243
2 C 423 472
3 D 805 730
4 B 478 449
0 D 262 249
1 D 88 423
2 A 928 935
3 A 391 384
4 B 479 448
0 C 199 184
1 B 898 925
2 A 75 76
3 D 660 875
4 C 209 174
0 A 996 995
1 A 448 455
2 A 462 457
3 D 657 878
4 B 933 954
0 D 395 116
1 C 246 137
2 D 787 748
3 C 697 710
4 C 998 921
0 D 627 908
1 A 916 915
2 B 293 314
3 B 598 585
4 A 573 570
0 C 33 94
1 D 52 459
2 D 392 119
3 A 345 350
4 A 527 520
0 A 708 707
1 C 99 28
2 C 842 821
3 A 308 307
4 D 599 936
0 A 846 841
1 B 755 748
2 C 744 663
3 B 372 363
4 A 580 579
0 B 97 126
1 C 639 512
2 B 215 200
3 A 301 298
4 D 995 540
0 A 751 744
1 C 727 680
2 B 67 92
3 D 953 582
4 D 592 943
0 A 528 535
1 C 181 202
2 C 852 811
3 B 693 682
4 C 995 924
0 B 6 25
1 B 954 933
2 B 94 65
3 B 348 323
4 B 175 176
0 D 880 655
1 B 148 139
2 B 246 233
3 D 27 484
4 A 217 222
0 B 519 536
1 A 17 22
2 A 478 473
3 C 729 678
4 B 158 129
0 B 103 120
1 C 712 695
2 C 999 920
3 C 947 972
4 C 306 333
0 B 268 275
1 C 764 643
2 D 299 212
3 B 949 938
4 A 856 863
0 A 879 872
1 C 330 309
2 D 99 412
3 D 366 145
4 A 146 149
0 A 630 625
1 A 327 320
2 A 718 713
3 C 694 713
4 B 892 867
0 C 473 422
1 A 623 616
2 A 366 361
3 C 230 153
4 A 659 660
0 B 456 471
1 D 878 657
2 B 172 179
3 C 197 186
4 D 510 1
0 C 766 641
1 C 503 392
2 B 438 425
3 C 117 10
4 B 383 352
0 D 888 647
1 B 436 427
2 C 156 227
3 B 577 606
4 A 862 857
0 C 447 448
1 A 106 109
2 D 338 173
3 C 515 636
4 C 683 724
0 D 12 499
1 A 746 749
2 A 522 525
3 B 865 894
4 A 31 24
0 C 551 600
1 D 209 302
2 C 713 694
3 D 357 154
4 C 1002 917
0 D 221 290
1 B 974 977
2 C 981 938
3 C 406 489
4 C 53 74
0 C 445 450
1 B 395 404
2 C 187 196
3 C 776 887
4 A 436 435
0 A 872 879
1 A 884 883
2 B 86 73
3 C 589 562
4 B 828 803
0 C 450 445
1 C 323 316
2 A 213 210
3 D 358 153
4 D 792 743
0 A 539 540
1 B 714 725
2 B 126 97
3 D 152 359
4 B 748 755
0 C 762 645
1 C 871 792
2 C 611 540
3 C 694 713
4 C 439 456
0 A 56 63
1 D 564 971
2 A 108 107
3 C 366 273
4 C 869 794
0 C 164 219
1 C 76 51
2 A 825 830
3 D 983 552
4 C 23 104
0 B 678 697
1 B 48 47
2 B 521 534
3 C 827 836
4 C 715 692
0 C 757 650
1 D 450 61
2 D 748 787
3 B 966 985
4 D 47 464
0 C 950 969
1 A 128 135
2 D 437 74
3 D 777 758
4 B 655 656
0 C 308 331
1 C 811 852
2 B 985 966
3 D 416 95
4 A 37 34
0 B 519 536
1 B 922 901
2 D 623 912
3 B 814 817
4 C 582 569
0 C 288 351
1 D 781 754
2 D 980 555
3 D 32 479
4 D 163 348
0 B 212 203
1 D 893 642
2 A 198 193
3 D 266 245
4 B 721 718
0 B 619 628
1 B 344 327
2 B 476 451
3 A 744 751
4 B 451 476
0 C 409 486
1 A 692 691
2 C 237 146
3 D 23 488
4 B 149 138
0 D 405 106
1 B 965 986
2 B 545 574
3 C 504 391
4 A 89 94
0 D 127 384
1 C 1012 907
2 D 840 695
3 A 130 133
4 B 349 322
0 C 419 476
1 C 188 195
2 C 71 56
3 D 644 891
4 A 674 677
0 B 378 357
1 D 563 972
2 B 752 751
3 D 785 750
4 D 574 961
0 D 393 118
1 A 976 983
2 C 61 66
3 B 935 952
4 A 543 536
0 B 731 708
1 B 936 951
2 A 459 460
3 D 442 69
4 A 886 881
0 D 704 831
1 B 719 720
2 D 69 442
3 B 138 149
4 A 996 995
0 D 77 434
1 A 465 470
2 B 937 950
3 A 535 528
4 C 925 994
0 D 1021 514
1 A 740 739
2 B 729 710
3 A 488 495
4 A 101 98
0 A 48 55
1 A 121 126
2 D 348 163
3 C 5 122
4 B 631 616
0 B 214 201
1 A 213 210
2 A 259 260
3 A 488 495
4 B 680 695
0 A 145 150
1 C 25 102
2 C 657 750
3 C 568 583
4 B 459 468
0 B 268 275
1 C 78 49
2 B 456 471
3 D 547 988
4 C 132 251
0 A 966 961
1 D 997 538
2 D 629 906
3 B 296 311
4 C 521 630
0 A 40 47
1 A 95 88
2 D 393 118
3 B 485 506
4 B 865 894
0 D 14 497
1 A 926 921
2 C 638 513
3 B 436 427
4 B 770 797
0 C 861 802
1 B 0 31
2 A 337 342
3 B 773 794
4 A 175 168
0 C 627 524
1 C 357 282
2 A 621 618
3 B 981 970
4 B 218 197
0 C 729 678
1 C 265 374
2 A 394 397
3 A 226 229
4 C 17 110
0 C 832 831
1 D 345 166
2 A 761 766
3 C 593 558
4 B 450 477
0 D 49 462
1 D 729 806
2 D 442 69
3 C 995 924
4 A 904 911
0 B 42 53
1 C 585 566
2 C 218 165
3 B 303 304
4 D 397 114
0 C 214 169
1 D 59 452
2 C 259 380
3 D 612 923
4 C 466 429
0 A 227 228
1 B 832 863
2 A 826 829
3 A 658 661
4 C 749 658
0 A 944 951
1 C 921 998
2 D 832 703
3 C 563 588
4 B 817 814
0 B 197 218
1 C 919 1000
2 D 194 317
3 D 883 652
4 D 768 767
0 C 318 321
1 D 273 238
2 C 797 866
3 A 426 429
4 B 617 630
0 C 367 272
1 A 518 513
2 B 121 102
3 B 679 696
4 A 923 924
0 B 659 652
1 B 632 615
2 B 378 357
3 B 238 241
4 B 184 167
0 A 287 280
1 D 553 982
2 B 482 509
3 A 882 885
4 C 787 876
0 C 20 107
1 A 561 566
2 D 805 730
3 C 1011 908
4 B 345 326
0 C 676 731
1 A 452 451
2 C 563 588
3 C 703 704
4 D 609 926
0 A 505 510
1 A 119 112
2 C 480 415
3 C 262 377
4 B 563 556
0 D 699 836
1 B 623 624
2 B 20 11
3 C 947 972
4 A 759 752
0 A 325 322
1 C 455 440
2 B 182 169
3 D 510 1
4 C 154 229
0 B 162 189
1 B 646 665
2 C 542 609
3 A 882 885
4 A 834 837
0 D 430 81
1 C 371 268
2 B 19 12
3 C 199 184
4 D 912 623
0 B 648 663
1 B 545 574
2 C 473 422
3 A 969 974
4 C 268 371
0 C 283 356
1 D 433 78
2 C 818 845
3 C 578 573
4 A 956 955
0 B 672 703
1 D 543 992
2 C 10 117
3 B 705 734
4 B 566 553
0 A 103 96
1 D 755 780
2 B 908 915
3 B 832 863
4 C 878 785
0 D 752 783
1 C 236 147
2 B 362 373
3 B 660 651
4 B 814 817
0 C 449 446
1 C 80 47
2 B 696 679
3 C 267 372
4 D 635 900
0 A 426 429
1 B 631 616
2 B 726 713
3 C 981 938
4 A 322 325
0 B 332 339
1 A 610 613
2 D 934 601
3 D 256 255
4 C 641 766
0 A 869 866
1 A 67 68
2 D 898 637
3 A 266 269
4 A 309 306
0 B 871 888
1 C 825 838
2 B 745 758
3 D 4 507
4 D 925 610
0 B 462 465
1 A 393 398
2 D 717 818
3 D 70 441
4 A 436 435
0 C 962 957
1 D 707 828
2 D 487 24
3 C 360 279
4 A 169 174
0 D 146 365
1 D 761 774
2 D 757 778
3 A 639 632
4 D 205 306
0 C 622 529
1 C 931 988
2 C 16 111
3 C 970 949
4 C 800 863
0 D 39 472
1 D 877 658
2 A 501 498
3 D 658 877
4 A 623 616
0 B 829 802
1 A 989 986
2 A 71 64
3 D 716 819
4 D 409 102
0 D 343 168
1 D 632 903
2 B 866 893
3 D 789 746
4 B 805 826
0 C 797 866
1 B 748 755
2 B 578 605
3 D 862 673
4 A 914 917
0 C 534 617
1 D 873 662
2 A 56 63
3 A 77 74
4 A 284 283
0 C 68 59
1 B 288 319
2 C 330 309
3 B 279 264
4 D 628 907
0 B 137 150
1 A 424 431
2 B 107 116
3 C 431 464
4 B 412 387
0 A 141 138
1 B 56 39
2 B 855 840
3 C 249 134
4 C 54 73
0 A 225 230
1 B 741 762
2 C 550 601
3 C 1000 919
4 B 832 863
0 D 378 133
1 B 203 212
2 A 590 585
3 A 50 53
4 C 698 709
0 A 488 495
1 B 233 246
2 B 979 972
3 D 451 60
4 B 344 327
0 A 460 459
1 A 648 655
2 A 123 124
3 B 188 163
4 C 144 239
0 D 674 861
1 A 441 446
2 C 46 81
3 D 184 327
4 D 212 299
0 C 935 984
1 B 585 598
2 D 229 282
3 A 937 942
4 C 322 317
0 C 70 57
1 D 995 540
2 B 635 612
3 A 986 989
4 B 324 347
0 D 21 490
1 B 28 3
2 D 775 760
3 A 383 376
4 D 837 698
0 B 144 143
1 D 315 196
2 B 936 951
3 D 860 675
4 B 83 76
0 C 227 156
1 B 75 84
2 B 163 188
3 A 105 110
4 A 706 709
0 A 754 757
1 A 572 571
2 D 910 625
3 B 644 667
4 B 412 387
0 C 281 358
1 B 417 446
2 D 826 709
3 D 496 15
4 B 188 163
0 A 536 543
1 B 185 166
2 D 739 796
3 B 113 110
4 B 702 673
0 A 41 46
1 D 4 507
2 A 846 841
3 B 223 192
4 B 244 235
0 C 385 510
1 D 508 3
2 B 722 717
3 A 987 988
4 D 382 129
0 D 266 245
1 D 353 158
2 D 950 585
3 B 64 95
4 D 869 666
0 D 400 111
1 A 796 795
2 D 841 694
3 D 118 393
4 D 153 358
0 A 215 208
1 C 1001 918
2 A 191 184
3 C 798 865
4 D 917 618
0 D 945 590
1 B 978 973
2 D 63 448
3 B 605 578
4 D 768 767
0 B 901 922
1 C 461 434
2 B 837 858
3 C 807 856
4 C 664 743
0 A 799 792
1 A 159 152
2 C 784 879
3 D 362 149
4 A 748 747
0 C 477 418
1 A 133 130
2 C 852 811
3 A 127 120
4 C 155 228
0 C 833 830
1 D 939 596
2 A 292 291
3 A 250 253
4 C 496 399
0 D 113 398
1 B 383 352
2 A 309 306
3 C 702 705
4 C 956 963
0 A 481 486
1 B 821 810
2 A 110 105
3 B 510 481
4 B 588 595
0 A 94 89
1 C 748 659
2 A 713 718
3 B 387 412
4 C 376 263
0 B 359 376
1 C 557 594
2 A 779 780
3 C 19 108
4 C 229 154
0 C 923 996
1 A 315 316
2 A 229 226
3 D 251 260
4 A 597 594
0 C 41 86
1 C 502 393
2 A 848 855
3 C 833 830
4 D 163 348
0 B 928 959
1 C 191 192
2 A 256 263
3 C 946 973
4 A 907 908
0 D 1 510
1 A 171 172
2 C 843 820
3 D 476 35
4 B 164 187
0 C 772 891
1 B 204 211
2 A 876 875
3 A 182 177
4 D 590 945
0 A 291 292
1 C 475 420
2 B 433 430
3 C 410 485
4 C 706 701
0 D 155 356
1 C 750 657
2 B 8 23
3 D 61 450
4 D 944 591
0 A 450 453
1 C 605 546
2 C 767 640
3 B 609 638
4 B 926 897
0 B 186 165
1 A 901 898
2 C 880 783
3 B 833 862
4 D 270 241
0 C 176 207
1 B 840 855
2 D 315 196
3 C 282 357
4 C 480 415
0 A 223 216
1 C 180 203
2 D 509 2
3 B 856 839
4 B 213 202
0 C 472 423
1 A 90 93
2 B 163 188
3 A 907 908
4 D 139 372
0 B 586 597
1 D 446 65
2 B 84 75
3 C 780 883
4 C 886 777
0 D 417 94
1 C 442 453
2 C 733 674
3 C 742 665
4 A 314 317
0 A 442 445
1 D 191 320
2 D 797 738
3 D 404 107
4 A 555 556
0 A 604 603
1 A 724 723
2 D 987 548
3 B 67 92
4 A 281 286
0 B 733 706
1 A 791 784
2 C 309 330
3 C 893 770
4 B 890 869
0 C 982 937
1 C 848 815
2 C 925 994
3 A 889 894
4 C 1006 913
0 A 775 768
1 B 896 927
2 D 950 585
3 D 405 106
4 A 886 881
0 C 727 680
1 B 899 924
2 D 20 491
3 D 240 271
4 D 860 675
0 A 848 855
1 C 978 941
2 B 761 742
3 B 804 827
4 D 1008 527
0 B 849 846
1 D 39 472
2 D 364 147
3 C 83 44
4 B 607 576
0 A 188 187
1 C 418 477
2 C 266 373
3 B 227 252
4 B 82 77
0 C 1012 907
1 D 65 446
2 B 77 82
3 D 839 696
4 B 269 274
0 C 858 805
1 C 665 742
2 C 573 578
3 D 426 85
4 A 305 310
0 C 154 229
1 A 262 257
2 A 75 76
3 A 754 757
4 A 75 76
0 A 530 533
1 D 976 559
2 B 362 373
3 D 542 993
4 A 769 774
0 C 666 741
1 B 229 250
2 D 4 507
3 C 60 67
4 A 931 932
0 B 904 919
1 C 490 405
2 D 567 968
3 C 355 284
4 C 636 515
0 D 795 740
1 A 890 893
2 A 328 335
3 C 764 643
4 A 316 315
0 A 351 344
1 D 85 426
2 D 726 809
3 B 209 206
4 C 316 323
0 A 790 785
1 D 336 175
2 A 240 247
3 D 14 497
4 B 790 777
0 A 233 238
1 B 337 334
2 A 341 338
3 A 428 427
4 B 30 1
0 C 74 53
1 C 710 697
2 D 125 386
3 D 969 566
4 B 188 163
0 D 339 172
1 C 245 138
2 C 269 370
3 A 209 214
4 D 152 359
0 D 656 879
1 B 250 229
2 A 354 357
3 B 222 193
4 A 778 781
0 A 878 873
1 D 643 892
2 B 317 290
3 C 41 86
4 C 277 362
0 B 886 873
1 B 67 92
2 C 20 107
3 A 726 721
4 B 223 192
0 B 165 186
1 C 972 947
2 C 634 517
3 B 255 224
4 C 693 714
0 C 858 805
1 C 673 734
2 C 755 652
3 B 20 11
4 D 473 38
0 A 429 426
1 C 549 602
2 C 246 137
3 C 787 876
4 D 794 741
0 C 569 582
1 B 897 926
2 B 952 935
3 D 441 70
4 C 685 722
0 B 858 837
1 D 918 617
2 A 104 111
3 B 452 475
4 D 688 847
0 A 942 937
1 C 9 118
2 C 1020 899
3 A 460 459
4 A 385 390
0 B 166 185
1 B 372 363
2 C 132 251
3 A 604 603
4 B 638 609
0 C 822 841
1 C 761 646
2 D 166 345
3 D 546 989
4 B 48 47
0 C 955 964
1 B 210 205
2 D 93 418
3 C 988 931
4 B 903 920
0 D 145 366
1 A 895 888
2 A 480 487
3 D 637 898
4 D 595 940
0 A 581 578
1 C 60 67
2 D 871 664
3 D 255 256
4 A 191 184
0 C 652 755
1 A 506 509
2 A 536 543
3 A 403 404
4 B 455 472
0 D 595 940
1 D 918 617
2 A 196 195
3 C 103 24
4 C 230 153
0 D 466 45
1 C 560 591
2 A 457 462
3 C 781 882
4 A 960 967
0 C 856 807
1 C 564 587
2 C 486 409
3 C 14 113
4 C 362 277
0 C 210 173
1 B 191 160
2 C 891 772
3 D 689 846
4 B 818 813
0 C 331 308
1 B 523 532
2 D 185 326
3 B 56 39
4 A 74 77
0 C 978 941
1 D 889 646
2 A 948 947
3 A 5 2
4 B 166 185
0 C 454 441
1 B 649 662
2 A 490 493
3 B 573 546
4 D 930 605
0 C 718 689
1 C 751 656
2 C 976 943
3 B 200 215
4 C 3 124
0 D 967 568
1 D 815 720
2 B 943 944
3 A 204 203
4 B 898 925
0 A 816 823
1 B 757 746
2 B 691 684
3 B 101 122
4 B 48 47
0 D 22 489
1 B 648 663
2 D 381 130
3 A 389 386
4 B 985 966
0 D 75 436
1 D 77 434
2 C 354 285
3 C 1016 903
4 B 178 173
0 D 1004 531
1 A 202 205
2 A 431 424
3 B 91 68
4 D 671 864
0 A 751 744
1 B 357 378
2 D 100 411
3 B 412 387
4 A 661 658
0 D 782 753
1 B 76 83
2 A 129 134
3 C 142 241
4 A 864 871
0 D 5 506
1 D 641 894
2 B 869 890
3 B 375 360
4 D 30 481
0 B 461 466
1 B 320 351
2 B 652 659
3 D 432 79
4 C 430 465
0 D 499 12
1 D 577 958
2 C 268 371
3 A 382 377
4 A 408 415
0 B 987 964
1 D 247 264
2 B 308 299
3 D 570 965
4 D 673 862
0 B 738 765
1 C 551 600
2 D 640 895
3 A 521 526
4 C 243 140
0 D 110 401
1 D 344 167
2 C 949 970
3 D 422 89
4 C 1011 908
0 D 17 494
1 C 114 13
2 B 794 773
3 C 883 780
4 A 205 202
0 A 93 90
1 D 332 179
2 D 651 884
3 C 922 997
4 C 824 839
0 C 884 779
1 D 3 508
2 B 806 825
3 B 955 932
4 A 544 551
0 D 1006 529
1 A 349 346
2 C 254 129
3 C 186 197
4 A 267 268
0 A 120 127
1 D 496 15
2 C 822 841
3 D 17 494
4 B 66 93
0 C 309 330
1 C 861 802
2 A 279 272
3 B 628 619
4 A 796 795
0 D 266 245
1 A 102 97
2 D 224 287
3 D 496 15
4 D 394 117
0 A 700 699
1 A 461 458
2 B 418 445
3 C 320 319
4 D 387 124
0 C 707 700
1 D 590 945
2 C 351 288
3 C 495 400
4 D 988 547
0 D 421 90
1 A 261 258
2 C 10 117
3 D 875 660
4 B 336 335
0 C 853 810
1 A 131 132
2 C 936 983
3 D 307 204
4 D 666 869
0 D 307 204
1 C 961 958
2 C 787 876
3 D 114 397
4 D 103 408
0 D 628 907
1 A 107 108
2 A 184 191
3 C 857 806
4 D 434 77
0 C 650 757
1 B 131 156
2 A 312 319
3 B 765 738
4 B 668 643
0 B 18 13
1 C 281 358
2 D 492 19
3 C 975 944
4 A 420 419
0 A 820 819
1 B 547 572
2 A 394 397
3 A 655 648
4 C 42 85
0 B 693 682
1 B 938 949
2 B 291 316
3 A 983 976
4 C 350 289
0 D 95 416
1 A 63 56
2 A 362 365
3 C 84 43
4 A 506 509
0 C 650 757
1 A 179 180
2 C 433 462
3 D 561 974
4 B 62 33
0 B 144 143
1 B 590 593
2 A 965 962
3 D 150 361
4 C 734 673
0 C 775 888
1 B 405 394
2 C 205 178
3 B 753 750
4 A 754 757
0 C 209 174
1 D 927 608
2 D 393 118
3 D 565 970
4 C 405 490
0 A 644 643
1 B 904 919
2 C 782 881
3 A 54 49
4 D 851 684
0 C 893 770
1 A 300 299
2 B 971 980
3 A 630 625
4 C 864 799
0 A 243 244
1 B 479 448
2 D 32 479
3 B 57 38
4 B 671 640
0 D 419 92
1 C 925 994
2 C 323 316
3 A 286 281
4 D 342 169
0 C 993 926
1 D 668 867
2 C 706 701
3 D 134 377
4 B 168 183
0 B 245 234
1 B 195 220
2 C 697 710
3 C 862 801
4 A 243 244
0 A 423 416
1 C 812 851
2 D 190 321
3 A 817 822
4 A 51 52
0 A 481 486
1 A 640 647
2 C 886 777
3 A 923 924
4 C 232 151
0 A 303 296
1 A 275 276
2 C 57 70
3 D 864 671
4 B 516 539
0 A 675 676
1 A 255 248
2 B 928 959
3 C 482 413
4 B 513 542
0 C 27 100
1 D 51 460
2 C 100 27
3 C 652 755
4 D 164 347
0 C 157 226
1 C 14 113
2 C 714 693
3 A 594 597
4 B 684 691
0 A 413 410
1 D 467 44
2 B 851 844
3 D 629 906
4 A 812 811
0 D 35 476
1 D 809 726
2 D 143 368
3 B 942 945
4 B 484 507
0 D 75 436
1 C 427 468
2 D 231 280
3 C 458 437
4 A 764 763
0 C 884 779
1 D 660 875
2 C 99 28
3 C 372 267
4 D 772 763
0 A 726 721
1 D 772 763
2 C 738 669
3 D 273 238
4 C 600 551
0 D 921 614
1 A 32 39
2 B 962 989
3 B 127 96
4 C 626 525
0 B 480 511
1 B 869 890
2 C 705 702
3 B 248 231
4 C 55 72
0 C 775 888
1 A 596 595
2 A 348 347
3 C 296 343
4 D 930 605
0 B 314 293
1 C 488 407
2 C 127 0
3 A 845 842
4 B 1018 997
0 A 220 219
1 D 380 131
2 C 600 551
3 A 280 287
4 B 635 612
0 B 548 571
1 C 508 387
2 D 216 295
3 A 492 491
4 D 717 818
0 A 60 59
1 C 381 258
2 B 336 335
3 C 142 241
4 B 177 174
0 A 942 937
1 B 535 520
2 A 733 730
3 B 382 353
4 B 37 58
0 D 802 733
1 C 562 589
2 D 82 429
3 D 209 302
4 B 1019 996
0 D 452 59
1 C 347 292
2 C 780 883
3 D 323 188
4 D 834 701
0 D 668 867
1 B 396 403
2 A 641 646
3 B 448 479
4 D 353 158
0 C 666 741
1 A 185 190
2 A 532 531
3 D 546 989
4 B 304 303
0 C 124 3
1 C 121 6
2 A 767 760
3 C 492 403
4 C 523 628
0 A 347 348
1 B 135 152
2 D 915 620
3 C 963 956
4 B 812 819
0 A 581 578
1 A 821 818
2 A 382 377
3 A 945 950
4 A 22 17
0 A 427 428
1 A 832 839
2 B 617 630
3 A 257 262
4 C 676 731
0 D 957 578
1 D 926 609
2 A 514 517
3 D 115 396
4 B 613 634
0 D 735 800
1 A 974 969
2 A 964 963
3 D 106 405
4 B 123 100
0 A 65 70
1 B 548 571
2 B 361 374
3 A 713 718
4 B 421 442
0 C 325 314
1 B 530 525
2 A 278 273
3 A 506 509
4 A 573 570
0 B 261 282
1 A 520 527
2 A 790 785
3 B 61 34
4 C 77 50
0 D 502 9
1 C 703 704
2 D 265 246
3 D 294 217
4 D 641 894
0 D 810 725
1 B 467 460
2 A 278 273
3 D 560 975
4 A 522 525
0 A 110 105
1 C 513 638
2 C 789 874
3 C 466 429
4 D 688 847
0 A 651 652
1 A 456 463
2 D 645 890
3 C 301 338
4 C 801 862
0 C 711 696
1 D 142 369
2 C 950 969
3 D 417 94
4 C 252 131
0 B 1 30
1 A 898 901
2 B 414 385
3 B 892 867
4 C 635 516
0 C 156 227
1 D 92 419
2 B 579 604
3 D 589 946
4 C 401 494
0 B 53 42
1 A 644 643
2 D 451 60
3 C 204 179
4 B 904 919
0 A 600 607
1 B 198 217
2 A 592 599
3 C 660 747
4 B 986 965
0 C 605 546
1 D 189 322
2 B 781 786
3 C 51 76
4 D 656 879
0 D 876 659
1 D 762 773
2 D 157 354
3 B 440 423
4 A 396 395
0 B 830 801
1 A 802 805
2 D 18 493
3 C 387 508
4 D 727 808
0 B 342 329
1 D 233 278
2 D 222 289
3 C 991 928
4 B 991 960
0 A 128 135
1 D 52 459
2 D 0 511
3 B 795 772
4 B 701 674
0 C 870 793
1 C 83 44
2 D 212 299
3 B 818 813
4 A 37 34
0 B 70 89
1 C 592 559
2 D 124 387
3 A 174 169
4 B 895 864
0 C 490 405
1 A 559 552
2 C 199 184
3 D 4 507
4 C 959 960
0 D 317 194
1 C 494 401
2 C 544 607
3 B 132 155
4 C 782 881
0 B 541 514
1 A 603 604
2 A 183 176
3 D 807 728
4 B 480 511
0 B 333 338
1 D 493 18
2 D 698 837
3 D 699 836
4 B 783 784
0 B 1016 999
1 C 927 992
2 D 602 933
3 A 577 582
4 A 80 87
0 B 195 220
1 B 844 851
2 C 925 994
3 A 546 549
4 A 478 473
0 C 939 980
1 B 757 746
2 B 637 610
3 B 552 567
4 D 347 164
0 C 838 825
1 D 274 237
2 D 847 688
3 B 858 837
4 B 142 145
0 B 946 941
1 D 8 503
2 A 928 935
3 C 716 691
4 A 671 664
0 C 203 180
1 C 800 863
2 C 15 112
3 C 634 517
4 C 742 665
0 D 229 282
1 B 176 175
2 B 475 452
3 D 759 776
4 B 297 310
0 D 761 774
1 B 136 151
2 D 989 546
3 B 747 756
4 C 29 98
0 D 954 581
1 C 860 803
2 D 684 851
3 C 823 840
4 A 921 926
0 B 58 37
1 D 941 594
2 C 283 356
3 C 945 974
4 C 1001 918
0 D 635 900
1 D 271 240
2 D 546 989
3 D 381 130
4 A 338 341
0 B 977 974
1 B 745 758
2 B 936 951
3 A 273 278
4 A 636 635
0 D 947 588
1 A 828 827
2 C 594 557
3 A 913 918
4 C 535 616
0 B 111 112
1 A 755 756
2 B 791 776
3 B 2 29
4 D 852 683
0 D 657 878
1 A 262 257
2 A 448 455
3 A 587 588
4 B 458 469
0 A 197 194
1 B 1017 998
2 D 706 829
3 D 250 261
4 D 425 86
0 A 306 309
1 C 538 613
2 D 599 936
3 C 545 606
4 C 309 330
0 B 1022 993
1 D 629 906
2 D 196 315
3 A 800 807
4 B 482 509
0 B 153 134
1 A 401 406
2 B 812 819
3 C 821 842
4 C 787 876
0 B 1019 996
1 D 685 850
2 C 372 267
3 C 765 642
4 C 0 127
0 A 757 754
1 D 617 918
2 B 706 733
3 B 817 814
4 C 78 49
0 D 884 651
1 A 239 232
2 C 370 269
3 B 922 901
4 C 348 291
0 A 750 745
1 D 941 594
2 C 454 441
3 A 471 464
4 B 393 406
0 A 194 197
1 C 376 263
2 C 304 335
3 D 768 767
4 D 657 878
0 A 462 457
1 D 299 212
2 B 889 870
3 D 1006 529
4 A 400 407
0 B 715 724
1 C 496 399
2 C 170 213
3 D 375 136
4 C 395 500
0 C 171 212
1 D 435 76
2 D 428 83
3 A 130 133
4 A 289 294
0 C 539 612
1 A 300 299
2 A 421 418
3 B 243 236
4 B 509 482
0 A 493 490
1 A 779 780
2 B 355 380
3 D 769 766
4 D 364 147
0 C 758 649
1 D 693 842
2 C 207 176
3 D 285 226
4 A 254 249
0 C 49 78
1 A 285 282
2 D 104 407
3 B 454 473
4 A 719 712
0 B 743 760
1 C 555 596
2 D 404 107
3 C 1015 904
4 C 1017 902
0 A 646 641
1 D 633 902
2 B 796 771
3 B 981 970
4 A 934 929
0 D 348 163
1 D 289 222
2 D 879 656
3 C 721 686
4 D 9 502
0 A 856 863
1 A 909 906
2 B 606 577
3 B 118 105
4 C 404 491
0 B 949 938
1 C 791 872
2 C 1001 918
3 C 811 852
4 C 562 589
0 B 153 134
1 A 82 85
2 B 698 677
3 A 763 764
4 A 33 38
0 B 489 502
1 B 440 423
2 D 930 605
3 A 643 644
4 B 533 522
0 C 597 554
1 D 461 50
2 C 29 98
3 D 257 254
4 B 77 82
0 A 441 446
1 D 308 203
2 A 683 684
3 B 171 180
4 C 960 959
0 B 821 810
1 B 576 607
2 A 479 472
3 D 506 5
4 C 779 884
0 C 68 59
1 C 689 718
2 A 461 458
3 B 497 494
4 C 226 157
0 D 760 775
1 C 683 724
2 B 742 761
3 B 601 582
4 A 858 861
0 C 659 748
1 D 102 409
2 B 1021 994
3 B 540 515
4 B 349 322
0 B 519 536
1 A 848 855
2 D 636 899
3 C 609 542
4 A 373 370
0 D 343 168
1 B 545 574
2 B 94 65
3 C 514 637
4 C 252 131
0 B 427 436
1 B 982 969
2 C 725 682
3 A 499 500
4 D 463 48
0 D 916 619
1 A 198 193
2 D 84 427
3 C 314 325
4 D 215 296
0 A 237 234
1 B 825 806
2 B 257 286
3 C 553 598
4 D 122 389
0 B 889 870
1 C 813 850
2 C 781 882
3 B 559 560
4 D 103 408
0 D 297 214
1 D 59 452
2 C 555 596
3 D 975 560
4 A 343 336
0 C 1022 897
1 B 615 632
2 A 252 251
3 A 351 344
4 A 856 863
0 C 679 728
1 D 467 44
2 D 716 819
3 A 44 43
4 C 653 754
0 A 965 962
1 A 170 173
2 C 928 991
3 D 753 782
4 D 349 162
0 C 55 72
1 D 762 773
2 B 454 473
3 B 625 622
4 A 420 419
0 D 770 765
1 B 983 968
2 C 433 462
3 B 483 508
4 B 104 119
0 A 948 947
1 B 188 163
2 D 298 213
3 A 986 989
4 A 316 315
0 A 285 282
1 C 814 849
2 B 321 350
3 A 52 51
4 A 82 85
0 D 191 320
1 C 154 229
2 D 160 351
3 C 629 522
4 A 23 16
0 C 824 839
1 D 349 162
2 C 274 365
3 C 499 396
4 D 617 918
0 C 812 851
1 A 916 915
2 A 479 472
3 D 728 807
4 C 966 953
0 B 289 318
1 D 389 122
2 C 635 516
3 B 556 563
4 D 907 628
0 A 606 601
1 A 646 641
2 B 158 129
3 B 570 549
4 B 933 954
0 A 878 873
1 D 198 313
2 D 788 747
3 B 984 967
4 D 665 870
0 C 325 314
1 B 908 915
2 D 697 838
3 A 472 479
4 A 131 132
0 A 813 810
1 A 573 570
2 B 286 257
3 C 285 354
4 C 876 787
0 A 971 972
1 C 626 525
2 B 86 73
3 B 799 768
4 A 45 42
0 A 190 185
1 B 753 750
2 D 1008 527
3 B 369 366
4 D 173 338
0 B 129 158
1 D 295 216
2 B 499 492
3 A 828 827
4 D 710 825
0 D 982 553
1 B 89 70
2 B 336 335
3 C 309 330
4 C 82 45
0 D 67 444
1 D 911 624
2 A 590 585
3 C 342 297
4 A 427 428
0 A 610 613
1 A 125 122
2 B 44 51
3 C 387 508
4 B 359 376
0 C 852 811
1 D 136 375
2 B 989 962
3 B 692 683
4 C 318 321
0 B 608 639
1 A 61 58
2 D 880 655
3 D 599 936
4 A 53 50
0 C 609 542
1 C 520 631
2 A 959 952
3 D 247 264
4 A 300 299
0 C 569 582
1 C 1017 902
2 C 126 1
3 A 383 376
4 D 974 561
0 A 856 863
1 D 583 952
2 B 218 197
3 D 612 923
4 A 22 17
0 D 20 491
1 B 367 368
2 B 907 916
3 D 731 804
4 B 917 906
0 D 412 99
1 C 231 152
2 B 811 820
3 D 258 253
4 A 770 773
0 A 786 789
1 C 254 129
2 C 753 654
3 B 435 428
4 D 684 851
0 B 470 457
1 B 295 312
2 B 959 928
3 A 284 283
4 A 384 391
0 B 132 155
1 A 836 835
2 A 217 222
3 B 260 283
4 C 617 534
0 D 703 832
1 B 969 982
2 A 176 183
3 A 729 734
4 B 603 580
0 C 951 968
1 D 929 606
2 A 591 584
3 C 136 247
4 A 602 605
0 C 17 110
1 B 419 444
2 A 413 410
3 C 326 313
4 D 211 300
0 C 449 446
1 D 658 877
2 B 345 326
3 D 634 901
4 D 674 861
0 B 625 622
1 B 466 461
2 D 131 380
3 D 901 634
4 A 387 388
0 D 357 154
1 A 43 44
2 D 638 897
3 A 124 123
4 A 833 838
0 C 696 711
1 B 491 500
2 B 760 743
3 D 323 188
4 A 396 395
0 B 460 467
1 B 72 87
2 A 191 184
3 B 827 804
4 A 635 636
0 C 413 482
1 A 362 365
2 D 993 542
3 B 624 623
4 C 357 282
0 D 565 970
1 D 585 950
2 A 909 906
3 B 92 67
4 D 786 749
0 A 636 635
1 B 959 928
2 D 858 677
3 D 987 548
4 C 855 808
0 C 411 484
1 A 719 712
2 C 980 939
3 C 892 771
4 C 835 828
0 D 432 79
1 B 744 759
2 A 341 338
3 D 265 246
4 C 180 203
0 D 935 600
1 C 361 278
2 D 723 812
3 C 549 602
4 D 476 35
0 B 292 315
1 A 437 434
2 C 518 633
3 B 4 27
4 B 385 414
0 A 184 191
1 B 18 13
2 C 545 606
3 C 320 319
4 C 219 164
0 D 992 543
1 A 138 141
2 B 698 677
3 D 305 206
4 D 981 554
0 A 572 571
1 A 489 494
2 D 967 568
3 C 923 996
4 A 332 331
0 A 102 97
1 D 865 670
2 C 204 179
3 B 347 324
4 D 788 747
0 C 942 977
1 A 268 267
2 D 232 279
3 D 853 682
4 A 860 859
0 C 262 377
1 B 940 947
2 A 466 469
3 A 591 584
4 D 188 323
0 A 821 818
1 C 862 801
2 B 404 395
3 D 5 506
4 B 314 293
0 B 60 35
1 A 676 675
2 A 433 438
3 D 742 793
4 A 938 941
0 D 492 19
1 B 173 178
2 A 45 42
3 D 327 184
4 B 878 881
0 D 483 28
1 D 671 864
2 A 947 948
3 A 65 70
4 C 854 809
0 D 573 962
1 D 415 96
2 A 437 434
3 C 548 603
4 C 527 624
0 A 192 199
1 B 112 111
2 A 769 774
3 C 258 381
4 C 819 844
0 C 383 256
1 C 933 986
2 A 864 871
3 C 669 738
4 C 324 315
0 C 191 192
1 D 540 995
2 A 507 508
3 D 573 962
4 D 674 861
0 A 615 608
1 A 336 343
2 D 713 822
3 C 383 256
4 A 119 112
0 A 942 937
1 D 750 785
2 A 924 923
3 A 734 729
4 C 657 750
0 C 138 245
1 B 44 51
2 A 793 798
3 C 661 746
4 C 360 279
0 D 880 655
1 C 848 815
2 D 112 399
3 A 897 902
4 A 469 466
0 D 444 67
1 A 298 301
2 A 2 5
3 B 937 950
4 C 487 408
0 A 126 121
1 B 457 470
2 B 531 524
3 D 235 276
4 B 8 23
0 D 627 908
1 B 664 647
2 A 772 771
3 A 568 575
4 C 533 618
0 C 529 622
1 A 451 452
2 B 41 54
3 A 529 534
4 D 849 686
0 B 296 311
1 D 179 332
2 C 743 664
3 C 444 451
4 C 445 450
0 D 70 441
1 D 955 580
2 A 50 53
3 D 625 910
4 A 558 553
0 A 350 345
1 D 690 845
2 A 925 922
3 A 448 455
4 D 218 293
0 C 111 16
1 B 634 613
2 A 379 380
3 D 423 88
4 D 312 199
0 D 687 848
1 D 547 988
2 C 3 124
3 A 405 402
4 B 957 930
0 C 190 193
1 B 149 138
2 A 667 668
3 C 941 978
4 C 578 573
0 B 210 205
1 B 292 315
2 B 257 286
3 C 46 81
4 B 123 100
0 A 997 994
1 A 157 154
2 D 155 356
3 D 41 470
4 B 836 859
0 D 161 350
1 D 321 190
2 B 17 14
3 B 722 717
4 C 495 400
0 C 479 416
1 C 646 761
2 B 52 43
3 B 316 291
4 D 60 451
0 D 184 327
1 A 101 98
2 C 742 665
3 B 578 605
4 C 396 499
0 B 961 990
1 B 721 718
2 A 136 143
3 B 371 364
4 C 119 8
0 C 998 921
1 D 567 968
2 A 162 165
3 B 660 651
4 C 855 808
0 D 256 255
1 C 404 491
2 A 125 122
3 D 719 816
4 B 967 984
0 C 844 819
1 B 621 626
2 D 185 326
3 B 759 744
4 C 480 415
0 B 197 218
1 A 528 535
2 C 944 975
3 A 959 952
4 C 297 342
0 B 986 965
1 B 756 747
2 A 780 779
3 D 865 670
4 B 195 220
0 B 778 789
1 B 420 443
2 B 288 319
3 B 679 696
4 C 192 191
0 C 1007 912
1 A 583 576
2 B 822 809
3 A 562 565
4 B 362 373
0 B 526 529
1 A 108 107
2 B 894 865
3 D 614 921
4 C 461 434
0 C 778 885
1 B 960 991
2 A 734 729
3 C 817 846
4 A 865 870
0 D 275 236
1 B 724 715
2 B 504 487
3 B 234 245
4 C 103 24
0 C 428 467
1 D 618 917
2 A 748 747
3 C 755 652
4 B 976 975
0 A 707 708
1 D 616 919
2 C 463 432
3 B 361 374
4 A 293 290
0 B 732 707
1 D 901 634
2 A 501 498
3 D 624 911
4 A 432 439
0 D 558 977
1 B 554 565
2 A 141 138
3 D 784 751
4 C 703 704
0 A 239 232
1 A 203 204
2 D 743 792
3 C 458 437
4 D 899 636
0 D 125 386
1 C 648 759
2 A 549 546
3 A 483 484
4 D 397 114
0 A 487 480
1 D 82 429
2 A 404 403
3 A 317 314
4 C 409 486
0 D 93 418
1 C 185 198
2 B 64 95
3 D 268 243
4 A 816 823
0 B 900 923
1 B 791 776
2 A 505 510
3 B 968 983
4 A 229 226
0 D 740 795
1 C 786 877
2 B 541 514
3 C 387 508
4 D 60 451
0 D 813 722
1 D 775 760
2 A 64 71
3 A 332 331
4 B 160 191
0 A 932 931
1 A 401 406
2 B 51 44
3 B 145 142
4 C 168 215
0 D 613 922
1 D 866 669
2 C 292 347
3 D 7 504
4 A 856 863
0 D 705 830
1 D 132 379
2 C 351 288
3 B 105 118
4 B 675 700
0 B 370 365
1 C 742 665
2 D 388 123
3 A 749 746
4 D 90 421
0 C 506 389
1 C 451 444
2 B 565 554
3 D 48 463
4 D 746 789
0 C 191 192
1 C 575 576
2 A 779 780
3 B 423 440
4 A 329 334
0 B 383 352
1 A 280 287
2 B 264 279
3 A 32 39
4 C 550 601
0 D 103 408
1 B 132 155
2 A 863 856
3 A 451 452
4 A 838 833
0 B 727 712
1 D 777 758
2 B 804 827
3 C 412 483
4 D 570 965
0 D 361 150
1 B 746 757
2 C 9 118
3 C 820 843
4 C 355 284
0 B 550 569
1 B 634 613
2 A 136 143
3 C 784 879
4 D 995 540
0 A 715 716
1 D 544 991
2 C 741 666
3 C 13 114
4 D 472 39
0 A 100 99
1 A 970 973
2 B 621 626
3 B 214 201
4 D 405 106
0 B 808 823
1 C 1021 898
2 C 344 295
3 D 228 283
4 D 931 604
0 B 462 465
1 C 811 852
2 C 230 153
3 D 608 927
4 D 864 671
0 B 133 154
1 A 113 118
2 B 95 64
3 D 891 644
4 D 882 653
0 C 482 413
1 D 161 350
2 A 824 831
3 A 188 187
4 B 818 813
0 D 256 255
1 D 588 947
2 D 992 543
3 C 1003 916
4 D 210 301
0 A 22 17
1 C 223 160
2 C 46 81
3 B 673 702
4 D 965 570
0 C 479 416
1 B 361 374
2 D 407 104
3 A 861 858
4 A 220 219
0 B 76 83
1 B 635 612
2 A 412 411
3 A 36 35
4 C 993 926
0 C 925 994
1 D 803 732
2 B 768 799
3 C 621 530
4 D 179 332
0 D 935 600
1 C 282 357
2 C 311 328
3 A 232 239
4 C 281 358
0 A 601 606
1 D 950 585
2 A 549 546
3 D 851 684
4 B 837 858
0 A 263 256
1 A 197 194
2 C 884 779
3 D 462 49
4 B 710 729
0 C 601 550
1 C 468 427
2 B 627 620
3 B 251 228
4 A 327 320
0 C 884 779
1 B 611 636
2 A 882 885
3 C 69 58
4 A 766 761
0 D 581 954
1 C 415 480
2 A 619 620
3 A 326 321
4 A 543 536
0 B 360 375
1 D 269 242
2 A 519 512
3 C 134 249
4 B 266 277
0 A 852 851
1 D 874 661
2 C 431 464
3 A 361 366
4 C 252 131
0 D 74 437
1 A 931 932
2 A 143 136
3 C 91 36
4 B 50 45
0 B 833 862
1 D 481 30
2 A 956 955
3 C 771 892
4 C 32 95
0 B 69 90
1 C 920 999
2 B 311 296
3 A 511 504
4 A 351 344
0 D 217 294
1 D 719 816
2 A 611 612
3 A 130 133
4 C 367 272
0 A 297 302
1 A 650 653
2 B 320 351
3 C 126 1
4 C 936 983
0 A 574 569
1 D 722 813
2 B 790 777
3 A 150 145
4 B 509 482
0 B 166 185
1 B 641 670
2 C 739 668
3 B 241 238
4 A 501 498
0 A 843 844
1 A 622 617
2 B 265 278
3 B 111 112
4 C 739 668
0 C 855 808
1 A 331 332
2 B 429 434
3 A 315 316
4 C 81 46
0 A 273 278
1 A 561 566
2 D 775 760
3 B 964 987
4 A 24 31
0 A 962 965
1 A 52 51
2 D 711 824
3 B 468 459
4 D 878 657
0 A 792 799
1 A 820 819
2 B 27 4
3 C 161 222
4 B 324 347
0 A 873 878
1 A 612 611
2 B 188 163
3 D 623 912
4 D 768 767
0 A 966 961
1 D 641 894
2 D 131 380
3 C 811 852
4 C 549 602
0 B 958 929
1 A 912 919
2 C 750 657
3 D 968 567
4 C 830 833
0 D 292 219
1 A 981 978
2 C 878 785
3 C 299 340
4 A 595 596
0 A 44 43
1 C 551 600
2 D 71 440
3 A 336 343
4 A 293 290
0 D 618 917
1 A 983 976
2 C 313 326
3 D 555 980
4 A 678 673
0 B 694 681
1 C 866 797
2 C 186 197
3 D 1023 512
4 D 988 547
0 A 759 752
1 B 22 9
2 B 216 199
3 C 797 866
4 B 756 747
0 B 455 472
1 C 676 731
2 C 692 715
3 D 612 923
4 B 567 552
0 A 501 498
1 A 3 4
2 D 749 786
3 C 617 534
4 B 506 485
0 B 909 914
1 B 454 473
2 D 988 547
3 C 34 93
4 D 263 248
0 B 491 500
1 C 689 718
2 D 466 45
3 A 297 302
4 C 48 79
0 C 426 469
1 D 652 883
2 D 292 219
3 B 620 627
4 D 589 946
0 C 838 825
1 D 392 119
2 D 478 33
3 A 978 981
4 D 442 69
0 D 437 74
1 A 700 699
2 A 140 139
3 D 553 982
4 B 390 409
0 C 151 232
1 B 847 848
2 B 135 152
3 D 538 997
4 C 122 5
0 C 269 370
1 A 597 594
2 B 693 682
3 A 773 770
4 C 406 489
0 C 310 329
1 D 163 348
2 C 990 929
3 B 207 208
4 B 278 265
0 B 61 34
1 C 1005 914
2 B 163 188
3 C 410 485
4 D 542 993
0 A 385 390
1 C 522 629
2 B 588 595
3 B 434 429
4 A 740 739
0 B 446 417
1 D 352 159
2 D 894 641
3 B 502 489
4 D 330 181
0 B 673 702
1 C 553 598
2 B 400 399
3 C 152 231
4 C 360 279
0 A 440 447
1 C 11 116
2 D 649 886
3 D 149 362
4 B 318 289
0 C 373 266
1 D 540 995
2 B 501 490
3 A 799 792
4 A 665 670
0 D 775 760
1 A 956 955
2 C 604 547
3 D 348 163
4 A 559 552
0 D 568 967
1 D 177 334
2 B 775 792
3 A 380 379
4 B 419 444
0 A 68 67
1 A 97 102
2 C 183 200
3 B 911 912
4 D 395 116
0 B 587 596
1 C 448 447
2 C 378 261
3 D 139 372
4 B 838 857
0 C 10 117
1 C 56 71
2 B 497 494
3 C 31 96
4 C 800 863
0 B 518 537
1 A 21 18
2 C 203 180
3 D 207 304
4 A 675 676
0 A 549 546
1 D 394 117
2 A 764 763
3 A 694 689
4 C 797 866
0 D 495 16
1 C 939 980
2 B 756 747
3 B 529 526
4 B 855 840
0 B 686 689
1 A 681 686
2 B 682 693
3 C 841 822
4 C 141 242
0 D 386 125
1 A 23 16
2 B 564 555
3 A 2 5
4 A 223 216
0 A 811 812
1 D 286 225
2 C 962 957
3 C 613 538
4 D 3 508
0 D 44 467
1 B 691 684
2 C 538 613
3 C 172 211
4 A 277 274
0 A 86 81
1 D 50 461
2 B 460 467
3 C 949 970
4 A 438 433
0 A 258 261
1 D 222 289
2 A 553 558
3 A 997 994
4 A 288 295
0 C 525 626
1 B 312 295
2 C 191 192
3 A 268 267
4 B 742 761
0 B 199 216
1 B 228 251
2 C 383 256
3 B 257 286
4 B 106 117
0 C 636 515
1 A 992 999
2 C 433 462
3 A 284 283
4 D 942 593
0 C 71 56
1 B 363 372
2 C 551 600
3 C 69 58
4 C 954 965
0 A 600 607
1 C 761 646
2 C 35 92
3 A 634 637
4 D 270 241
0 B 601 582
1 A 860 859
2 C 1016 903
3 D 830 705
4 B 134 153
0 B 557 562
1 A 228 227
2 B 603 580
3 D 843 692
4 A 854 849
0 A 371 372
1 C 274 365
2 C 31 96
3 C 750 657
4 C 454 441
0 A 907 908
1 A 468 467
2 B 763 740
3 B 401 398
4 A 953 958
0 B 164 187
1 D 841 694
2 C 520 631
3 A 936 943
4 A 467 468
0 D 419 92
1 B 739 764
2 C 469 426
3 C 971 948
4 C 461 434
0 A 548 547
1 A 466 469
2 A 978 981
3 C 201 182
4 A 455 448
0 C 389 506
1 A 735 728
2 D 415 96
3 D 286 225
4 C 376 263
0 C 421 474
1 A 558 553
2 D 568 967
3 A 471 464
4 C 718 689
0 D 405 106
1 B 961 990
2 C 945 974
3 C 969 950
4 C 203 180
0 D 797 738
1 A 569 574
2 A 927 920
3 A 278 273
4 B 640 671
0 A 358 353
1 C 799 864
2 A 812 811
3 B 922 901
4 B 108 115
0 D 998 537
1 D 78 433
2 D 19 492
3 D 616 919
4 C 647 760
0 C 5 122
1 D 338 173
2 B 955 932
3 D 13 498
4 C 458 437
0 B 601 582
1 B 286 257
2 A 225 230
3 C 254 129
4 C 431 464
0 D 541 994
1 D 690 845
2 C 849 814
3 D 911 624
4 C 419 476
0 A 42 45
1 C 776 887
2 B 308 299
3 D 736 799
4 B 252 227
0 B 373 362
1 A 736 743
2 D 778 757
3 D 98 413
4 B 883 876
0 B 889 870
1 A 918 913
2 B 168 183
3 C 400 495
4 B 702 673
0 B 211 204
1 D 11 500
2 D 157 354
3 C 644 763
4 B 665 646
0 D 810 725
1 A 109 106
2 C 800 863
3 D 619 916
4 D 459 52
0 D 653 882
1 A 554 557
2 C 631 520
3 C 530 621
4 D 219 292
0 C 376 263
1 A 470 465
2 C 24 103
3 C 237 146
4 D 438 73
0 B 878 881
1 A 151 144
2 D 293 218
3 B 82 77
4 D 301 210
0 C 90 37
1 C 315 324
2 A 188 187
3 B 558 561
4 A 545 550
0 A 77 74
1 B 932 955
2 C 483 412
3 C 484 411
4 B 233 246
0 B 455 472
1 B 522 533
2 D 188 323
3 B 667 644
4 D 64 447
0 D 639 896
1 B 164 187
2 C 780 883
3 B 978 973
4 C 161 222
0 C 259 380
1 D 225 286
2 A 502 497
3 D 1005 530
4 A 670 665
0 A 231 224
1 B 498 493
2 A 358 353
3 A 287 280
4 B 989 962
0 B 426 437
1 C 476 419
2 C 444 451
3 A 568 575
4 D 419 92
0 C 514 637
1 C 874 789
2 B 870 889
3 D 346 165
4 D 701 834
0 A 46 41
1 D 982 553
2 C 409 486
3 A 53 50
4 D 635 900
0 A 18 21
1 C 479 416
2 C 209 174
3 A 134 129
4 A 956 955
0 A 36 35
1 C 632 519
2 C 319 320
3 B 319 288
4 A 844 843
0 B 210 205
1 A 652 651
2 A 287 280
3 B 904 919
4 C 332 307
0 D 183 328
1 A 557 554
2 D 726 809
3 C 518 633
4 A 907 908
0 C 121 6
1 A 348 347
2 B 109 114
3 C 280 359
4 C 123 4
0 D 819 716
1 D 40 471
2 B 31 0
3 B 310 297
4 B 923 900
0 C 636 515
1 A 18 21
2 B 826 805
3 D 795 740
4 A 170 173
0 A 30 25
1 B 814 817
2 C 204 179
3 A 797 794
4 C 420 475
0 C 860 803
1 C 236 147
2 D 877 658
3 A 658 661
4 B 197 218
0 C 393 502
1 B 282 261
2 A 838 833
3 C 551 600
4 D 760 775
0 A 481 486
1 C 252 131
2 A 240 247
3 A 289 294
4 D 217 294
0 C 867 796
1 B 277 266
2 A 897 902
3 A 532 531
4 B 122 101
0 C 505 390
1 D 585 950
2 D 139 372
3 C 732 675
4 D 566 969
0 A 729 734
1 C 990 929
2 C 306 333
3 C 842 821
4 D 914 621
0 B 697 678
1 C 280 359
2 A 857 862
3 C 333 306
4 D 632 903
0 A 752 759
1 C 861 802
2 B 509 482
3 D 652 883
4 A 279 272
0 D 353 158
1 D 575 960
2 D 816 719
3 D 745 790
4 B 279 264
0 B 321 350
1 C 138 245
2 C 960 959
3 A 429 426
4 A 387 388
0 A 903 896
1 C 462 433
2 D 1003 532
3 B 54 41
4 A 513 518
0 C 442 453
1 D 1012 523
2 C 585 566
3 A 219 220
4 A 983 976
0 A 604 603
1 D 872 663
2 A 843 844
3 B 1022 993
4 B 152 135
0 A 809 814
1 A 546 549
2 B 690 685
3 C 569 582
4 C 282 357
0 D 947 588
1 D 410 101
2 B 527 528
3 B 697 678
4 A 412 411
0 D 880 655
1 D 664 871
2 C 323 316
3 C 345 294
4 B 42 53
0 A 654 649
1 B 751 752
2 C 215 168
3 B 915 908
4 D 912 623
0 B 5 26
1 A 271 264
2 C 993 926
3 D 259 252
4 D 986 549
0 B 393 406
1 C 753 654
2 C 180 203
3 D 240 271
4 C 297 342
0 D 382 129
1 B 90 69
2 B 281 262
3 C 747 660
4 B 811 820
0 D 678 857
1 C 520 631
2 A 92 91
3 B 115 108
4 A 204 203
0 A 274 277
1 B 624 623
2 C 395 500
3 B 730 709
4 A 412 411
0 B 928 959
1 B 811 820
2 D 877 658
3 C 1000 919
4 A 328 335
0 D 194 317
1 C 257 382
2 B 127 96
3 D 603 932
4 A 807 800
0 B 205 210
1 D 69 442
2 D 481 30
3 D 426 85
4 C 483 412
0 D 965 570
1 A 682 685
2 D 231 280
3 B 288 319
4 B 717 722
0 C 41 86
1 A 950 945
2 C 862 801
3 C 998 921
4 D 416 95
0 D 188 323
1 D 800 735
2 C 679 728
3 B 156 131
4 A 243 244
0 D 797 738
1 D 120 391
2 B 410 389
3 C 86 41
4 A 792 799
0 A 26 29
1 A 943 936
2 D 441 70
3 B 139 148
4 C 506 389
0 C 99 28
1 C 509 386
2 A 612 611
3 C 779 884
4 A 608 615
0 C 344 295
1 B 815 816
2 C 442 453
3 C 32 95
4 A 635 636
0 C 276 363
1 D 204 307
2 B 752 751
3 B 519 536
4 A 863 856
0 D 629 906
1 C 572 579
2 B 35 60
3 D 361 150
4 C 225 158
0 C 252 131
1 A 759 752
2 B 167 184
3 D 198 313
4 B 16 15
0 A 415 408
1 C 590 561
2 B 910 913
3 C 532 619
4 C 91 36
0 C 164 219
1 B 13 18
2 D 81 430
3 D 1000 535
4 A 64 71
0 A 403 404
1 A 716 715
2 B 269 274
3 B 609 638
4 C 103 24
0 D 869 666
1 D 706 829
2 B 19 12
3 A 554 557
4 D 935 600
0 C 569 582
1 D 202 309
2 A 842 845
3 B 523 532
4 B 223 192
0 B 22 9
1 A 139 140
2 A 230 225
3 C 851 812
4 A 787 788
0 B 112 111
1 B 87 72
2 B 597 586
3 A 696 703
4 B 311 296
0 C 153 230
1 C 882 781
2 C 508 387
3 D 36 475
4 C 157 226
0 B 528 527
1 A 522 525
2 D 952 583
3 C 676 731
4 D 183 328
0 A 370 373
1 A 521 526
2 B 698 677
3 C 693 714
4 C 1016 903
0 A 7 0
1 C 756 651
2 A 934 929
3 A 352 359
4 C 390 505
0 B 118 105
1 D 1011 524
2 D 802 733
3 B 435 428
4 D 271 240
0 B 87 72
1 A 247 240
2 B 187 164
3 B 210 205
4 C 199 184
0 B 957 930
1 D 59 452
2 C 64 63
3 B 31 0
4 A 768 775
0 A 107 108
1 B 29 2
2 C 335 304
3 B 858 837
4 B 804 827
0 D 257 254
1 C 686 721
2 A 432 439
3 A 83 84
4 A 19 20
0 A 762 765
1 C 623 528
2 A 511 504
3 B 177 174
4 A 873 878
0 B 21 10
1 C 415 480
2 C 113 14
3 B 194 221
4 A 978 981
0 D 131 380
1 D 879 656
2 A 568 575
3 C 779 884
4 D 626 909
0 D 857 678
1 B 56 39
2 A 970 973
3 C 377 262
4 B 507 484
0 D 782 753
1 B 467 460
2 A 931 932
3 C 2 125
4 C 170 213
0 B 784 783
1 A 812 811
2 A 212 211
3 A 272 279
4 C 309 330
0 A 483 484
1 C 802 861
2 A 502 497
3 A 112 119
4 B 636 611
0 B 693 682
1 C 481 414
2 B 507 484
3 D 484 27
4 D 89 422
0 C 113 14
1 D 536 999
2 A 331 332
3 C 80 47
4 B 932 955
0 D 403 108
1 B 292 315
2 A 529 534
3 C 778 885
4 D 72 439
0 B 545 574
1 B 16 15
2 B 325 346
3 D 281 230
4 D 348 163
0 C 686 721
1 C 116 11
2 B 102 121
3 B 204 211
4 C 201 182
0 D 435 76
1 B 424 439
2 A 158 153
3 B 163 188
4 B 983 968
0 D 1 510
1 A 238 233
2 A 991 984
3 B 124 99
4 D 118 393
0 C 733 674
1 A 669 666
2 A 78 73
3 A 401 406
4 B 709 730
0 A 777 782
1 D 164 347
2 C 547 604
3 D 556 979
4 B 184 167
0 B 932 955
1 B 188 163
2 D 4 507
3 D 363 148
4 A 152 159
0 C 63 64
1 B 631 616
2 C 537 614
3 D 704 831
4 B 214 201
0 C 250 133
1 A 264 271
2 D 675 860
3 D 427 84
4 B 310 297
0 D 364 147
1 B 52 43
2 B 233 246
3 C 932 987
4 C 236 147
0 D 714 821
1 C 587 564
2 B 239 240
3 D 347 164
4 C 717 690
0 D 754 781
1 C 462 433
2 D 402 109
3 B 688 687
4 A 330 333
0 B 752 751
1 B 195 220
2 D 927 608
3 C 432 463
4 D 96 415
0 B 871 888
1 A 841 846
2 C 957 962
3 C 628 523
4 C 574 577
0 C 260 379
1 A 381 378
2 B 9 22
3 C 361 278
4 B 880 879
0 C 923 996
1 C 527 624
2 A 126 121
3 C 331 308
4 D 732 803
0 A 902 897
1 C 549 602
2 C 247 136
3 D 544 991
4 C 683 724
0 A 725 722
1 A 203 204
2 A 905 910
3 B 488 503
4 B 61 34
0 D 161 350
1 A 453 450
2 C 35 92
3 B 815 816
4 A 958 953
0 D 653 882
1 B 958 929
2 A 127 120
3 B 764 739
4 A 182 177
0 A 319 312
1 C 97 30
2 C 523 628
3 A 46 41
4 A 656 663
0 A 684 683
1 C 337 302
2 D 1019 516
3 C 460 435
4 D 345 166
0 D 467 44
1 B 365 370
2 C 554 597
3 D 928 607
4 A 744 751
0 B 417 446
1 D 431 80
2 C 991 928
3 D 21 490
4 C 658 749
0 B 607 576
1 D 511 0
2 B 356 379
3 C 487 408
4 A 395 396
0 B 527 528
1 B 242 237
2 B 791 776
3 C 777 886
4 B 799 768
0 C 58 69
1 C 97 30
2 B 891 868
3 C 2 125
4 C 398 497
0 A 176 183
1 C 480 415
2 C 613 538
3 A 487 480
4 B 192 223
0 C 383 256
1 A 227 228
2 C 333 306
3 B 190 161
4 D 949 586
0 C 283 356
1 D 361 150
2 A 337 342
3 B 192 223
4 C 687 720
0 D 497 14
1 A 771 772
2 C 218 165
3 D 404 107
4 C 947 972
0 B 623 624
1 C 698 709
2 B 212 203
3 B 358 377
4 D 717 818
0 B 1023 992
1 D 174 337
2 D 76 435
3 A 552 559
4 D 485 26
0 B 150 137
1 B 590 593
2 B 16 15
3 B 971 980
4 A 190 185
0 C 225 158
1 D 78 433
2 D 1 510
3 C 577 574
4 A 568 575
0 A 715 716
1 C 363 276
2 B 192 223
3 C 548 603
4 A 651 652
0 A 802 805
1 C 836 827
2 A 330 333
3 B 535 520
4 B 867 892
0 A 206 201
1 A 659 660
2 C 51 76
3 D 733 802
4 D 232 279
0 B 583 600
1 D 230 281
2 D 652 883
3 A 891 892
4 A 733 730
0 B 929 958
1 A 891 892
2 A 424 431
3 B 355 380
4 B 159 128
0 D 308 203
1 C 19 108
2 C 864 799
3 C 782 881
4 B 77 82
0 B 242 237
1 D 652 883
2 D 817 718
3 A 409 414
4 A 675 676
0 D 459 52
1 C 983 936
2 B 431 432
3 B 757 746
4 C 159 224
0 B 945 942
1 D 439 72
2 C 136 247
3 A 311 304
4 C 93 34
0 C 715 692
1 C 325 314
2 C 238 145
3 B 223 192
4 A 93 90
0 B 195 220
1 D 977 558
2 A 353 358
3 A 979 980
4 B 83 76
0 C 279 360
1 C 640 767
2 A 979 980
3 A 820 819
4 A 157 154
0 D 1001 534
1 D 60 451
2 B 589 594
3 B 178 173
4 A 518 513
0 B 651 660
1 D 1001 534
2 D 849 686
3 B 350 321
4 D 806 729
0 A 377 382
1 A 145 150
2 A 661 658
3 D 381 130
4 D 687 848
0 A 405 402
1 D 664 871
2 C 323 316
3 C 155 228
4 D 596 939
0 B 572 547
1 C 447 448
2 C 862 801
3 B 13 18
4 D 702 833
0 A 400 407
1 C 936 983
2 D 349 162
3 B 519 536
4 B 78 81
0 B 448 479
1 B 27 4
2 B 342 329
3 C 461 434
4 A 460 459
0 D 556 979
1 D 632 903
2 C 214 169
3 C 271 368
4 B 386 413
0 C 828 835
1 A 520 527
2 B 531 524
3 D 239 272
4 A 520 527
0 B 419 444
1 B 858 837
2 B 798 769
3 D 24 487
4 C 235 148
0 C 633 518
1 D 414 97
2 D 350 161
3 C 922 997
4 D 453 58
0 D 964 571
1 A 517 514
2 C 378 261
3 A 639 632
4 B 685 690
0 B 500 491
1 A 227 228
2 B 629 618
3 D 689 846
4 C 1001 918
0 B 300 307
1 C 535 616
2 A 986 989
3 B 827 804
4 A 440 447
0 B 265 278
1 A 817 822
2 D 849 686
3 C 124 3
4 A 368 375
0 D 603 932
1 A 459 460
2 A 568 575
3 A 737 742
4 C 293 346
0 A 172 171
1 B 914 909
2 B 210 205
3 B 40 55
4 C 929 990
0 C 415 480
1 D 191 320
2 D 309 202
3 C 771 892
4 A 512 519
0 D 875 660
1 B 185 166
2 C 1008 911
3 C 44 83
4 C 840 823
0 A 798 793
1 A 411 412
2 C 873 790
3 C 823 840
4 C 756 651
0 A 335 328
1 A 688 695
2 A 104 111
3 B 5 26
4 A 30 25
0 D 29 482
1 C 694 713
2 C 192 191
3 D 37 474
4 B 923 900
0 A 32 39
1 A 998 993
2 D 816 719
3 B 65 94
4 B 811 820
0 D 590 945
1 D 933 602
2 C 863 800
3 C 252 131
4 B 689 686
0 B 368 367
1 A 635 636
2 B 232 247
3 D 755 780
4 D 373 138
0 C 823 840
1 D 360 151
2 B 505 486
3 C 146 237
4 D 234 277
0 C 568 583
1 B 357 378
2 B 246 233
3 C 1016 903
4 D 156 355
0 D 170 341
1 C 518 633
2 C 254 129
3 B 860 835
4 C 594 557
0 D 688 847
1 D 584 951
2 D 324 187
3 A 557 554
4 D 294 217
0 B 335 336
1 D 580 955
2 A 970 973
3 C 843 820
4 A 673 678
0 C 634 517
1 A 722 725
2 B 510 481
3 D 145 366
4 B 911 912
0 D 915 620
1 D 1021 514
2 D 447 64
3 A 649 654
4 A 221 218
0 C 705 702
1 B 464 463
2 D 453 58
3 D 177 334
4 D 388 123
0 C 728 679
1 A 800 807
2 B 600 583
3 A 44 43
4 A 998 993
0 A 344 351
1 A 803 804
2 A 14 9
3 A 988 987
4 A 456 463
0 C 440 455
1 D 607 928
2 D 626 909
3 D 743 792
4 B 356 379
0 B 397 402
1 C 191 192
2 D 95 416
3 D 213 298
4 C 801 862
0 D 131 380
1 A 73 78
2 D 998 537
3 C 453 442
4 A 133 130
0 A 456 463
1 B 215 200
2 A 307 308
3 D 967 568
4 C 220 163
0 D 459 52
1 B 437 426
2 B 663 648
3 A 28 27
4 B 401 398
0 B 120 103
1 B 733 706
2 D 231 280
3 B 10 21
4 C 265 374
0 B 969 982
1 C 291 348
2 C 226 157
3 A 667 668
4 A 751 744
0 B 273 270
1 B 32 63
2 C 861 802
3 D 643 892
4 A 229 226
0 C 873 790
1 D 81 430
2 D 495 16
3 A 842 845
4 A 424 431
0 D 774 761
1 A 228 227
2 B 136 151
3 C 607 544
4 B 792 775
0 D 92 419
1 C 121 6
2 D 987 548
3 B 133 154
4 A 867 868
0 A 477 474
1 C 343 296
2 A 681 686
3 A 189 186
4 B 368 367
0 A 159 152
1 C 749 658
2 A 256 263
3 D 233 278
4 B 319 288
0 A 87 80
1 C 8 119
2 B 864 895
3 D 109 402
4 A 111 104
0 B 912 911
1 B 34 61
2 A 357 354
3 A 140 139
4 C 976 943
0 C 935 984
1 B 86 73
2 D 931 604
3 B 462 465
4 A 285 282
0 D 9 502
1 A 719 712
2 C 233 150
3 D 474 37
4 B 141 146
0 D 994 541
1 D 805 730
2 A 765 762
3 D 811 724
4 D 229 282
0 A 982 977
1 A 846 841
2 B 706 733
3 A 829 826
4 C 842 821
0 D 83 428
1 C 810 853
2 D 212 299
3 C 1005 914
4 D 599 936
0 B 206 209
1 A 822 817
2 D 1004 531
3 B 697 678
4 A 766 761
0 A 301 298
1 C 840 823
2 B 609 638
3 B 576 607
4 B 879 880
0 A 549 546
1 B 421 442
2 B 852 843
3 D 81 430
4 B 742 761
0 D 812 723
1 B 541 514
2 D 428 83
3 B 540 515
4 D 318 193
0 C 33 94
1 C 35 92
2 B 838 857
3 C 533 618
4 C 259 380
0 D 423 88
1 A 618 621
2 B 222 193
3 D 380 131
4 C 724 683
0 B 681 694
1 D 1022 513
2 B 728 711
3 A 82 85
4 C 114 13
0 D 542 993
1 C 257 382
2 A 932 931
3 A 494 489
4 B 384 415
0 B 430 433
1 A 499 500
2 C 750 657
3 C 312 327
4 A 937 942
0 D 136 375
1 A 769 774
2 A 799 792
3 B 287 256
4 B 382 353
0 B 746 757
1 A 813 810
2 D 128 383
3 C 395 500
4 A 644 643
0 A 313 318
1 D 581 954
2 A 483 484
3 C 612 539
4 B 546 573
0 A 319 312
1 A 650 653
2 D 537 998
3 A 107 108
4 A 237 234
0 D 629 906
1 D 952 583
2 B 437 426
3 A 231 224
4 B 510 481
0 D 149 362
1 B 72 87
2 C 125 2
3 D 927 608
4 D 11 500
0 B 434 429
1 B 772 795
2 C 358 281
3 A 764 763
4 A 845 842
0 D 304 207
1 B 222 193
2 A 96 103
3 A 818 821
4 B 211 204
0 D 434 77
1 C 654 753
2 A 834 837
3 B 251 228
4 D 226 285
0 C 239 144
1 A 857 862
2 A 152 159
3 B 271 272
4 D 592 943
0 C 317 322
1 D 121 390
2 D 500 11
3 B 1017 998
4 A 505 510
0 A 145 150
1 A 32 39
2 B 527 528
3 C 998 921
4 B 724 715
0 B 351 320
1 C 1008 911
2 B 954 933
3 C 739 668
4 C 227 156
0 A 570 573
1 C 433 462
2 D 73 438
3 D 866 669
4 C 505 390
0 C 144 239
1 A 540 539
2 C 572 579
3 C 627 524
4 D 118 393
0 C 803 860
1 C 770 893
2 A 807 800
3 C 842 821
4 C 799 864
0 C 420 475
1 B 599 584
2 C 373 266
3 B 297 310
4 A 603 604
0 A 978 981
1 D 677 858
2 A 688 695
3 D 623 912
4 B 82 77
0 D 342 169
1 D 273 238
2 D 86 425
3 B 581 602
4 D 598 937
0 D 382 129
1 D 47 464
2 D 6 505
3 B 794 773
4 C 694 713
0 C 41 86
1 A 155 156
2 A 196 195
3 A 950 945
4 D 946 589
0 D 367 144
1 D 844 691
2 D 960 575
3 B 793 774
4 A 269 266
0 A 249 254
1 B 430 433
2 B 842 853
3 C 463 432
4 B 988 963
0 B 366 369
1 A 800 807
2 B 616 631
3 B 606 577
4 C 81 46
0 B 562 557
1 D 698 837
2 A 501 498
3 A 872 879
4 C 792 871
0 C 254 129
1 B 612 635
2 B 751 752
3 C 586 565
4 C 642 765
0 A 828 827
1 C 442 453
2 A 982 977
3 C 944 975
4 A 206 201
0 D 590 945
1 D 19 492
2 D 377 134
3 D 253 258
4 C 83 44
0 C 649 758
1 A 572 571
2 A 295 288
3 B 681 694
4 D 960 575
0 D 42 469
1 B 746 757
2 A 437 434
3 A 863 856
4 B 200 215
0 A 927 920
1 A 831 824
2 C 923 996
3 C 65 62
4 D 858 677
0 B 94 65
1 D 713 822
2 D 206 305
3 C 67 60
4 B 130 157
0 D 638 897
1 B 183 168
2 B 89 70
3 A 324 323
4 B 563 556
0 D 445 66
1 B 249 230
2 D 857 678
3 C 772 891
4 A 885 882
0 D 287 224
1 B 615 632
2 C 780 883
3 C 50 77
4 C 523 628
0 C 801 862
1 D 11 500
2 A 213 210
3 B 179 172
4 B 841 854
0 C 560 591
1 C 399 496
2 C 46 81
3 C 731 676
4 D 269 242
0 C 533 618
1 D 804 731
2 C 945 974
3 C 286 353
4 D 195 316
0 C 97 30
1 C 551 600
2 D 425 86
3 D 152 359
4 D 423 88
0 A 914 917
1 B 509 482
2 A 283 284
3 B 609 638
4 C 167 216
0 D 589 946
1 D 106 405
2 C 838 825
3 B 793 774
4 B 419 444
0 C 235 148
1 B 919 904
2 B 664 647
3 D 610 925
4 B 355 380
0 C 942 977
1 C 52 75
2 A 185 190
3 A 404 403
4 D 842 693
0 C 78 49
1 A 754 757
2 D 313 198
3 C 529 622
4 D 789 746
0 D 633 902
1 A 120 127
2 C 327 312
3 A 735 728
4 D 188 323
0 D 330 181
1 A 95 88
2 D 365 146
3 B 991 960
4 D 605 930
0 D 480 31
1 C 509 386
2 A 781 778
3 B 756 747
4 D 598 937
0 A 0 7
1 B 913 910
2 C 739 668
3 A 127 120
4 C 958 961
0 A 648 655
1 B 851 844
2 C 721 686
3 A 293 290
4 A 340 339
0 D 754 781
1 B 276 267
2 B 934 953
3 A 505 510
4 C 34 93
0 D 310 201
1 D 597 938
2 C 990 929
3 D 178 333
4 A 26 29
0 B 254 225
1 A 875 876
2 C 774 889
3 B 335 336
4 A 134 129
0 B 147 140
1 B 335 336
2 C 677 730
3 C 59 68
4 D 872 663
0 B 203 212
1 D 502 9
2 C 828 835
3 B 620 627
4 D 924 611
0 A 478 473
1 D 627 908
2 D 873 662
3 C 359 280
4 C 243 140
0 D 218 293
1 B 874 885
2 B 952 935
3 C 547 604
4 A 625 630
0 A 418 421
1 A 870 865
2 D 59 452
3 B 182 169
4 C 827 836
0 B 414 385
1 A 193 198
2 B 341 330
3 B 732 707
4 B 960 991
0 A 653 650
1 D 455 56
2 D 767 768
3 A 422 417
4 D 131 380
0 B 814 817
1 C 121 6
2 C 580 571
3 A 240 247
4 B 219 196
0 C 507 388
1 B 898 925
2 C 839 824
3 D 672 863
4 A 385 390
0 D 699 836
1 D 123 388
2 B 75 84
3 B 477 450
4 C 557 594
0 B 335 336
1 D 417 94
2 C 1012 907
3 D 905 630
4 D 68 443
0 B 340 331
1 C 682 725
2 C 173 210
3 B 582 601
4 A 205 202
0 C 24 103
1 A 692 691
2 B 238 241
3 A 368 375
4 A 78 73
0 A 494 489
1 B 785 782
2 B 327 344
3 A 415 408
4 C 17 110
0 D 536 999
1 B 534 521
2 C 104 23
3 D 91 420
4 C 187 196
0 A 964 963
1 D 496 15
2 B 342 329
3 A 562 565
4 C 533 618
0 A 58 61
1 C 483 412
2 D 993 542
3 D 612 923
4 C 936 983
0 A 595 596
1 A 463 456
2 C 965 954
3 B 1021 994
4 A 27 28
0 A 242 245
1 A 660 659
2 B 325 346
3 A 154 157
4 D 871 664
0 A 1007 1000
1 A 888 895
2 D 382 129
3 B 311 296
4 C 3 124
0 B 201 214
1 C 74 53
2 A 561 566
3 B 688 687
4 D 399 112
0 B 517 538
1 C 160 223
2 A 831 824
3 A 254 249
4 C 848 815
0 C 757 650
1 D 320 191
2 B 114 109
3 B 921 902
4 C 622 529
0 B 379 356
1 D 835 700
2 D 331 180
3 A 476 475
4 C 932 987
0 A 815 808
1 C 780 883
2 A 741 738
3 C 99 28
4 A 633 638
0 C 548 603
1 D 770 765
2 B 816 815
3 D 436 75
4 C 555 596
0 A 7 0
1 A 293 290
2 B 31 0
3 C 450 445
4 B 642 669
0 B 974 977
1 C 803 860
2 C 372 267
3 A 818 821
4 B 390 409
0 D 553 982
1 D 698 837
2 C 613 538
3 B 133 154
4 D 223 288
0 D 929 606
1 B 5 26
2 B 957 930
3 D 15 496
4 A 832 839
0 C 275 364
1 A 947 948
2 D 921 614
3 D 768 767
4 C 554 597
0 A 934 929
1 D 1006 529
2 A 78 73
3 C 87 40
4 A 920 927
0 A 555 556
1 D 820 715
2 C 947 972
3 D 594 941
4 A 109 106
0 B 674 701
1 D 149 362
2 A 490 493
3 B 939 948
4 A 648 655
0 B 679 696
1 B 461 466
2 A 14 9
3 C 982 937
4 B 608 639
0 B 741 762
1 B 172 179
2 C 564 587
3 A 940 939
4 D 927 608
0 B 520 535
1 B 764 739
2 A 804 803
3 A 622 617
4 C 797 866
0 C 160 223
1 B 91 68
2 A 660 659
3 D 165 346
4 A 66 69
0 D 846 689
1 A 947 948
2 B 491 500
3 B 27 4
4 A 288 295
0 B 357 378
1 C 961 958
2 B 776 791
3 D 214 297
4 D 645 890
0 B 958 929
1 D 202 309
2 C 298 341
3 B 61 34
4 D 409 102
0 C 189 194
1 C 500 395
2 C 263 376
3 A 39 32
4 C 857 806
0 D 164 347
1 B 878 881
2 C 205 178
3 B 475 452
4 A 597 594
0 A 341 338
1 A 350 345
2 B 677 698
3 A 117 114
4 B 903 920
0 D 783 752
1 A 144 151
2 C 192 191
3 B 567 552
4 D 6 505
0 A 109 106
1 B 866 893
2 B 22 9
3 B 179 172
4 C 571 580
0 A 599 592
1 B 832 863
2 B 140 147
3 C 595 556
4 C 324 315
0 A 814 809
1 A 943 936
2 A 42 45
3 D 441 70
4 B 408 391
0 C 41 86
1 C 400 495
2 B 645 666
3 D 128 383
4 D 190 321
0 D 643 892
1 C 851 812
2 D 258 253
3 B 124 99
4 C 872 791
0 A 413 410
1 C 454 441
2 C 856 807
3 B 229 250
4 B 644 667
0 B 942 945
1 D 582 953
2 D 827 708
3 D 298 213
4 D 977 558
0 B 355 380
1 C 306 333
2 C 18 109
3 C 167 216
4 A 210 213
0 D 275 236
1 D 858 677
2 D 910 625
3 D 316 195
4 B 42 53
0 C 568 583
1 A 164 163
2 A 125 122
3 A 976 983
4 C 971 948
0 A 509 506
1 A 206 201
2 D 372 139
3 A 495 488
4 C 318 321
0 A 326 321
1 D 308 203
2 D 485 26
3 D 397 114
4 A 428 427
0 B 622 625
1 D 651 884
2 B 889 870
3 A 413 410
4 D 491 20
0 C 38 89
1 C 507 388
2 C 490 405
3 C 543 608
4 D 997 538
0 C 487 408
1 A 663 656
2 C 1 126
3 B 881 878
4 C 68 59
0 D 669 866
1 C 417 478
2 C 246 137
3 D 269 242
4 A 538 541
0 C 636 515
1 D 465 46
2 A 319 312
3 B 118 105
4 B 148 139
0 C 355 284
1 C 565 586
2 B 165 186
3 C 775 888
4 B 279 264
0 B 41 54
1 B 700 675
2 C 825 838
3 C 879 784
4 B 91 68
0 D 867 668
1 A 785 790
2 B 141 146
3 A 968 975
4 A 844 843
0 C 612 539
1 B 990 961
2 D 897 638
3 B 489 502
4 C 768 895
0 C 613 538
1 C 820 843
2 B 264 279
3 B 504 487
4 A 764 763
0 D 710 825
1 C 846 817
2 D 277 234
3 A 368 375
4 A 871 864
0 D 146 365
1 C 729 678
2 D 428 83
3 A 308 307
4 A 423 416
0 A 217 222
1 D 488 23
2 B 251 228
3 D 777 758
4 B 717 722
0 C 362 277
1 C 3 124
2 C 945 974
3 C 681 726
4 C 933 986
0 D 202 309
1 A 986 989
2 C 122 5
3 B 218 197
4 B 432 431
0 C 881 782
1 B 664 647
2 B 241 238
3 D 375 136
4 C 570 581
0 A 1007 1000
1 B 644 667
2 B 240 239
3 B 110 113
4 D 447 64
0 B 648 663
1 D 911 624
2 D 592 943
3 C 605 546
4 B 462 465
0 B 22 9
1 A 262 257
2 C 171 212
3 A 188 187
4 C 828 835
0 A 84 83
1 A 313 318
2 B 628 619
3 B 406 393
4 A 287 280
0 D 535 1000
1 B 123 100
2 C 68 59
3 D 75 436
4 A 1 6
0 A 447 440
1 A 48 55
2 B 57 38
3 A 80 87
4 D 282 229
0 D 223 288
1 D 511 0
2 D 813 722
3 C 429 466
4 B 640 671
0 A 123 124
1 B 306 301
2 A 551 544
3 D 233 278
4 D 824 711
0 A 515 516
1 A 47 40
2 D 811 724
3 A 587 588
4 B 423 440
0 A 787 788
1 A 157 154
2 B 970 981
3 A 726 721
4 A 277 274
0 A 755 756
1 D 488 23
2 D 312 199
3 C 5 122
4 C 628 523
0 A 367 360
1 C 826 837
2 C 55 72
3 D 837 698
4 A 332 331
0 A 517 514
1 C 447 448
2 D 489 22
3 C 524 627
4 A 332 331
0 D 946 589
1 A 231 224
2 C 654 753
3 B 265 278
4 B 431 432
0 D 46 465
1 B 137 150
2 D 402 109
3 D 765 770
4 C 823 840
0 B 161 190
1 D 86 425
2 A 632 639
3 D 546 989
4 D 866 669
0 D 315 196
1 B 587 596
2 B 963 988
3 B 345 326
4 A 470 465
0 B 59 36
1 B 292 315
2 C 134 249
3 C 596 555
4 B 347 324
0 C 803 860
1 D 152 359
2 C 188 195
3 A 920 927
4 C 877 786
0 D 121 390
1 A 834 837
2 D 323 188
3 C 429 466
4 C 224 159
0 C 763 644
1 D 210 301
2 B 1022 993
3 B 517 538
4 C 366 273
0 B 573 546
1 D 71 440
2 C 3 124
3 B 972 979
4 A 491 492
0 C 526 625
1 B 826 805
2 C 109 18
3 B 5 26
4 A 719 712
0 D 674 861
1 D 350 161
2 A 606 601
3 C 589 562
4 B 960 991
0 B 914 909
1 A 700 699
2 C 460 435
3 B 920 903
4 B 318 289
0 A 508 507
1 B 389 410
2 C 942 977
3 C 926 993
4 A 325 322
0 C 448 447
1 B 682 693
2 D 47 464
3 B 654 657
4 C 780 883
0 C 180 203
1 C 367 272
2 D 538 997
3 C 696 711
4 D 570 965
0 C 942 977
1 B 216 199
2 D 608 927
3 C 881 782
4 A 137 142
0 D 48 463
1 D 888 647
2 C 832 831
3 B 518 537
4 A 753 758
0 B 889 870
1 B 365 370
2 A 693 690
3 C 317 322
4 D 553 982
0 B 678 697
1 A 986 989
2 B 248 231
3 D 997 538
4 C 840 823
0 C 331 308
1 C 398 497
2 A 156 155
3 C 198 185
4 C 612 539
0 B 355 380
1 C 860 803
2 C 938 981
3 D 834 701
4 C 919 1000
0 A 927 920
1 A 473 478
2 B 889 870
3 A 562 565
4 A 223 216
0 D 229 282
1 A 879 872
2 C 789 874
3 D 497 14
4 A 246 241
0 B 496 495
1 A 58 61
2 C 679 728
3 A 959 952
4 D 995 540
0 D 952 583
1 C 518 633
2 C 761 646
3 D 104 407
4 D 933 602
0 A 560 567
1 C 310 329
2 B 488 503
3 B 780 787
4 D 579 956
0 A 386 389
1 A 260 259
2 D 159 352
3 B 594 589
4 D 734 801
0 C 67 60
1 B 222 193
2 A 31 24
3 C 571 580
4 B 457 470
0 A 398 393
1 D 844 691
2 A 626 629
3 C 675 732
4 C 743 664
0 B 450 477
1 A 129 134
2 C 738 669
3 D 17 494
4 C 1011 908
0 C 102 25
1 A 6 1
2 C 563 588
3 A 523 524
4 D 921 614
0 D 932 603
1 A 2 5
2 D 1023 512
3 A 1 6
4 A 539 540
0 A 135 128
1 C 272 367
2 C 836 827
3 A 811 812
4 A 715 716
0 B 429 434
1 B 589 594
2 B 761 742
3 C 50 77
4 D 146 365
0 A 885 882
1 D 219 292
2 C 1018 901
3 C 116 11
4 D 665 870
0 D 544 991
1 C 933 986
2 D 406 105
3 D 693 842
4 A 328 335
0 C 160 223
1 D 747 788
2 A 681 686
3 B 761 742
4 C 622 529
0 C 778 885
1 C 778 885
2 D 6 505
3 D 862 673
4 D 835 700
0 A 884 883
1 C 543 608
2 D 590 945
3 D 536 999
4 A 572 571
0 D 185 326
1 C 748 659
2 B 651 660
3 D 845 690
4 C 8 119
0 C 232 151
1 D 701 834
2 A 343 336
3 B 184 167
4 D 750 785
0 B 707 732
1 B 684 691
2 C 100 27
3 B 455 472
4 A 499 500
0 D 131 380
1 D 296 215
2 C 606 545
3 A 40 47
4 B 897 926
0 B 287 256
1 A 936 943
2 B 117 106
3 C 679 728
4 A 23 16
0 D 706 829
1 D 672 863
2 A 994 997
3 B 829 802
4 D 746 789
0 B 990 961
1 D 458 53
2 B 212 203
3 B 41 54
4 C 204 179
0 C 49 78
1 C 147 236
2 A 819 820
3 B 396 403
4 D 854 681
0 A 260 259
1 D 918 617
2 A 772 771
3 A 514 517
4 A 231 224
0 A 434 437
1 C 1 126
2 B 319 288
3 B 754 749
4 D 566 969
0 A 632 639
1 A 401 406
2 D 393 118
3 C 745 662
4 C 301 338
0 C 858 805
1 A 988 987
2 D 541 994
3 B 881 878
4 C 79 48
0 D 777 758
1 B 965 986
2 A 8 15
3 B 158 129
4 D 390 121
0 A 374 369
1 A 61 58
2 C 856 807
3 D 592 943
4 D 568 967
0 B 181 170
1 B 541 514
2 C 62 65
3 C 868 795
4 D 407 104
0 B 921 902
1 B 939 948
2 D 383 128
3 B 685 690
4 C 68 59
0 C 515 636
1 D 333 178
2 D 63 448
3 B 955 932
4 A 170 173
0 A 695 688
1 D 984 551
2 D 230 281
3 A 884 883
4 D 554 981
0 D 1004 531
1 C 965 954
2 D 819 716
3 A 783 776
4 A 915 916
0 A 388 387
1 C 35 92
2 D 328 183
3 B 136 151
4 D 825 710
0 B 285 258
1 A 192 199
2 C 385 510
3 C 883 780
4 C 476 419
0 C 231 152
1 D 635 900
2 D 455 56
3 C 64 63
4 D 203 308
0 C 619 532
1 B 165 186
2 D 154 357
3 B 710 729
4 C 233 150
0 D 835 700
1 B 895 864
2 B 665 646
3 B 130 157
4 C 622 529
0 D 293 218
1 A 138 141
2 A 446 441
3 C 771 892
4 B 493 498
0 B 181 170
1 B 441 422
2 A 535 528
3 C 209 174
4 D 796 739
0 C 826 837
1 B 127 96
2 C 795 868
3 C 995 924
4 B 627 620
0 C 1013 906
1 B 670 641
2 D 135 376
3 A 73 78
4 A 752 759
0 B 974 977
1 A 444 443
2 C 803 860
3 C 948 971
4 D 614 921
0 C 454 441
1 A 119 112
2 D 977 558
3 C 380 259
4 D 284 227
0 A 963 964
1 A 4 3
2 C 741 666
3 B 573 546
4 C 799 864
0 B 363 372
1 A 954 957
2 C 139 244
3 A 262 257
4 D 407 104
0 C 557 594
1 A 164 163
2 B 403 396
3 A 179 180
4 C 959 960
0 B 422 441
1 A 13 10
2 B 21 10
3 A 62 57
4 B 86 73
0 B 85 74
1 A 223 216
2 C 62 65
3 B 288 319
4 D 2 509
0 A 545 550
1 A 975 968
2 D 145 366
3 C 141 242
4 C 485 410
0 B 101 122
1 B 361 374
2 D 628 907
3 D 16 495
4 C 828 835
0 A 520 527
1 A 556 555
2 B 232 247
3 B 840 855
4 A 975 968
0 C 839 824
1 D 229 282
2 A 384 391
3 C 401 494
4 A 455 448
0 A 116 115
1 B 917 906
2 D 492 19
3 B 979 972
4 B 694 681
0 C 585 566
1 B 59 36
2 D 501 10
3 D 634 901
4 A 507 508
0 B 952 935
1 D 840 695
2 B 733 706
3 A 700 699
4 B 342 329
0 B 237 242
1 D 489 22
2 D 883 652
3 B 848 847
4 B 75 84
0 B 924 899
1 D 688 847
2 B 925 898
3 D 609 926
4 C 656 751
0 B 507 484
1 C 695 712
2 D 366 145
3 C 393 502
4 C 734 673
0 A 163 164
1 C 408 487
2 B 603 580
3 C 122 5
4 C 532 619
0 A 613 610
1 A 524 523
2 B 513 542
3 B 710 729
4 B 608 639
0 C 143 240
1 B 294 313
2 B 538 517
3 A 531 532
4 A 215 208
0 D 372 139
1 B 54 41
2 B 405 394
3 B 489 502
4 B 525 530
0 B 157 130
1 A 632 639
2 B 990 961
3 B 865 894
4 C 326 313
0 A 321 326
1 B 892 867
2 A 308 307
3 C 351 288
4 D 72 439
0 D 653 882
1 A 63 56
2 D 981 554
3 A 495 488
4 B 796 771
0 D 799 736
1 B 231 248
2 B 640 671
3 C 357 282
4 C 58 69
0 B 603 580
1 B 108 115
2 C 852 811
3 D 295 216
4 C 550 601
0 B 311 296
1 A 579 580
2 A 28 27
3 A 473 478
4 D 649 886
0 C 616 535
1 A 154 157
2 B 960 991
3 B 634 613
4 D 873 662
0 B 63 32
1 A 597 594
2 C 577 574
3 C 699 708
4 B 311 296
0 A 12 11
1 D 74 437
2 D 270 241
3 A 290 293
4 A 717 714
0 D 501 10
1 C 860 803
2 B 737 766
3 B 219 196
4 A 143 136
0 A 661 658
1 A 945 950
2 D 552 983
3 A 467 468
4 D 618 917
0 C 894 769
1 A 183 176
2 D 113 398
3 A 599 592
4 A 396 395
0 A 770 773
1 A 389 386
2 B 783 784
3 A 87 80
4 A 614 609
0 A 112 119
1 A 569 574
2 A 63 56
3 D 912 623
4 A 873 878
0 D 896 639
1 D 105 406
2 A 618 621
3 A 994 997
4 A 680 687
0 B 1 30
1 A 668 667
2 A 867 868
3 C 675 732
4 D 203 308
0 B 828 803
1 B 493 498
2 A 892 891
3 D 963 572
4 C 456 439
0 D 800 735
1 A 191 184
2 A 430 425
3 B 53 42
4 B 368 367
0 D 624 911
1 C 90 37
2 B 254 225
3 C 43 84
4 A 930 933
0 B 569 550
1 B 637 610
2 C 27 100
3 C 27 100
4 D 34 477
0 A 177 182
1 B 271 272
2 A 415 408
3 D 132 379
4 D 748 787
0 C 871 792
1 B 510 481
2 C 117 10
3 A 714 717
4 A 338 341
0 B 185 166
1 C 10 117
2 B 779 788
3 A 625 630
4 C 761 646
0 D 814 721
1 C 694 713
2 D 992 543
3 C 866 797
4 D 537 998
0 D 132 379
1 B 419 444
2 B 120 103
3 D 306 205
4 A 863 856
0 C 315 324
1 D 430 81
2 D 477 34
3 A 180 179
4 C 922 997
0 B 309 298
1 C 895 768
2 B 542 513
3 C 290 349
4 B 128 159
0 D 554 981
1 D 86 425
2 A 848 855
3 D 147 364
4 D 598 937
0 C 587 564
1 A 599 592
2 D 683 852
3 B 315 292
4 C 398 497
0 B 28 3
1 B 110 113
2 C 782 881
3 B 184 167
4 B 141 146
0 C 928 991
1 A 728 735
2 A 504 511
3 B 829 802
4 C 478 417
0 A 812 811
1 C 228 155
2 B 32 63
3 A 883 884
4 C 805 858
0 A 681 686
1 D 199 312
2 C 706 701
3 B 563 556
4 D 230 281
0 A 563 564
1 D 505 6
2 C 546 605
3 C 802 861
4 B 274 269
0 D 187 324
1 C 369 270
2 A 409 414
3 A 312 319
4 A 515 516
0 A 527 520
1 A 171 172
2 D 86 425
3 D 384 127
4 D 503 8
0 A 390 385
1 A 66 69
2 C 135 248
3 A 686 681
4 D 98 413
0 A 60 59
1 C 675 732
2 C 816 847
3 D 412 99
4 A 17 22
0 B 80 79
1 D 82 429
2 C 678 729
3 B 594 589
4 C 673 734
0 A 83 84
1 B 294 313
2 A 321 326
3 B 383 352
4 B 220 195
0 A 449 454
1 B 847 848
2 B 497 494
3 D 567 968
4 D 16 495
0 A 763 764
1 A 958 953
2 B 268 275
3 B 68 91
4 D 971 564
0 B 213 202
1 C 492 403
2 C 46 81
3 C 413 482
4 C 811 852
0 D 401 110
1 B 243 236
2 D 21 490
3 B 620 627
4 B 513 542
0 D 978 557
1 B 624 623
2 A 877 874
3 D 296 215
4 A 54 49
0 D 313 198
1 A 219 220
2 A 353 358
3 D 433 78
4 C 830 833
0 B 805 826
1 B 63 32
2 C 551 600
3 B 723 716
4 D 689 846
0 D 1011 524
1 A 909 906
2 D 837 698
3 C 1016 903
4 A 675 676
0 A 294 289
1 C 734 673
2 B 831 800
3 D 67 444
4 D 931 604
0 D 102 409
1 C 372 267
2 B 472 455
3 A 411 412
4 B 503 488
0 A 107 108
1 D 957 578
2 C 36 91
3 C 523 628
4 C 826 837
0 C 98 29
1 D 698 837
2 C 522 629
3 B 548 571
4 A 21 18
0 A 460 459
1 B 949 938
2 C 724 683
3 C 248 135
4 A 127 120
0 D 325 186
1 A 354 357
2 B 939 948
3 B 601 582
4 A 752 759
0 A 989 986
1 C 318 321
2 C 683 724
3 B 946 941
4 B 903 920
0 C 852 811
1 B 208 207
2 B 504 487
3 B 366 369
4 A 316 315
0 A 982 977
1 D 260 251
2 A 205 202
3 D 579 956
4 B 627 620
0 D 875 660
1 A 382 377
2 D 89 422
3 B 958 929
4 D 933 602
0 C 25 102
1 A 605 602
2 B 5 26
3 D 360 151
4 D 356 155
0 B 918 905
1 D 664 871
2 C 614 537
3 B 809 822
4 B 404 395
0 B 211 204
1 C 879 784
2 A 93 90
3 B 971 980
4 B 657 654
0 C 195 188
1 C 953 966
2 D 652 883
3 C 559 592
4 B 586 597
0 D 651 884
1 C 777 886
2 B 894 865
3 A 819 820
4 B 396 403
0 A 891 892
1 A 232 239
2 B 174 177
3 B 6 25
4 C 981 938
0 D 55 456
1 D 964 571
2 A 493 490
3 D 543 992
4 A 709 706
0 D 999 536
1 A 632 639
2 B 478 449
3 D 441 70
4 B 189 162
0 D 692 843
1 C 289 350
2 C 38 89
3 C 234 149
4 A 455 448
0 B 85 74
1 A 430 425
2 B 582 601
3 B 322 349
4 A 449 454
0 D 899 636
1 C 36 91
2 D 290 221
3 D 884 651
4 A 494 489
0 A 453 450
1 A 60 59
2 B 813 818
3 A 267 268
4 D 245 266
0 B 592 591
1 C 587 564
2 A 249 254
3 C 616 535
4 C 265 374
0 A 784 791
1 A 873 878
2 D 311 200
3 C 699 708
4 D 540 995
0 A 154 157
1 D 457 54
2 A 218 221
3 A 898 901
4 D 242 269
0 A 77 74
1 A 12 11
2 A 534 529
3 C 649 758
4 D 928 607
0 A 626 629
1 A 537 542
2 A 775 768
3 B 420 443
4 D 372 139
0 A 289 294
1 D 1011 524
2 D 305 206
3 A 129 134
4 A 544 551
0 D 76 435
1 C 805 858
2 B 724 715
3 B 873 886
4 C 480 415
0 C 829 834
1 A 291 292
2 B 853 842
3 C 869 794
4 C 322 317
0 D 401 110
1 B 796 771
2 D 248 263
3 D 296 215
4 A 434 437
0 A 586 589
1 C 923 996
2 B 304 303
3 B 355 380
4 B 550 569
0 B 838 857
1 B 864 895
2 A 896 903
3 D 137 374
4 D 854 681
0 A 57 62
1 C 81 46
2 B 664 647
3 B 1023 992
4 C 302 337
0 B 765 738
1 D 200 311
2 D 459 52
3 B 64 95
4 B 151 136
0 C 932 987
1 D 960 575
2 B 114 109
3 C 964 955
4 D 697 838
0 B 536 519
1 D 285 226
2 C 728 679
3 B 519 536
4 D 539 996
0 A 459 460
1 D 368 143
2 B 186 165
3 D 880 655
4 C 575 576
0 B 627 620
1 A 991 984
2 A 457 462
3 A 793 798
4 A 820 819
0 A 492 491
1 B 520 535
2 D 963 572
3 A 135 128
4 D 867 668
0 D 872 663
1 B 103 120
2 A 299 300
3 D 667 868
4 C 205 178
0 C 709 698
1 C 825 838
2 C 283 356
3 B 664 647
4 B 624 623
0 C 777 886
1 C 213 170
2 A 543 536
3 A 90 93
4 D 637 898
0 A 288 295
1 A 506 509
2 C 143 240
3 D 228 283
4 B 635 612
0 B 408 391
1 A 669 666
2 D 937 598
3 B 731 708
4 A 945 950
0 D 674 861
1 A 583 576
2 A 973 970
3 D 66 445
4 B 663 648
0 B 198 217
1 C 149 234
2 D 836 699
3 C 698 709
4 C 921 998
0 B 778 789
1 D 614 921
2 A 235 236
3 B 707 732
4 D 575 960
0 C 100 27
1 A 606 601
2 D 657 878
3 B 990 961
4 A 572 571
0 D 381 130
1 C 659 748
2 B 443 420
3 C 224 159
4 A 767 760
0 A 665 670
1 B 117 106
2 A 843 844
3 B 23 8
4 C 2 125
0 A 387 388
1 D 165 346
2 A 512 519
3 B 885 874
4 B 240 239
0 D 664 871
1 D 332 179
2 D 401 110
3 C 751 656
4 C 717 690
0 B 310 297
1 C 278 361
2 C 737 670
3 A 513 518
4 A 969 974
0 A 586 589
1 B 864 895
2 D 814 721
3 A 596 595
4 A 37 34
0 B 699 676
1 B 324 347
2 B 689 686
3 A 56 63
4 A 777 782
0 C 106 21
1 C 697 710
2 A 884 883
3 C 260 379
4 D 355 156
0 A 323 324
1 C 439 456
2 B 222 193
3 D 482 29
4 A 375 368
0 B 194 221
1 B 789 778
2 C 776 887
3 A 668 667
4 C 720 687
0 C 557 594
1 C 575 576
2 A 702 697
3 A 718 713
4 D 200 311
0 D 1001 534
1 B 753 750
2 A 373 370
3 C 143 240
4 A 758 753
0 C 110 17
1 D 127 384
2 D 215 296
3 B 122 101
4 D 158 353
0 B 472 455
1 B 141 146
2 A 506 509
3 D 278 233
4 D 475 36
0 C 502 393
1 B 955 932
2 C 200 183
3 B 831 800
4 A 711 704
0 B 392 407
1 A 823 816
2 D 80 431
3 A 372 371
4 B 405 394
0 C 155 228
1 A 3 4
2 A 258 261
3 A 553 558
4 D 661 874
0 A 669 666
1 A 680 687
2 C 687 720
3 D 407 104
4 A 98 101
0 D 237 274
1 B 56 39
2 C 866 797
3 D 375 136
4 D 165 346
0 A 910 905
1 D 68 443
2 B 902 921
3 C 693 714
4 D 378 133
0 D 448 63
1 B 93 66
2 D 558 977
3 C 342 297
4 D 654 881
0 A 908 907
1 A 530 533
2 C 107 20
3 D 433 78
4 B 614 633
0 B 135 152
1 C 845 818
2 B 347 324
3 A 343 336
4 D 499 12
0 A 711 704
1 B 337 334
2 A 349 346
3 A 81 86
4 B 756 747
0 B 276 267
1 A 858 861
2 C 671 736
3 A 944 951
4 D 838 697
0 A 406 401
1 C 411 484
2 C 641 766
3 D 658 877
4 C 281 358
0 D 816 719
1 A 641 646
2 A 304 311
3 C 769 894
4 D 640 895
0 B 631 616
1 A 828 827
2 C 455 440
3 C 329 310
4 C 891 772
0 C 393 502
1 B 747 756
2 D 59 452
3 C 529 622
4 B 850 845
0 A 623 616
1 B 207 208
2 B 615 632
3 D 268 243
4 D 816 719
0 B 233 246
1 D 153 358
2 D 47 464
3 C 940 979
4 B 825 806
0 C 588 563
1 C 529 622
2 D 724 811
3 C 491 404
4 A 225 230
0 B 549 570
1 B 490 501
2 D 211 300
3 D 42 469
4 C 847 816
0 B 297 310
1 C 289 350
2 A 373 370
3 C 462 433
4 A 662 657
0 A 554 557
1 D 169 342
2 B 667 644
3 B 816 815
4 C 231 152
0 D 38 473
1 C 994 925
2 C 5 122
3 C 471 424
4 B 766 737
0 D 78 433
1 A 361 366
2 D 642 893
3 C 886 777
4 B 442 421
0 C 639 512
1 A 882 885
2 D 997 538
3 C 79 48
4 D 427 84
0 C 605 546
1 D 143 368
2 C 77 50
3 C 1007 912
4 B 519 536
0 C 814 849
1 D 428 83
2 C 125 2
3 A 906 909
4 C 254 129
0 C 515 636
1 C 751 656
2 A 459 460
3 A 464 471
4 C 670 737
0 C 605 546
1 D 647 888
2 B 267 276
3 D 78 433
4 B 898 925
0 D 923 612
1 D 676 859
2 D 8 503
3 A 85 82
4 B 950 937
0 D 620 915
1 B 121 102
2 D 64 447
3 D 396 115
4 B 859 836
0 B 812 819
1 C 682 725
2 A 423 416
3 B 305 302
4 D 633 902
0 D 555 980
1 A 320 327
2 C 451 444
3 C 884 779
4 D 188 323
0 B 139 148
1 D 466 45
2 D 718 817
3 B 480 511
4 D 565 970
0 C 803 860
1 B 493 498
2 D 371 140
3 B 520 535
4 B 416 447
0 D 693 842
1 C 289 350
2 A 380 379
3 C 746 661
4 B 373 362
0 B 12 19
1 B 31 0
2 C 33 94
3 A 206 201
4 D 733 802
0 D 716 819
1 C 1004 915
2 D 455 56
3 D 917 618
4 D 504 7
0 B 649 662
1 B 379 356
2 D 444 67
3 A 982 977
4 B 848 847
0 C 745 662
1 A 154 157
2 A 867 868
3 D 785 750
4 D 408 103
0 A 896 903
1 B 245 234
2 B 217 198
3 A 990 985
4 D 579 956
0 D 683 852
1 A 125 122
2 A 963 964
3 A 282 285
4 C 656 751
0 D 188 323
1 C 52 75
2 A 762 765
3 C 585 566
4 B 148 139
0 D 334 177
1 D 913 622
2 D 47 464
3 C 965 954
4 B 842 853
0 D 396 115
1 D 642 893
2 D 217 294
3 C 612 539
4 C 423 472
0 A 941 938
1 B 70 89
2 C 792 871
3 A 16 23
4 C 394 501
0 A 645 642
1 A 89 94
2 C 766 641
3 C 132 251
4 A 307 308
0 D 919 616
1 D 113 398
2 A 38 33
3 C 297 342
4 A 680 687
0 C 825 838
1 D 943 592
2 D 581 954
3 C 141 242
4 B 345 326
0 D 118 393
1 B 804 827
2 A 130 133
3 B 817 814
4 C 191 192
0 B 915 908
1 D 943 592
2 D 543 992
3 B 202 213
4 C 805 858
0 A 885 882
1 D 713 822
2 B 193 222
3 B 1017 998
4 C 508 387
0 B 616 631
1 B 169 182
2 B 41 54
3 C 70 57
4 A 903 896
0 D 440 71
1 C 967 952
2 C 367 272
3 A 940 939
4 B 141 146
0 B 500 491
1 A 547 548
2 B 609 638
3 C 399 496
4 D 995 540
0 C 481 414
1 D 576 959
2 B 332 339
3 D 717 818
4 B 299 308
0 A 255 248
1 C 222 161
2 D 92 419
3 C 522 629
4 C 576 575
0 A 925 922
1 C 355 284
2 A 564 563
3 B 910 913
4 A 296 303
0 C 876 787
1 D 186 325
2 D 834 701
3 B 762 741
4 A 244 243
0 D 415 96
1 C 83 44
2 D 909 626
3 C 277 362
4 B 36 59
0 B 376 359
1 A 673 678
2 D 544 991
3 C 284 355
4 B 273 270
0 B 579 604
1 D 80 431
2 A 539 540
3 D 823 712
4 A 475 476
0 A 910 905
1 A 751 744
2 B 584 599
3 B 976 975
4 C 679 728
0 A 498 501
1 D 78 433
2 A 637 634
3 C 301 338
4 C 546 605
0 B 473 454
1 D 407 104
2 C 682 725
3 A 957 954
4 C 183 200
0 C 135 248
1 C 987 932
2 B 611 636
3 A 266 269
4 A 68 67
0 C 511 384
1 C 44 83
2 D 434 77
3 A 336 343
4 C 264 375
0 D 611 924
1 B 737 766
2 B 294 313
3 D 368 143
4 B 716 723
0 A 420 419
1 D 961 574
2 C 933 986
3 A 742 737
4 B 909 914
0 B 890 869
1 D 605 930
2 D 243 268
3 B 989 962
4 B 48 47
0 B 585 598
1 B 211 204
2 D 477 34
3 A 892 891
4 C 93 34
0 D 316 195
1 D 44 467
2 D 836 699
3 C 337 302
4 B 493 498
0 C 411 484
1 B 273 270
2 A 781 778
3 D 960 575
4 A 469 466
0 B 367 368
1 C 600 551
2 C 517 634
3 D 790 745
4 D 342 169
0 A 197 194
1 D 214 297
2 C 1020 899
3 C 93 34
4 B 876 883
0 A 787 788
1 C 110 17
2 B 809 822
3 A 551 544
4 B 825 806
0 C 550 601
1 B 428 435
2 A 757 754
3 B 602 581
4 D 535 1000
0 C 229 154
1 C 147 236
2 B 82 77
3 C 725 682
4 A 767 760
0 D 879 656
1 C 258 381
2 A 968 975
3 D 442 69
4 C 131 252
0 D 285 226
1 C 954 965
2 C 377 262
3 A 650 653
4 B 921 902
0 D 766 769
1 A 711 704
2 D 450 61
3 C 349 290
4 D 553 982
0 D 736 799
1 C 14 113
2 A 832 839
3 C 466 429
4 C 388 507
0 D 196 315
1 B 702 673
2 A 112 119
3 A 727 720
4 D 192 319
0 A 824 831
1 D 546 989
2 B 145 142
3 A 942 937
4 A 197 194
0 C 263 376
1 B 51 44
2 D 719 816
3 A 206 201
4 D 701 834
0 B 202 213
1 B 514 541
2 A 433 438
3 D 883 652
4 D 627 908
0 A 424 431
1 C 330 309
2 B 431 432
3 D 572 963
4 C 702 705
0 C 718 689
1 B 65 94
2 A 846 841
3 A 467 468
4 C 270 369
0 C 1004 915
1 D 846 689
2 D 288 223
3 C 956 963
4 C 987 932
0 D 904 631
1 B 715 724
2 C 768 895
3 B 572 547
4 C 275 364
0 B 832 863
1 A 238 233
2 A 104 111
3 A 752 759
4 A 948 947
0 C 577 574
1 A 53 50
2 C 870 793
3 C 12 115
4 D 791 744
0 A 557 554
1 D 261 250
2 A 590 585
3 D 310 201
4 B 420 443
0 A 630 625
1 A 966 961
2 C 46 81
3 C 77 50
4 B 182 169
0 B 301 306
1 C 993 926
2 A 351 344
3 A 179 180
4 A 973 970
0 B 707 732
1 A 380 379
2 B 113 110
3 C 321 318
4 D 750 785
0 D 416 95
1 B 667 644
2 B 627 620
3 B 99 124
4 A 977 982
0 A 695 688
1 D 406 105
2 B 221 194
3 A 80 87
4 D 941 594
0 C 754 653
1 B 705 734
2 D 467 44
3 C 308 331
4 A 64 71
0 D 343 168
1 B 934 953
2 B 229 250
3 B 961 990
4 B 227 252
0 C 237 146
1 A 270 265
2 D 817 718
3 C 211 172
4 C 60 67
0 D 434 77
1 C 828 835
2 D 846 689
3 C 513 638
4 D 833 702
0 D 494 17
1 A 799 792
2 B 254 225
3 C 787 876
4 A 226 229
0 B 260 283
1 B 834 861
2 A 726 721
3 C 451 444
4 B 355 380
0 C 803 860
1 A 863 856
2 B 648 663
3 D 909 626
4 D 628 907
0 C 890 773
1 B 798 769
2 C 822 841
3 A 923 924
4 B 30 1
0 A 98 101
1 C 241 142
2 A 588 587
3 D 480 31
4 D 481 30
0 C 245 138
1 D 329 182
2 D 964 571
3 C 871 792
4 A 760 767
0 C 922 997
1 D 678 857
2 D 972 563
3 A 738 741
4 D 345 166
0 B 805 826
1 A 945 950
2 D 230 281
3 D 314 197
4 B 410 389
0 A 345 350
1 B 445 418
2 B 938 949
3 A 325 322
4 C 803 860
0 A 697 702
1 D 209 302
2 B 888 871
3 B 921 902
4 D 772 763
0 C 398 497
1 B 601 582
2 A 667 668
3 D 668 867
4 A 538 541
0 B 436 427
1 B 852 843
2 B 551 568
3 C 495 400
4 C 995 924
0 C 417 478
1 B 231 248
2 D 343 168
3 A 33 38
4 A 1 6
0 C 793 870
1 A 543 536
2 B 603 580
3 C 957 962
4 B 496 495
0 A 191 184
1 C 616 535
2 D 822 713
3 A 120 127
4 A 35 36
0 A 250 253
1 D 872 663
2 B 312 295
3 C 541 610
4 D 387 124
0 A 778 781
1 C 94 33
2 A 556 555
3 C 104 23
4 D 40 471
0 C 635 516
1 A 616 623
2 A 986 989
3 A 450 453
4 C 289 350
0 D 993 542
1 D 959 576
2 A 2 5
3 D 583 952
4 B 472 455
0 D 164 347
1 A 276 275
2 A 750 745
3 A 343 336
4 B 443 420
0 B 732 707
1 A 194 197
2 C 8 119
3 C 572 579
4 A 68 67
0 A 956 955
1 B 91 68
2 A 444 443
3 D 898 637
4 A 49 54
0 A 328 335
1 D 502 9
2 C 387 508
3 C 274 365
4 A 128 135
0 B 21 10
1 A 99 100
2 D 877 658
3 D 677 858
4 B 910 913
0 B 255 224
1 C 777 886
2 A 27 28
3 D 434 77
4 B 346 325
0 A 41 46
1 B 509 482
2 A 510 505
3 A 808 815
4 D 1003 532
0 A 235 236
1 A 508 507
2 C 515 636
3 A 797 794
4 C 445 450
0 D 189 322
1 D 2 509
2 B 176 175
3 A 120 127
4 D 89 422
0 C 302 337
1 D 422 89
2 B 533 522
3 B 470 457
4 C 237 146
0 B 730 709
1 C 237 146
2 B 328 343
3 A 711 704
4 C 271 368
0 A 752 759
1 A 83 84
2 D 771 764
3 C 487 408
4 D 94 417
0 D 657 878
1 D 413 98
2 C 692 715
3 B 60 35
4 C 92 35
0 A 745 750
1 A 254 249
2 C 440 455
3 A 501 498
4 A 905 910
0 B 139 148
1 A 228 227
2 D 470 41
3 A 301 298
4 C 289 350
0 B 16 15
1 A 63 56
2 D 569 966
3 A 604 603
4 C 521 630
0 C 692 715
1 C 651 756
2 C 642 765
3 C 209 174
4 D 588 947
0 D 572 963
1 D 830 705
2 A 551 544
3 A 581 578
4 A 416 423
0 A 422 417
1 B 419 444
2 D 53 458
3 C 595 556
4 B 402 397
0 D 809 726
1 C 239 144
2 A 658 661
3 C 766 641
4 C 176 207
0 D 208 303
1 A 690 693
2 C 53 74
3 C 595 556
4 C 41 86
0 D 391 120
1 D 5 506
2 D 580 955
3 A 273 278
4 C 657 750
0 D 834 701
1 B 515 540
2 B 728 711
3 B 192 223
4 B 810 821
0 B 762 741
1 C 0 127
2 B 868 891
3 B 277 266
4 A 813 810
0 D 744 791
1 A 440 447
2 C 806 857
3 A 423 416
4 B 875 884
0 A 143 136
1 C 434 461
2 B 368 367
3 B 320 351
4 D 819 716
0 D 466 45
1 C 548 603
2 D 985 550
3 D 941 594
4 C 731 676
0 B 562 557
1 D 256 255
2 D 320 191
3 D 892 643
4 A 656 663
0 D 341 170
1 A 618 621
2 A 456 463
3 C 409 486
4 C 193 190
0 A 768 775
1 C 96 31
2 A 5 2
3 C 306 333
4 A 722 725
0 D 83 428
1 D 733 802
2 D 953 582
3 D 86 425
4 A 140 139
0 A 677 674
1 B 691 684
2 C 539 612
3 D 174 337
4 D 94 417
0 B 388 411
1 C 681 726
2 A 287 280
3 B 540 515
4 D 600 935
0 A 878 873
1 D 938 597
2 A 177 182
3 A 252 251
4 D 42 469
0 B 931 956
1 A 289 294
2 C 145 238
3 D 489 22
4 D 785 750
0 A 219 220
1 A 867 868
2 C 76 51
3 A 815 808
4 A 632 639
0 B 431 432
1 D 924 611
2 D 666 869
3 B 283 260
4 C 28 99
0 D 658 877
1 C 677 730
2 C 508 387
3 C 712 695
4 B 777 790
0 A 110 105
1 A 397 394
2 B 248 231
3 C 876 787
4 C 948 971
0 B 849 846
1 C 410 485
2 A 486 481
3 D 94 417
4 D 183 328
0 A 442 445
1 D 52 459
2 D 732 803
3 C 358 281
4 C 395 500
0 B 930 957
1 C 756 651
2 D 619 916
3 B 206 209
4 C 605 546
0 A 437 434
1 B 987 964
2 C 824 839
3 C 50 77
4 C 721 686
0 D 728 807
1 C 127 0
2 D 293 218
3 D 866 669
4 B 953 934
0 A 886 881
1 D 969 566
2 D 256 255
3 C 675 732
4 C 38 89
0 D 797 738
1 C 733 674
2 A 23 16
3 B 533 522
4 A 8 15
0 C 361 278
1 D 854 681
2 B 33 62
3 B 303 304
4 D 810 725
0 D 851 684
1 D 491 20
2 A 437 434
3 C 382 257
4 A 713 718
0 C 156 227
1 A 935 928
2 D 469 42
3 C 751 656
4 D 644 891
0 D 290 221
1 A 571 572
2 A 860 859
total time of producer and consumer measured by clock(2):
Consumer takes 1340480000 clicks (1340.479980 seconds).
Producer takes 1338440000 clicks (1338.439941 seconds).

total time of producer and consumer measured by time(2):
Consumer takes 1337.000000 seconds.
Producer takes 1349.000000 seconds.
