0 B 384 415
1 C 203 180
2 B 210 205
3 A 940 939
4 B 921 902
0 B 796 771
1 A 347 348
2 C 501 394
3 B 845 850
4 A 183 176
0 C 422 473
1 B 756 747
2 C 526 625
3 C 90 37
4 B 603 580
0 B 845 850
1 C 779 884
2 D 579 956
3 C 115 12
4 C 32 95
0 A 60 59
1 D 335 176
2 B 792 775
3 D 160 351
4 A 344 351
0 C 932 987
1 C 315 324
2 D 927 608
3 B 885 874
4 A 332 331
0 D 996 539
1 C 979 940
2 D 102 409
3 C 415 480
4 B 499 492
0 A 973 970
1 B 267 276
2 C 610 541
3 A 358 353
4 D 402 109
0 A 29 26
1 D 301 210
2 C 716 691
3 D 75 436
4 A 122 125
0 A 123 124
1 B 563 556
2 B 832 863
3 B 444 419
4 C 845 818
0 B 614 633
1 A 973 970
2 D 191 320
3 A 446 441
4 C 152 231
0 A 897 902
1 D 795 740
2 D 244 267
3 A 105 110
4 C 233 150
0 C 871 792
1 C 487 408
2 B 164 187
3 B 812 819
4 D 855 680
0 B 378 357
1 D 730 805
2 C 918 1001
3 A 226 229
4 B 486 505
0 B 784 783
1 D 162 349
2 D 218 293
3 A 283 284
4 D 307 204
0 A 135 128
1 B 341 330
2 B 664 647
3 D 799 736
4 B 839 856
0 B 244 235
1 A 45 42
2 A 855 848
3 D 515 1020
4 B 908 915
0 B 274 269
1 D 829 706
2 D 449 62
3 D 839 696
4 C 883 780
0 A 361 366
1 C 189 194
2 C 595 556
3 A 169 174
4 C 794 869
0 B 282 261
1 C 683 724
2 B 48 47
3 B 257 286
4 D 467 44
0 A 256 263
1 B 92 67
2 B 594 589
3 D 601 934
4 D 614 921
0 D 275 236
1 B 399 400
2 A 437 434
3 D 108 403
4 B 95 64
0 A 719 712
1 B 765 738
2 A 835 836
3 C 903 1016
4 C 309 330
0 D 350 161
1 C 261 378
2 A 213 210
3 A 666 669
4 A 156 155
0 B 760 743
1 D 174 337
2 D 951 584
3 D 128 383
4 B 886 873
0 A 180 179
1 C 607 544
2 C 257 382
3 B 842 853
4 A 591 584
0 B 358 377
1 C 608 543
2 A 12 11
3 B 211 204
4 D 695 840
0 C 727 680
1 D 433 78
2 C 170 213
3 A 996 995
4 B 280 263
0 B 425 438
1 B 201 214
2 A 712 719
3 C 401 494
4 D 915 620
0 B 74 85
1 A 848 855
2 D 816 719
3 B 781 786
4 B 400 399
0 A 135 128
1 C 156 227
2 B 397 402
3 D 613 922
4 D 856 679
0 B 424 439
1 C 350 289
2 B 848 847
3 C 537 614
4 B 433 430
0 D 233 278
1 D 638 897
2 C 949 970
3 D 27 484
4 D 39 472
0 D 125 386
1 A 260 259
2 B 526 529
3 D 618 917
4 D 677 858
0 D 445 66
1 C 315 324
2 D 543 992
3 D 336 175
4 B 93 66
0 B 146 141
1 A 927 920
2 B 887 872
3 A 85 82
4 C 152 231
0 D 707 828
1 A 863 856
2 D 183 328
3 C 914 1005
4 C 508 387
0 A 569 574
1 B 427 436
2 B 254 225
3 B 534 521
4 B 899 924
0 D 435 76
1 B 594 589
2 A 47 40
3 A 749 746
4 D 685 850
0 B 688 687
1 C 492 403
2 D 442 69
3 D 774 761
4 C 389 506
0 A 298 301
1 C 965 954
2 C 416 479
3 B 193 222
4 A 206 201
0 B 963 988
1 B 987 964
2 A 44 43
3 C 526 625
4 A 355 356
0 B 370 365
1 C 938 981
2 A 115 116
3 D 15 496
4 C 330 309
0 B 18 13
1 C 864 799
2 A 497 502
3 C 160 223
4 B 539 516
0 D 80 431
1 D 541 994
2 D 92 419
3 A 467 468
4 C 461 434
0 B 129 158
1 C 282 357
2 A 628 627
3 D 479 32
4 C 748 659
0 B 53 42
1 C 126 1
2 B 721 718
3 B 247 232
4 B 740 763
0 B 114 109
1 C 738 669
2 D 892 643
3 B 596 587
4 A 639 632
0 D 689 846
1 B 452 475
2 A 958 953
3 A 332 331
4 D 468 43
0 A 402 405
1 D 675 860
2 A 278 273
3 D 420 91
4 C 193 190
0 A 363 364
1 D 816 719
2 D 181 330
3 D 237 274
4 C 893 770
0 D 84 427
1 C 32 95
2 C 232 151
3 B 677 698
4 B 245 234
0 C 132 251
1 D 925 610
2 C 224 159
3 A 791 784
4 C 52 75
0 A 433 438
1 B 394 405
2 A 102 97
3 A 284 283
4 B 396 403
0 A 859 860
1 B 715 724
2 D 165 346
3 C 576 575
4 B 18 13
0 C 340 299
1 D 713 822
2 A 707 708
3 D 316 195
4 B 842 853
0 B 165 186
1 A 519 512
2 A 745 750
3 C 846 817
4 C 744 663
0 A 72 79
1 C 580 571
2 D 337 174
3 C 598 553
4 B 177 174
0 D 530 1005
1 B 665 646
2 D 92 419
3 B 221 194
4 B 756 747
0 B 116 107
1 D 775 760
2 C 703 704
3 D 746 789
4 D 303 208
0 A 835 836
1 A 398 393
2 D 915 620
3 A 676 675
4 A 516 515
0 D 649 886
1 A 72 79
2 D 824 711
3 C 587 564
4 A 769 774
0 D 455 56
1 C 462 433
2 C 459 436
3 B 910 913
4 B 512 543
0 B 729 710
1 B 275 268
2 A 913 918
3 A 424 431
4 C 81 46
0 A 118 113
1 D 512 1023
2 D 579 956
3 D 182 329
4 A 947 948
0 D 815 720
1 C 614 537
2 C 120 7
3 D 374 137
4 A 550 545
0 D 370 141
1 D 423 88
2 C 530 621
3 A 994 997
4 A 275 276
0 B 283 260
1 C 638 513
2 D 506 5
3 C 703 704
4 C 42 85
0 D 339 172
1 B 797 770
2 A 587 588
3 D 168 343
4 B 204 211
0 B 106 117
1 D 106 405
2 C 35 92
3 B 571 548
4 B 780 787
0 B 393 406
1 D 139 372
2 D 864 671
3 C 993 926
4 B 932 955
0 B 930 957
1 D 363 148
2 A 546 549
3 C 861 802
4 D 89 422
0 C 302 337
1 B 491 500
2 D 547 988
3 C 13 114
4 D 634 901
0 A 975 968
1 D 411 100
2 B 61 34
3 A 785 790
4 C 72 55
0 B 167 184
1 A 836 835
2 A 638 633
3 D 38 473
4 B 100 123
0 D 438 73
1 D 220 291
2 C 730 677
3 B 826 805
4 A 492 491
0 D 742 793
1 D 978 557
2 B 253 226
3 D 180 331
4 D 219 292
0 D 699 836
1 B 675 700
2 C 970 949
3 B 190 161
4 D 301 210
0 B 9 22
1 C 306 333
2 B 797 770
3 D 116 395
4 A 715 716
0 A 390 385
1 D 60 451
2 D 95 416
3 D 171 340
4 A 529 534
0 B 197 218
1 D 827 708
2 C 963 956
3 B 294 313
4 D 719 816
0 A 352 359
1 B 777 790
2 C 101 26
3 D 413 98
4 D 816 719
0 A 872 879
1 A 372 371
2 A 73 78
3 C 551 600
4 C 209 174
0 D 14 497
1 D 681 854
2 D 402 109
3 A 622 617
4 B 554 565
0 C 787 876
1 A 81 86
2 D 554 981
3 A 22 17
4 D 610 925
0 B 470 457
1 A 61 58
2 B 311 296
3 C 140 243
4 C 200 183
0 C 945 974
1 C 99 28
2 B 234 245
3 B 877 882
4 A 25 30
0 C 96 31
1 C 915 1004
2 B 985 966
3 B 514 541
4 A 616 623
0 A 831 824
1 B 517 538
2 A 751 744
3 C 550 601
4 D 123 388
0 D 499 12
1 B 337 334
2 A 606 601
3 D 730 805
4 C 523 628
0 A 642 645
1 A 704 711
2 D 416 95
3 C 979 940
4 D 485 26
0 D 81 430
1 C 866 797
2 C 891 772
3 C 391 504
4 C 36 91
0 B 296 311
1 D 279 232
2 A 324 323
3 B 795 772
4 C 107 20
0 D 174 337
1 A 489 494
2 A 786 789
3 B 641 670
4 C 844 819
0 C 133 250
1 C 699 708
2 B 677 698
3 B 683 692
4 A 785 790
0 C 353 286
1 D 815 720
2 A 976 983
3 A 300 299
4 D 743 792
0 B 951 936
1 B 911 912
2 A 963 964
3 A 150 145
4 A 5 2
0 C 639 512
1 D 631 904
2 B 599 584
3 B 782 785
4 B 873 886
0 B 566 553
1 D 646 889
2 A 699 700
3 D 310 201
4 B 572 547
0 C 925 994
1 C 452 443
2 B 88 71
3 D 574 961
4 C 564 587
0 C 357 282
1 B 265 278
2 B 317 290
3 A 965 962
4 B 752 751
0 A 865 870
1 C 713 694
2 B 428 435
3 D 759 776
4 A 48 55
0 B 242 237
1 A 464 471
2 D 639 896
3 B 250 229
4 D 944 591
0 C 983 936
1 D 480 31
2 B 158 129
3 C 139 244
4 A 830 825
0 C 596 555
1 A 144 151
2 A 850 853
3 A 777 782
4 D 548 987
0 B 974 977
1 D 197 314
2 B 487 504
3 D 754 781
4 B 526 529
0 D 81 430
1 D 118 393
2 D 626 909
3 A 824 831
4 C 346 293
0 D 935 600
1 C 802 861
2 C 606 545
3 C 711 696
4 C 151 232
0 A 658 661
1 A 494 489
2 D 325 186
3 C 945 974
4 B 529 526
0 A 481 486
1 B 279 264
2 B 948 939
3 B 884 875
4 B 415 384
0 B 753 750
1 D 384 127
2 C 790 873
3 A 421 418
4 A 328 335
0 A 344 351
1 D 292 219
2 C 875 788
3 D 236 275
4 A 519 512
0 C 331 308
1 B 903 920
2 C 925 994
3 B 324 347
4 B 333 338
0 B 225 254
1 C 993 926
2 A 471 464
3 D 91 420
4 D 347 164
0 B 134 153
1 D 956 579
2 D 522 1013
3 D 458 53
4 A 257 262
0 B 981 970
1 B 954 933
2 A 566 561
3 A 182 177
4 A 439 432
0 A 402 405
1 A 605 602
2 D 918 617
3 D 820 715
4 C 763 644
0 D 285 226
1 D 376 135
2 B 38 57
3 D 573 962
4 A 15 8
0 B 800 831
1 C 433 462
2 A 846 841
3 A 195 196
4 B 277 266
0 B 153 134
1 A 686 681
2 C 274 365
3 B 671 640
4 D 238 273
0 A 625 630
1 B 918 905
2 A 259 260
3 A 149 146
4 B 96 127
0 D 553 982
1 D 392 119
2 A 280 287
3 A 788 787
4 C 409 486
0 A 699 700
1 B 394 405
2 C 785 878
3 C 646 761
4 C 136 247
0 D 247 264
1 D 773 762
2 B 613 634
3 B 71 88
4 C 400 495
0 A 196 195
1 B 291 316
2 B 981 970
3 C 323 316
4 C 992 927
0 D 293 218
1 A 202 205
2 C 936 983
3 D 33 478
4 A 441 446
0 D 17 494
1 D 486 25
2 B 564 555
3 A 154 157
4 C 600 551
0 B 967 984
1 C 187 196
2 D 482 29
3 B 355 380
4 A 189 186
0 A 761 766
1 C 486 409
2 C 864 799
3 A 1 6
4 B 445 418
0 A 438 433
1 B 675 700
2 D 816 719
3 A 61 58
4 D 103 408
0 D 621 914
1 B 809 822
2 A 513 518
3 B 216 199
4 D 606 929
0 B 591 592
1 C 477 418
2 C 585 566
3 A 817 822
4 C 579 572
0 B 913 910
1 A 100 99
2 B 661 650
3 B 531 524
4 B 244 235
0 B 983 968
1 A 45 42
2 A 70 65
3 B 348 323
4 D 623 912
0 A 664 671
1 C 685 722
2 D 247 264
3 C 665 742
4 B 944 943
0 D 604 931
1 B 26 5
2 A 530 533
3 C 468 427
4 D 500 11
0 A 809 814
1 C 646 761
2 C 110 17
3 A 14 9
4 C 951 968
0 D 152 359
1 C 213 170
2 D 562 973
3 D 17 494
4 C 454 441
0 B 21 10
1 D 745 790
2 A 795 796
3 A 787 788
4 B 562 557
0 C 865 798
1 C 962 957
2 D 176 335
3 C 986 933
4 A 962 965
0 A 616 623
1 A 389 386
2 A 62 57
3 A 382 377
4 C 799 864
0 C 315 324
1 D 2 509
2 D 492 19
3 B 854 841
4 D 442 69
0 D 377 134
1 D 974 561
2 B 373 362
3 D 959 576
4 B 523 532
0 C 651 756
1 A 805 802
2 A 158 153
3 A 463 456
4 D 803 732
total time of producer and consumer measured by clock(2):
producer takes 913540000 clicks 913.539978 seconds.
consumer takes 913680000 clicks 913.679993 seconds.
total time of producer and consumer measured by time(2):
producer takes 914.000000 seconds.
consumer takes 914.000000 seconds.
real	30m27.715s
user	21m3.906s
sys	9m23.542s
