0 A 291 292
1 A 579 580
2 A 347 348
3 A 666 669
4 A 925 922
0 A 287 280
1 A 2 5
2 A 500 499
3 A 253 250
4 A 988 987
0 A 124 123
1 A 504 511
2 A 322 325
3 A 950 945
4 A 548 547
0 A 624 631
1 A 313 318
2 A 675 676
3 A 709 706
4 A 235 236
0 A 939 940
1 A 657 662
2 A 962 965
3 A 129 134
4 A 589 586
0 A 695 688
1 A 559 552
2 A 944 951
3 A 312 319
4 A 76 75
0 A 49 54
1 A 638 633
2 A 585 590
3 A 464 471
4 A 247 240
0 A 483 484
1 A 708 707
2 A 207 200
3 A 244 243
4 A 379 380
0 A 139 140
1 A 125 122
2 A 318 313
3 A 360 367
4 A 389 386
0 A 604 603
1 A 787 788
2 A 1000 1007
3 A 201 206
4 A 596 595
0 A 840 847
1 A 700 699
2 A 681 686
3 A 221 218
4 A 507 508
0 A 724 723
1 A 94 89
2 A 557 554
3 A 125 122
4 A 150 145
0 A 233 238
1 A 0 7
2 A 186 189
3 A 626 629
4 A 250 253
0 A 610 613
1 A 485 482
2 A 447 440
3 A 672 679
4 A 475 476
0 A 639 632
1 A 735 728
2 A 5 2
3 A 916 915
4 A 492 491
0 A 971 972
1 A 158 153
2 A 942 937
3 A 451 452
4 A 609 614
0 A 675 676
1 A 435 436
2 A 912 919
3 A 57 62
4 A 484 483
0 A 602 605
1 A 808 815
2 A 262 257
3 A 17 22
4 A 174 169
0 A 513 518
1 A 749 746
2 A 860 859
3 A 12 11
4 A 956 955
0 A 920 927
1 A 685 682
2 A 968 975
3 A 361 366
4 A 773 770
0 A 301 298
1 A 300 299
2 A 800 807
3 A 908 907
4 A 591 584
0 A 564 563
1 A 532 531
2 A 183 176
3 A 626 629
4 A 10 13
0 A 636 635
1 A 680 687
2 A 988 987
3 A 323 324
4 A 640 647
0 A 455 448
1 A 111 104
2 A 847 840
3 A 881 886
4 A 293 290
0 A 798 793
1 A 681 686
2 A 659 660
3 A 92 91
4 A 771 772
0 A 632 639
1 A 376 383
2 A 954 957
3 A 913 918
4 A 902 897
0 A 29 26
1 A 357 354
2 A 671 664
3 A 696 703
4 A 83 84
0 A 417 422
1 A 964 963
2 A 226 229
3 A 762 765
4 A 661 658
0 A 957 954
1 A 857 862
2 A 641 646
3 A 687 680
4 A 138 141
0 A 368 375
1 A 718 713
2 A 482 485
3 A 485 482
4 A 684 683
0 A 192 199
1 A 411 412
2 A 880 887
3 A 872 879
4 A 804 803
0 A 468 467
1 A 724 723
2 A 111 104
3 A 61 58
4 A 47 40
0 A 149 146
1 A 182 177
2 A 442 445
3 A 463 456
4 A 768 775
0 A 938 941
1 A 897 902
2 A 116 115
3 A 378 381
4 A 384 391
0 A 459 460
1 A 332 331
2 A 315 316
3 A 649 654
4 A 475 476
0 A 191 184
1 A 700 699
2 A 518 513
3 A 298 301
4 A 630 625
0 A 85 82
1 A 327 320
2 A 896 903
3 A 928 935
4 A 44 43
0 A 907 908
1 A 588 587
2 A 184 191
3 A 585 590
4 A 950 945
0 A 756 755
1 A 168 175
2 A 158 153
3 A 754 757
4 A 823 816
0 A 913 918
1 A 662 657
2 A 800 807
3 A 354 357
4 A 125 122
0 A 907 908
1 A 967 960
2 A 417 422
3 A 328 335
4 A 347 348
0 A 961 966
1 A 226 229
2 A 678 673
3 A 366 361
4 A 619 620
0 A 834 837
1 A 908 907
2 A 698 701
3 A 581 578
4 A 807 800
0 A 533 530
1 A 206 201
2 A 62 57
3 A 3 4
4 A 525 522
0 A 676 675
1 A 419 420
2 A 506 509
3 A 126 121
4 A 517 514
0 A 64 71
1 A 98 101
2 A 353 358
3 A 396 395
4 A 520 527
0 A 297 302
1 A 988 987
2 A 626 629
3 A 115 116
4 A 198 193
0 A 961 966
1 A 529 534
2 A 327 320
3 A 472 479
4 A 629 626
0 A 274 277
1 A 619 620
2 A 750 745
3 A 29 26
4 A 226 229
0 A 252 251
1 A 395 396
2 A 540 539
3 A 959 952
4 A 38 33
0 A 715 716
1 A 951 944
2 A 298 301
3 A 732 731
4 A 875 876
0 A 685 682
1 A 718 713
2 A 41 46
3 A 844 843
4 A 981 978
0 A 98 101
1 A 326 321
2 A 423 416
3 A 89 94
4 A 205 202
0 A 170 173
1 A 847 840
2 A 533 530
3 A 996 995
4 A 114 117
0 A 990 985
1 A 127 120
2 A 539 540
3 A 403 404
4 A 178 181
0 A 18 21
1 A 522 525
2 A 108 107
3 A 176 183
4 A 4 3
0 A 687 680
1 A 568 575
2 A 26 29
3 A 336 343
4 A 907 908
0 A 606 601
1 A 440 447
2 A 958 953
3 A 495 488
4 A 18 21
0 A 560 567
1 A 355 356
2 A 24 31
3 A 238 233
4 A 840 847
0 A 862 857
1 A 169 174
2 A 55 48
3 A 770 773
4 A 213 210
0 A 725 722
1 A 12 11
2 A 331 332
3 A 878 873
4 A 279 272
0 A 587 588
1 A 603 604
2 A 437 434
3 A 813 810
4 A 661 658
0 A 444 443
1 A 199 192
2 A 973 970
3 A 379 380
4 A 374 369
0 A 656 663
1 A 686 681
2 A 428 427
3 A 594 597
4 A 327 320
0 A 275 276
1 A 933 930
2 A 140 139
3 A 469 466
4 A 328 335
0 A 644 643
1 A 732 731
2 A 838 833
3 A 489 494
4 A 184 191
0 A 552 559
1 A 539 540
2 A 634 637
3 A 341 338
4 A 849 854
0 A 941 938
1 A 642 645
2 A 409 414
3 A 997 994
4 A 698 701
0 A 524 523
1 A 538 541
2 A 998 993
3 A 971 972
4 A 961 966
0 A 97 102
1 A 740 739
2 A 535 528
3 A 684 683
4 A 335 328
0 A 546 549
1 A 2 5
2 A 703 696
3 A 296 303
4 A 223 216
0 A 230 225
1 A 230 225
2 A 611 612
3 A 760 767
4 A 711 704
0 A 497 502
1 A 212 211
2 A 712 719
3 A 596 595
4 A 924 923
0 A 241 246
1 A 355 356
2 A 467 468
3 A 154 157
4 A 556 555
0 A 302 297
1 A 962 965
2 A 507 508
3 A 520 527
4 A 738 741
0 A 23 16
1 A 106 109
2 A 130 133
3 A 315 316
4 A 979 980
0 A 492 491
1 A 631 624
2 A 827 828
3 A 429 426
4 A 474 477
0 A 742 737
1 A 577 582
2 A 520 527
3 A 421 418
4 A 556 555
0 A 435 436
1 A 533 530
2 A 927 920
3 A 314 317
4 A 365 362
0 A 329 334
1 A 629 626
2 A 274 277
3 A 48 55
4 A 552 559
0 A 394 397
1 A 215 208
2 A 865 870
3 A 728 735
4 A 986 989
0 A 419 420
1 A 459 460
2 A 337 342
3 A 143 136
4 A 188 187
0 A 682 685
1 A 59 60
2 A 222 217
3 A 772 771
4 A 567 560
0 A 842 845
1 A 776 783
2 A 960 967
3 A 609 614
4 A 347 348
0 A 813 810
1 A 930 933
2 A 602 605
3 A 755 756
4 A 750 745
0 A 318 313
1 A 326 321
2 A 864 871
3 A 859 860
4 A 997 994
0 A 500 499
1 A 850 853
2 A 403 404
3 A 231 224
4 A 820 819
0 A 106 109
1 A 561 566
2 A 616 623
3 A 926 921
4 A 133 130
0 A 787 788
1 A 617 622
2 A 616 623
3 A 834 837
4 A 264 271
0 A 732 731
1 A 785 790
2 A 884 883
3 A 404 403
4 A 273 278
0 A 898 901
1 A 112 119
2 A 305 310
3 A 205 202
4 A 15 8
0 A 741 738
1 A 504 511
2 A 233 238
3 A 25 30
4 A 255 248
0 A 497 502
1 A 630 625
2 A 230 225
3 A 211 212
4 A 365 362
0 A 268 267
1 A 30 25
2 A 906 909
3 A 871 864
4 A 31 24
0 A 147 148
1 A 366 361
2 A 723 724
3 A 252 251
4 A 477 474
0 A 753 758
1 A 102 97
2 A 425 430
3 A 868 867
4 A 507 508
0 A 551 544
1 A 67 68
2 A 368 375
3 A 498 501
4 A 676 675
0 A 431 424
1 A 597 594
2 A 355 356
3 A 129 134
4 A 801 806
0 A 579 580
1 A 496 503
2 A 828 827
3 A 113 118
4 A 56 63
0 A 368 375
1 A 786 789
2 A 922 925
3 A 454 449
4 A 979 980
0 A 745 750
1 A 414 409
2 A 224 231
3 A 886 881
4 A 873 878
0 A 179 180
1 A 293 290
2 A 714 717
3 A 230 225
4 A 169 174
0 A 606 601
1 A 942 937
2 A 552 559
3 A 878 873
4 A 168 175
0 A 659 660
1 A 257 262
2 A 382 377
3 A 806 801
4 A 661 658
0 A 378 381
1 A 45 42
2 A 257 262
3 A 404 403
4 A 722 725
0 A 407 400
1 A 142 137
2 A 323 324
3 A 848 855
4 A 989 986
0 A 484 483
1 A 635 636
2 A 357 354
3 A 467 468
4 A 488 495
0 A 529 534
1 A 664 671
2 A 24 31
3 A 45 42
4 A 211 212
0 A 463 456
1 A 630 625
2 A 612 611
3 A 999 992
4 A 249 254
0 A 165 162
1 A 467 468
2 A 971 972
3 A 634 637
4 A 671 664
0 A 996 995
1 A 122 125
2 A 205 202
3 A 949 946
4 A 907 908
0 A 446 441
1 A 249 254
2 A 905 910
3 A 611 612
4 A 356 355
0 A 998 993
1 A 463 456
2 A 365 362
3 A 416 423
4 A 941 938
0 A 507 508
1 A 130 133
2 A 688 695
3 A 74 77
4 A 768 775
0 A 904 911
1 A 454 449
2 A 775 768
3 A 987 988
4 A 980 979
0 A 306 309
1 A 273 278
2 A 642 645
3 A 335 328
4 A 306 309
0 A 810 813
1 A 380 379
2 A 809 814
3 A 303 296
4 A 605 602
0 A 481 486
1 A 194 197
2 A 531 532
3 A 181 178
4 A 864 871
0 A 118 113
1 A 332 331
2 A 571 572
3 A 107 108
4 A 392 399
0 A 418 421
1 A 719 712
2 A 281 286
3 A 134 129
4 A 954 957
0 A 351 344
1 A 36 35
2 A 928 935
3 A 281 286
4 A 712 719
0 A 840 847
1 A 491 492
2 A 10 13
3 A 205 202
4 A 769 774
0 A 359 352
1 A 398 393
2 A 831 824
3 A 185 190
4 A 158 153
0 A 708 707
1 A 867 868
2 A 460 459
3 A 426 429
4 A 929 934
0 A 214 209
1 A 119 112
2 A 880 887
3 A 957 954
4 A 528 535
0 A 566 561
1 A 600 607
2 A 936 943
3 A 525 522
4 A 728 735
0 A 798 793
1 A 289 294
2 A 127 120
3 A 637 634
4 A 21 18
0 A 701 698
1 A 11 12
2 A 21 18
3 A 202 205
4 A 879 872
0 A 705 710
1 A 198 193
2 A 140 139
3 A 652 651
4 A 974 969
0 A 28 27
1 A 628 627
2 A 369 374
3 A 790 785
4 A 519 512
0 A 437 434
1 A 671 664
2 A 493 490
3 A 132 131
4 A 169 174
0 A 508 507
1 A 224 231
2 A 809 814
3 A 147 148
4 A 339 340
0 A 150 145
1 A 92 91
2 A 457 462
3 A 311 304
4 A 282 285
0 A 919 912
1 A 942 937
2 A 636 635
3 A 607 600
4 A 75 76
0 A 705 710
1 A 348 347
2 A 294 289
3 A 593 598
4 A 72 79
0 A 509 506
1 A 760 767
2 A 566 561
3 A 738 741
4 A 155 156
0 A 749 746
1 A 596 595
2 A 158 153
3 A 611 612
4 A 445 442
0 A 822 817
1 A 138 141
2 A 22 17
3 A 146 149
4 A 599 592
0 A 408 415
1 A 557 554
2 A 352 359
3 A 891 892
4 A 872 879
0 A 400 407
1 A 551 544
2 A 170 173
3 A 203 204
4 A 177 182
0 A 353 358
1 A 369 374
2 A 257 262
3 A 104 111
4 A 172 171
0 A 874 877
1 A 716 715
2 A 204 203
3 A 889 894
4 A 429 426
0 A 974 969
1 A 931 932
2 A 497 502
3 A 438 433
4 A 789 786
0 A 633 638
1 A 35 36
2 A 191 184
3 A 468 467
4 A 828 827
0 A 807 800
1 A 535 528
2 A 730 733
3 A 778 781
4 A 685 682
0 A 454 449
1 A 192 199
2 A 372 371
3 A 935 928
4 A 405 402
0 A 450 453
1 A 794 797
2 A 726 721
3 A 995 996
4 A 887 880
0 A 828 827
1 A 943 936
2 A 178 181
3 A 343 336
4 A 159 152
0 A 109 106
1 A 923 924
2 A 797 794
3 A 433 438
4 A 11 12
0 A 354 357
1 A 963 964
2 A 980 979
3 A 116 115
4 A 918 913
0 A 223 216
1 A 210 213
2 A 283 284
3 A 387 388
4 A 467 468
0 A 256 263
1 A 790 785
2 A 337 342
3 A 556 555
4 A 490 493
0 A 0 7
1 A 102 97
2 A 867 868
3 A 381 378
4 A 203 204
0 A 891 892
1 A 228 227
2 A 858 861
3 A 336 343
4 A 945 950
0 A 370 373
1 A 407 400
2 A 799 792
3 A 642 645
4 A 946 949
0 A 743 736
1 A 819 820
2 A 234 237
3 A 719 712
4 A 497 502
0 A 45 42
1 A 787 788
2 A 940 939
3 A 900 899
4 A 495 488
0 A 194 197
1 A 593 598
2 A 987 988
3 A 48 55
4 A 195 196
0 A 315 316
1 A 492 491
2 A 133 130
3 A 922 925
4 A 558 553
0 A 416 423
1 A 790 785
2 A 378 381
3 A 251 252
4 A 120 127
0 A 969 974
1 A 204 203
2 A 585 590
3 A 489 494
4 A 367 360
0 A 876 875
1 A 199 192
2 A 925 922
3 A 125 122
4 A 549 546
0 A 364 363
1 A 335 328
2 A 531 532
3 A 586 589
4 A 597 594
0 A 876 875
1 A 213 210
2 A 422 417
3 A 111 104
4 A 61 58
0 A 766 761
1 A 417 422
2 A 636 635
3 A 731 732
4 A 415 408
0 A 163 164
1 A 154 157
2 A 844 843
3 A 842 845
4 A 198 193
0 A 187 188
1 A 364 363
2 A 793 798
3 A 340 339
4 A 490 493
0 A 639 632
1 A 879 872
2 A 232 239
3 A 282 285
4 A 389 386
0 A 871 864
1 A 657 662
2 A 358 353
3 A 269 266
4 A 225 230
0 A 698 701
1 A 981 978
2 A 641 646
3 A 741 738
4 A 940 939
0 A 591 584
1 A 68 67
2 A 248 255
3 A 214 209
4 A 459 460
0 A 620 619
1 A 296 303
2 A 280 287
3 A 993 998
4 A 509 506
0 A 21 18
1 A 587 588
2 A 609 614
3 A 967 960
4 A 527 520
0 A 146 149
1 A 483 484
2 A 879 872
3 A 402 405
4 A 736 743
0 A 26 29
1 A 426 429
2 A 9 14
3 A 165 162
4 A 400 407
0 A 630 625
1 A 924 923
2 A 350 345
3 A 489 494
4 A 815 808
0 A 468 467
1 A 107 108
2 A 991 984
3 A 325 322
4 A 829 826
0 A 860 859
1 A 524 523
2 A 52 51
3 A 674 677
4 A 758 753
0 A 846 841
1 A 738 741
2 A 957 954
3 A 446 441
4 A 503 496
0 A 425 430
1 A 662 657
2 A 785 790
3 A 428 427
4 A 91 92
0 A 807 800
1 A 449 454
2 A 95 88
3 A 1000 1007
4 A 442 445
0 A 787 788
1 B 4 27
2 B 301 306
3 B 340 331
4 B 780 787
0 B 592 591
1 B 930 957
2 B 654 657
3 B 650 661
4 B 193 222
0 B 482 509
1 B 706 733
2 B 961 990
3 B 663 648
4 B 303 304
0 B 815 816
1 B 440 423
2 B 990 961
3 B 604 579
4 B 819 812
0 B 136 151
1 B 638 609
2 B 763 740
3 B 610 637
4 B 967 984
0 B 11 20
1 B 156 131
2 B 821 810
3 B 735 704
4 B 114 109
0 B 519 536
1 B 824 807
2 B 671 640
3 B 127 96
4 B 357 378
0 B 688 687
1 B 510 481
2 B 382 353
3 B 277 266
4 B 748 755
0 B 131 156
1 B 178 173
2 B 978 973
3 B 557 562
4 B 267 276
0 B 669 642
1 B 270 273
2 B 817 814
3 B 581 602
4 B 386 413
0 B 914 909
1 B 200 215
2 B 663 648
3 B 267 276
4 B 917 906
0 B 917 906
1 B 680 695
2 B 845 850
3 B 304 303
4 B 686 689
0 B 402 397
1 B 709 730
2 B 230 249
3 B 422 441
4 B 925 898
0 B 966 985
1 B 300 307
2 B 128 159
3 B 528 527
4 B 211 204
0 B 833 862
1 B 952 935
2 B 872 887
3 B 653 658
4 B 978 973
0 B 142 145
1 B 529 526
2 B 672 703
3 B 340 331
4 B 86 73
0 B 947 940
1 B 166 185
2 B 564 555
3 B 985 966
4 B 785 782
0 B 841 854
1 B 753 750
2 B 622 625
3 B 477 450
4 B 600 583
0 B 564 555
1 B 750 753
2 B 953 934
3 B 449 478
4 B 353 382
0 B 64 95
1 B 72 87
2 B 338 333
3 B 267 276
4 B 183 168
0 B 322 349
1 B 153 134
2 B 827 804
3 B 390 409
4 B 653 658
0 B 721 718
1 B 136 151
2 B 87 72
3 B 269 274
4 B 307 300
0 B 816 815
1 B 870 889
2 B 102 121
3 B 678 697
4 B 908 915
0 B 284 259
1 B 907 916
2 B 429 434
3 B 41 54
4 B 651 660
0 B 953 934
1 B 258 285
2 B 322 349
3 B 353 382
4 B 163 188
0 B 933 954
1 B 65 94
2 B 612 635
3 B 182 169
4 B 16 15
0 B 696 679
1 B 801 830
2 B 874 885
3 B 45 50
4 B 588 595
0 B 325 346
1 B 296 311
2 B 567 552
3 B 608 639
4 B 451 476
0 B 367 368
1 B 96 127
2 B 319 288
3 B 626 621
4 B 879 880
0 B 950 937
1 B 831 800
2 B 64 95
3 B 279 264
4 B 385 414
0 B 234 245
1 B 654 657
2 B 661 650
3 B 894 865
4 B 972 979
0 B 630 617
1 B 27 4
2 B 166 185
3 B 283 260
4 B 212 203
0 B 816 815
1 B 345 326
2 B 577 606
3 B 712 727
4 B 21 10
0 B 686 689
1 B 666 645
2 B 226 253
3 B 303 304
4 B 847 848
0 B 660 651
1 B 513 542
2 B 0 31
3 B 449 478
4 B 663 648
0 B 214 201
1 B 774 793
2 B 840 855
3 B 222 193
4 B 478 449
0 B 192 223
1 B 635 612
2 B 971 980
3 B 265 278
4 B 813 818
0 B 10 21
1 B 375 360
2 B 426 437
3 B 249 230
4 B 633 614
0 B 690 685
1 B 418 445
2 B 737 766
3 B 844 851
4 B 973 978
0 B 720 719
1 B 667 644
2 B 562 557
3 B 870 889
4 B 706 733
0 B 13 18
1 B 538 517
2 B 450 477
3 B 999 1016
4 B 235 244
0 B 424 439
1 B 681 694
2 B 357 378
3 B 56 39
4 B 894 865
0 B 88 71
1 B 943 944
2 B 759 744
3 B 250 229
4 B 170 181
0 B 278 265
1 B 238 241
2 B 628 619
3 B 701 674
4 B 37 58
0 B 846 849
1 B 581 602
2 B 33 62
3 B 593 590
4 B 548 571
0 B 470 457
1 B 795 772
2 B 425 438
3 B 728 711
4 B 507 484
0 B 777 790
1 B 520 535
2 B 658 653
3 B 558 561
4 B 611 636
0 B 214 201
1 B 931 956
2 B 168 183
3 B 827 804
4 B 691 684
0 B 781 786
1 B 905 918
2 B 260 283
3 B 780 787
4 B 90 69
0 B 506 485
1 B 663 648
2 B 142 145
3 B 946 941
4 B 872 887
0 B 282 261
1 B 568 551
2 B 757 746
3 B 751 752
4 B 878 881
0 B 944 943
1 B 123 100
2 B 146 141
3 B 495 496
4 B 137 150
0 B 694 681
1 B 213 202
2 B 704 735
3 B 312 295
4 B 562 557
0 B 868 891
1 B 939 948
2 B 119 104
3 B 87 72
4 B 944 943
0 B 172 179
1 B 818 813
2 B 346 325
3 B 831 800
4 B 931 956
0 B 232 247
1 B 753 750
2 B 902 921
3 B 256 287
4 B 63 32
0 B 906 917
1 B 230 249
2 B 212 203
3 B 26 5
4 B 551 568
0 B 332 339
1 B 837 858
2 B 858 837
3 B 782 785
4 B 275 268
0 B 408 391
1 B 906 917
2 B 504 487
3 B 180 171
4 B 712 727
0 B 497 494
1 B 478 449
2 B 576 607
3 B 293 314
4 B 21 10
0 B 761 742
1 B 596 587
2 B 326 345
3 B 826 805
4 B 433 430
0 B 133 154
1 B 391 408
2 B 325 346
3 B 812 819
4 B 160 191
0 B 156 131
1 B 416 447
2 B 45 50
3 B 847 848
4 B 628 619
0 B 238 241
1 B 373 362
2 B 376 359
3 B 71 88
4 B 812 819
0 B 110 113
1 B 539 516
2 B 828 803
3 B 956 931
4 B 576 607
0 B 540 515
1 B 274 269
2 B 612 635
3 B 174 177
4 B 149 138
0 B 11 20
1 B 626 621
2 B 266 277
3 B 333 338
4 B 607 576
0 B 180 171
1 B 346 325
2 B 525 530
3 B 538 517
4 B 209 206
0 B 567 552
1 B 922 901
2 B 221 194
3 B 609 638
4 B 488 503
0 B 634 613
1 B 143 144
2 B 818 813
3 B 269 274
4 B 549 570
0 B 690 685
1 B 980 971
2 B 608 639
3 B 908 915
4 B 779 788
0 B 128 159
1 B 543 512
2 B 222 193
3 B 931 956
4 B 79 80
0 B 406 393
1 B 496 495
2 B 903 920
3 B 305 302
4 B 504 487
0 B 394 405
1 B 169 182
2 B 468 459
3 B 590 593
4 B 26 5
0 B 63 32
1 B 781 786
2 B 320 351
3 B 540 515
4 B 60 35
0 B 368 367
1 B 535 520
2 B 867 892
3 B 138 149
4 B 302 305
0 B 907 916
1 B 139 148
2 B 603 580
3 B 652 659
4 B 281 262
0 B 940 947
1 B 743 760
2 B 978 973
3 B 339 332
4 B 378 357
0 B 11 20
1 B 324 347
2 B 994 1021
3 B 474 453
4 B 279 264
0 B 291 316
1 B 336 335
2 B 566 553
3 B 591 592
4 B 434 429
0 B 370 365
1 B 380 355
2 B 421 442
3 B 386 413
4 B 76 83
0 B 868 891
1 B 679 696
2 B 771 796
3 B 803 828
4 B 649 662
0 B 853 842
1 B 573 546
2 B 185 166
3 B 472 455
4 B 56 39
0 B 682 693
1 B 672 703
2 B 905 918
3 B 363 372
4 B 431 432
0 B 712 727
1 B 326 345
2 B 717 722
3 B 837 858
4 B 102 121
0 B 362 373
1 B 175 176
2 B 57 38
3 B 100 123
4 B 540 515
0 B 773 794
1 B 966 985
2 B 540 515
3 B 786 781
4 B 808 823
0 B 619 628
1 B 722 717
2 B 253 226
3 B 564 555
4 B 210 205
0 B 288 319
1 B 940 947
2 B 191 160
3 B 382 353
4 B 383 352
0 B 200 215
1 B 891 868
2 B 49 46
3 B 658 653
4 B 885 874
0 B 518 537
1 B 377 358
2 B 870 889
3 B 87 72
4 B 807 824
0 B 847 848
1 B 169 182
2 B 35 60
3 B 335 336
4 B 164 187
0 B 749 754
1 B 752 751
2 B 945 942
3 B 463 464
4 B 360 375
0 B 573 546
1 B 271 272
2 B 778 789
3 B 357 378
4 B 212 203
0 B 353 382
1 B 207 208
2 B 631 616
3 B 626 621
4 B 482 509
0 B 329 342
1 B 875 884
2 B 822 809
3 B 27 4
4 B 232 247
0 B 179 172
1 B 891 868
2 B 580 603
3 B 888 871
4 B 3 28
0 B 63 32
1 B 103 120
2 B 236 243
3 B 644 667
4 B 421 442
0 B 917 906
1 B 702 673
2 B 179 172
3 B 922 901
4 B 935 952
0 B 431 432
1 B 101 122
2 B 292 315
3 B 420 443
4 B 74 85
0 B 257 286
1 B 955 932
2 B 423 440
3 B 672 703
4 B 671 640
0 B 648 663
1 B 229 250
2 B 778 789
3 B 971 980
4 B 742 761
0 B 537 518
1 B 137 150
2 B 335 336
3 B 514 541
4 B 61 34
0 B 418 445
1 B 548 571
2 B 510 481
3 B 869 890
4 B 884 875
0 B 521 534
1 B 602 581
2 B 202 213
3 B 259 284
4 B 847 848
0 B 435 428
1 B 270 273
2 B 105 118
3 B 28 3
4 B 706 733
0 B 265 278
1 B 939 948
2 B 538 517
3 B 217 198
4 B 922 901
0 B 35 60
1 B 449 478
2 B 383 352
3 B 296 311
4 B 968 983
0 B 38 57
1 B 363 372
2 B 983 968
3 B 909 914
4 B 612 635
0 B 227 252
1 B 134 153
2 B 252 227
3 B 40 55
4 B 628 619
0 B 212 203
1 B 620 627
2 B 667 644
3 B 769 798
4 B 35 60
0 B 918 905
1 B 126 97
2 B 720 719
3 B 666 645
4 B 761 742
0 B 691 684
1 B 878 881
2 B 138 149
3 B 854 841
4 B 140 147
0 B 295 312
1 B 619 628
2 B 733 706
3 B 367 368
4 B 0 31
0 B 350 321
1 B 514 541
2 B 851 844
3 B 478 449
4 B 500 491
0 B 814 817
1 B 821 810
2 B 815 816
3 B 202 213
4 B 245 234
0 B 651 660
1 B 863 832
2 B 117 106
3 B 863 832
4 B 998 1017
0 B 676 699
1 B 697 678
2 B 636 611
3 B 54 41
4 B 45 50
0 B 30 1
1 B 53 42
2 B 73 86
3 B 540 515
4 B 361 374
0 B 273 270
1 B 658 653
2 B 973 978
3 B 81 78
4 B 283 260
0 B 214 201
1 B 817 814
2 B 294 313
3 B 296 311
4 B 101 122
0 B 627 620
1 B 522 533
2 B 431 432
3 B 793 774
4 B 615 632
0 B 993 1022
1 B 474 453
2 B 173 178
3 B 407 392
4 B 971 980
0 B 345 326
1 B 848 847
2 B 413 386
3 B 114 109
4 B 817 814
0 B 327 344
1 B 155 132
2 B 867 892
3 B 69 90
4 B 273 270
0 B 448 479
1 B 842 853
2 B 591 592
3 B 786 781
4 B 553 566
0 B 98 125
1 B 642 669
2 B 209 206
3 B 64 95
4 B 50 45
0 B 619 628
1 B 870 889
2 B 998 1017
3 B 956 931
4 B 50 45
0 B 718 721
1 B 370 365
2 B 594 589
3 B 586 597
4 B 23 8
0 B 276 267
1 B 898 925
2 B 287 256
3 B 348 323
4 B 463 464
0 B 46 49
1 B 195 220
2 B 393 406
3 B 318 289
4 B 795 772
0 B 92 67
1 B 576 607
2 B 489 502
3 B 167 184
4 B 112 111
0 B 969 982
1 B 414 385
2 B 780 787
3 B 537 518
4 B 894 865
0 B 878 881
1 B 211 204
2 B 6 25
3 B 116 107
4 B 892 867
0 B 622 625
1 B 425 438
2 B 959 928
3 B 999 1016
4 B 728 711
0 B 660 651
1 B 351 320
2 B 40 55
3 B 699 676
4 B 304 303
0 B 309 298
1 B 337 334
2 B 690 685
3 B 978 973
4 B 545 574
0 B 426 437
1 B 72 87
2 B 348 323
3 B 67 92
4 B 879 880
0 B 992 1023
1 B 199 216
2 B 962 989
3 B 477 450
4 B 274 269
0 B 550 569
1 B 911 912
2 B 593 590
3 B 643 668
4 B 494 497
0 B 73 86
1 B 834 861
2 B 915 908
3 B 447 416
4 B 981 970
0 B 398 401
1 B 164 187
2 B 998 1017
3 B 115 108
4 B 775 792
0 B 485 506
1 B 914 909
2 B 768 799
3 B 650 661
4 B 218 197
0 B 574 545
1 B 77 82
2 B 63 32
3 B 739 764
4 B 321 350
0 B 149 138
1 B 881 878
2 B 789 778
3 B 551 568
4 B 408 391
0 B 739 764
1 B 610 637
2 B 885 874
3 B 887 872
4 B 795 772
0 B 987 964
1 B 103 120
2 B 541 514
3 B 449 478
4 B 385 414
0 B 579 604
1 B 440 423
2 B 783 784
3 B 31 0
4 B 541 514
0 B 589 594
1 B 517 538
2 B 439 424
3 B 108 115
4 B 996 1019
0 B 514 541
1 B 650 661
2 B 135 152
3 B 164 187
4 B 716 723
0 B 783 784
1 B 274 269
2 B 872 887
3 B 799 768
4 B 739 764
0 B 350 321
1 B 143 144
2 B 619 628
3 B 727 712
4 B 806 825
0 B 826 805
1 B 769 798
2 B 482 509
3 B 853 842
4 B 172 179
0 B 384 415
1 B 717 722
2 B 160 191
3 B 807 824
4 B 376 359
0 B 988 963
1 B 82 77
2 B 5 26
3 B 157 130
4 B 211 204
0 B 75 84
1 B 369 366
2 B 861 834
3 B 498 493
4 B 89 70
0 B 787 780
1 B 615 632
2 B 407 392
3 B 223 192
4 B 257 286
0 B 225 254
1 B 243 236
2 B 539 516
3 B 389 410
4 B 878 881
0 B 933 954
1 B 123 100
2 B 51 44
3 B 320 351
4 B 905 918
0 B 376 359
1 B 209 206
2 B 323 348
3 B 988 963
4 B 561 558
0 B 963 988
1 B 168 183
2 B 883 876
3 B 246 233
4 B 847 848
0 B 305 302
1 B 267 276
2 B 130 157
3 B 411 388
4 B 230 249
0 B 299 308
1 B 94 65
2 B 619 628
3 B 206 209
4 B 29 2
0 B 266 277
1 B 634 613
2 B 668 643
3 B 449 478
4 B 773 794
0 B 854 841
1 B 59 36
2 B 674 701
3 B 944 943
4 B 462 465
0 B 586 597
1 B 917 906
2 B 289 318
3 B 597 586
4 B 3 28
0 B 947 940
1 B 484 507
2 B 348 323
3 B 336 335
4 B 817 814
0 B 620 627
1 B 425 438
2 B 435 428
3 B 798 769
4 B 355 380
0 B 748 755
1 B 505 486
2 B 291 316
3 B 173 178
4 B 756 747
0 B 917 906
1 B 497 494
2 B 777 790
3 B 945 942
4 B 226 253
0 B 791 776
1 B 789 778
2 B 584 599
3 B 830 801
4 B 119 104
0 B 850 845
1 B 760 743
2 B 664 647
3 B 760 743
4 B 534 521
0 B 627 620
1 B 508 483
2 B 196 219
3 B 197 218
4 B 255 224
0 B 220 195
1 B 544 575
2 B 533 522
3 B 815 816
4 B 852 843
0 B 952 935
1 B 265 278
2 B 990 961
3 B 565 554
4 B 704 735
0 B 184 167
1 B 75 84
2 B 272 271
3 B 275 268
4 B 71 88
0 B 705 734
1 B 682 693
2 B 411 388
3 B 498 493
4 B 812 819
0 B 118 105
1 B 873 886
2 B 991 960
3 B 371 364
4 B 96 127
0 B 757 746
1 B 634 613
2 B 897 926
3 B 768 799
4 B 489 502
0 B 645 666
1 B 76 83
2 B 283 260
3 C 303 336
4 C 201 182
0 C 598 553
1 C 721 686
2 C 846 817
3 C 292 347
4 C 128 255
0 C 5 122
1 C 34 93
2 C 462 433
3 C 80 47
4 C 317 322
0 C 708 699
1 C 88 39
2 C 91 36
3 C 287 352
4 C 497 398
0 C 223 160
1 C 982 937
2 C 498 397
3 C 779 884
4 C 105 22
0 C 722 685
1 C 64 63
2 C 723 684
3 C 768 895
4 C 407 488
0 C 898 1021
1 C 172 211
2 C 960 959
3 C 969 950
4 C 122 5
0 C 39 88
1 C 156 227
2 C 809 854
3 C 289 350
4 C 104 23
0 C 331 308
1 C 576 575
2 C 760 647
3 C 889 774
4 C 214 169
0 C 728 679
1 C 503 392
2 C 552 599
3 C 145 238
4 C 276 363
0 C 201 182
1 C 75 52
2 C 434 461
3 C 742 665
4 C 142 241
0 C 462 433
1 C 798 865
2 C 36 91
3 C 1000 919
4 C 676 731
0 C 238 145
1 C 981 938
2 C 7 120
3 C 871 792
4 C 528 623
0 C 222 161
1 C 186 197
2 C 139 244
3 C 880 783
4 C 960 959
0 C 545 606
1 C 248 135
2 C 117 10
3 C 332 307
4 C 987 932
0 C 783 880
1 C 68 59
2 C 852 811
3 C 236 147
4 C 324 315
0 C 678 729
1 C 112 15
2 C 125 2
3 C 740 667
4 C 203 180
0 C 729 678
1 C 685 722
2 C 662 745
3 C 343 296
4 C 702 705
0 C 904 1015
1 C 212 171
2 C 35 92
3 C 244 139
4 C 81 46
0 C 607 544
1 C 298 341
2 C 340 299
3 C 640 767
4 C 551 600
0 C 407 488
1 C 476 419
2 C 757 650
3 C 809 854
4 C 542 609
0 C 781 882
1 C 391 504
2 C 429 466
3 C 101 26
4 C 640 767
0 C 733 674
1 C 840 823
2 C 278 361
3 C 64 63
4 C 350 289
0 C 399 496
1 C 868 795
2 C 808 855
3 C 214 169
4 C 723 684
0 C 646 761
1 C 143 240
2 C 891 772
3 C 59 68
4 C 833 830
0 C 552 599
1 C 993 926
2 C 775 888
3 C 516 635
4 C 575 576
0 C 493 402
1 C 710 697
2 C 861 802
3 C 22 105
4 C 802 861
0 C 881 782
1 C 822 841
2 C 465 430
3 C 1000 919
4 C 486 409
0 C 754 653
1 C 420 475
2 C 131 252
3 C 205 178
4 C 460 435
0 C 410 485
1 C 749 658
2 C 311 328
3 C 96 31
4 C 593 558
0 C 835 828
1 C 937 982
2 C 16 111
3 C 668 739
4 C 829 834
0 C 71 56
1 C 8 119
2 C 652 755
3 C 187 196
4 C 170 213
0 C 116 11
1 C 938 981
2 C 702 705
3 C 393 502
4 C 197 186
0 C 276 363
1 C 985 934
2 C 932 987
3 C 167 216
4 C 904 1015
0 C 875 788
1 C 538 613
2 C 860 803
3 C 898 1021
4 C 642 765
0 C 134 249
1 C 969 950
2 C 160 223
3 C 437 458
4 C 294 345
0 C 651 756
1 C 953 966
2 C 160 223
3 C 563 588
4 C 305 334
0 C 241 142
1 C 775 888
2 C 630 521
3 C 112 15
4 C 280 359
0 C 631 520
1 C 899 1020
2 C 58 69
3 C 920 999
4 C 845 818
0 C 295 344
1 C 179 204
2 C 690 717
3 C 904 1015
4 C 188 195
0 C 538 613
1 C 237 146
2 C 126 1
3 C 111 16
4 C 691 716
0 C 368 271
1 C 988 931
2 C 90 37
3 C 737 670
4 C 579 572
0 C 354 285
1 C 131 252
2 C 123 4
3 C 65 62
4 C 224 159
0 C 174 209
1 C 405 490
2 C 683 724
3 C 287 352
4 C 764 643
0 C 441 454
1 C 532 619
2 C 494 401
3 C 434 461
4 C 958 961
0 C 722 685
1 C 906 1013
2 C 646 761
3 C 953 966
4 C 902 1017
0 C 96 31
1 C 461 434
2 C 524 627
3 C 409 486
4 C 611 540
0 C 489 406
1 C 377 262
2 C 981 938
3 C 485 410
4 C 605 546
0 C 270 369
1 C 929 990
2 C 530 621
3 C 826 837
4 C 916 1003
0 C 544 607
1 C 339 300
2 C 994 925
3 C 12 115
4 C 385 510
0 C 466 429
1 C 519 632
2 C 589 562
3 C 440 455
4 C 955 964
0 C 717 690
1 C 644 763
2 C 126 1
3 C 439 456
4 C 472 423
0 C 443 452
1 C 220 163
2 C 160 223
3 C 223 160
4 C 785 878
0 C 238 145
1 C 244 139
2 C 85 42
3 C 502 393
4 C 661 746
0 C 969 950
1 C 573 578
2 C 813 850
3 C 791 872
4 C 200 183
0 C 163 220
1 C 108 19
2 C 71 56
3 C 720 687
4 C 223 160
0 C 457 438
1 C 479 416
2 C 463 432
3 C 533 618
4 C 525 626
0 C 109 18
1 C 908 1011
2 C 577 574
3 C 194 189
4 C 402 493
0 C 911 1008
1 C 665 742
2 C 114 13
3 C 228 155
4 C 13 114
0 C 713 694
1 C 491 404
2 C 197 186
3 C 663 744
4 C 181 202
0 C 217 166
1 C 746 661
2 C 58 69
3 C 3 124
4 C 581 570
0 C 1 126
1 C 913 1006
2 C 718 689
3 C 882 781
4 C 313 326
0 C 71 56
1 C 704 703
2 C 855 808
3 C 680 727
4 C 90 37
0 C 274 365
1 C 24 103
2 C 175 208
3 C 952 967
4 C 930 989
0 C 485 410
1 C 493 402
2 C 833 830
3 C 7 120
4 C 275 364
0 C 721 686
1 C 537 614
2 C 45 82
3 C 428 467
4 C 498 397
0 C 9 118
1 C 40 87
2 C 886 777
3 C 805 858
4 C 13 114
0 C 560 591
1 C 961 958
2 C 514 637
3 C 810 853
4 C 26 101
0 C 919 1000
1 C 82 45
2 C 951 968
3 C 141 242
4 C 488 407
0 C 366 273
1 C 984 935
2 C 835 828
3 C 397 498
4 C 159 224
0 C 377 262
1 C 793 870
2 C 530 621
3 C 497 398
4 C 609 542
0 C 545 606
1 C 763 644
2 C 592 559
3 C 816 847
4 C 744 663
0 C 770 893
1 C 83 44
2 C 975 944
3 C 508 387
4 C 630 521
0 C 776 887
1 C 382 257
2 C 99 28
3 C 856 807
4 C 948 971
0 C 597 554
1 C 939 980
2 C 454 441
3 C 250 133
4 C 170 213
0 C 951 968
1 C 658 749
2 C 332 307
3 C 973 946
4 C 940 979
0 C 855 808
1 C 336 303
2 C 282 357
3 C 884 779
4 C 472 423
0 C 826 837
1 C 832 831
2 C 558 593
3 C 447 448
4 C 341 298
0 C 874 789
1 C 522 629
2 C 877 786
3 C 293 346
4 C 138 245
0 C 445 450
1 C 663 744
2 C 797 866
3 C 291 348
4 C 413 482
0 C 759 648
1 C 865 798
2 C 627 524
3 C 1000 919
4 C 423 472
0 C 906 1013
1 C 261 378
2 C 730 677
3 C 453 442
4 C 934 985
0 C 430 465
1 C 674 733
2 C 124 3
3 C 410 485
4 C 237 146
0 C 313 326
1 C 642 765
2 C 354 285
3 C 213 170
4 C 457 438
0 C 119 8
1 C 513 638
2 C 696 711
3 C 200 183
4 C 694 713
0 C 70 57
1 C 406 489
2 C 949 970
3 C 622 529
4 C 284 355
0 C 681 726
1 C 715 692
2 C 71 56
3 C 609 542
4 C 481 414
0 C 732 675
1 C 282 357
2 C 132 251
3 C 433 462
4 C 1000 919
0 C 312 327
1 C 153 230
2 C 687 720
3 C 919 1000
4 C 35 92
0 C 792 871
1 C 668 739
2 C 883 780
3 C 981 938
4 C 811 852
0 C 453 442
1 C 608 543
2 C 6 121
3 C 175 208
4 C 572 579
0 C 800 863
1 C 987 932
2 C 439 456
3 C 538 613
4 C 127 0
0 C 474 421
1 C 889 774
2 C 214 169
3 C 993 926
4 C 878 785
0 C 279 360
1 C 245 138
2 C 816 847
3 C 353 286
4 C 477 418
0 C 308 331
1 C 689 718
2 C 417 478
3 C 645 762
4 C 848 815
0 C 257 382
1 C 353 286
2 C 379 260
3 C 48 79
4 C 785 878
0 C 883 780
1 C 501 394
2 C 833 830
3 C 867 796
4 C 230 153
0 C 12 115
1 C 16 111
2 C 996 923
3 C 881 782
4 C 455 440
0 C 994 925
1 C 615 536
2 C 786 877
3 C 821 842
4 C 664 743
0 C 633 518
1 C 851 812
2 C 844 819
3 C 3 124
4 C 505 390
0 C 363 276
1 C 938 981
2 C 874 789
3 C 520 631
4 C 412 483
0 C 731 676
1 C 315 324
2 C 866 797
3 C 125 2
4 C 176 207
0 C 59 68
1 C 506 389
2 C 27 100
3 C 795 868
4 C 610 541
0 C 191 192
1 C 321 318
2 C 12 115
3 C 892 771
4 C 92 35
0 C 116 11
1 C 764 643
2 C 982 937
3 C 972 947
4 C 501 394
0 C 28 99
1 C 89 38
2 C 420 475
3 C 972 947
4 C 1 126
0 C 755 652
1 C 406 489
2 C 739 668
3 C 168 215
4 C 666 741
0 C 104 23
1 C 837 826
2 C 72 55
3 C 157 226
4 C 411 484
0 C 122 5
1 C 292 347
2 C 265 374
3 C 0 127
4 C 131 252
0 C 848 815
1 C 18 109
2 C 814 849
3 C 380 259
4 C 833 830
0 C 691 716
1 C 591 560
2 C 537 614
3 C 674 733
4 C 175 208
0 C 741 666
1 C 846 817
2 C 421 474
3 C 236 147
4 C 512 639
0 C 233 150
1 C 937 982
2 C 65 62
3 C 341 298
4 C 709 698
0 C 442 453
1 C 726 681
2 C 464 431
3 C 470 425
4 C 357 282
0 C 23 104
1 C 663 744
2 C 692 715
3 C 97 30
4 C 896 1023
0 C 73 54
1 C 20 107
2 C 506 389
3 C 169 214
4 C 200 183
0 C 357 282
1 C 312 327
2 C 222 161
3 C 164 219
4 C 718 689
0 C 266 373
1 C 17 110
2 C 706 701
3 C 69 58
4 C 726 681
0 C 992 927
1 C 342 297
2 C 68 59
3 C 824 839
4 C 700 707
0 C 812 851
1 C 317 322
2 C 683 724
3 C 243 140
4 C 457 438
0 C 613 538
1 C 657 750
2 C 556 595
3 C 497 398
4 C 950 969
0 C 854 809
1 C 914 1005
2 C 324 315
3 C 623 528
4 C 654 753
0 C 754 653
1 C 71 56
2 C 629 522
3 C 711 696
4 C 103 24
0 C 917 1002
1 C 818 845
2 C 78 49
3 C 901 1018
4 C 450 445
0 C 379 260
1 C 967 952
2 C 622 529
3 C 480 415
4 C 780 883
0 C 879 784
1 C 9 118
2 C 111 16
3 C 15 112
4 C 595 556
0 C 183 200
1 C 844 819
2 C 256 383
3 C 310 329
4 C 972 947
0 C 896 1023
1 C 307 332
2 C 680 727
3 C 399 496
4 C 821 842
0 C 124 3
1 C 480 415
2 C 841 822
3 C 861 802
4 C 995 924
0 C 918 1001
1 C 249 134
2 C 481 414
3 C 25 102
4 C 364 275
0 C 838 825
1 C 319 320
2 C 152 231
3 C 356 283
4 C 930 989
0 C 901 1018
1 C 738 669
2 C 652 755
3 C 993 926
4 C 706 701
0 C 712 695
1 C 1 126
2 C 602 549
3 C 333 306
4 C 776 887
0 C 932 987
1 C 883 780
2 C 140 243
3 C 792 871
4 C 464 431
0 C 194 189
1 C 310 329
2 C 592 559
3 C 885 778
4 C 339 300
0 C 638 513
1 C 760 647
2 C 129 254
3 C 480 415
4 C 655 752
0 C 890 773
1 C 612 539
2 C 430 465
3 C 249 134
4 C 322 317
0 C 603 548
1 C 697 710
2 C 527 624
3 C 169 214
4 C 442 453
0 C 695 712
1 C 641 766
2 C 927 992
3 C 596 555
4 C 515 636
0 C 822 841
1 C 146 237
2 C 129 254
3 C 16 111
4 C 849 814
0 C 359 280
1 C 494 401
2 C 423 472
3 C 649 758
4 C 371 268
0 C 369 270
1 C 554 597
2 C 910 1009
3 C 111 16
4 C 213 170
0 C 299 340
1 C 497 398
2 C 982 937
3 C 86 41
4 C 125 2
0 C 249 134
1 C 553 598
2 C 490 405
3 C 121 6
4 C 116 11
0 C 881 782
1 C 387 508
2 C 701 706
3 C 412 483
4 C 308 331
0 C 340 299
1 C 677 730
2 C 818 845
3 C 745 662
4 C 891 772
0 C 296 343
1 C 278 361
2 C 31 96
3 C 436 459
4 C 188 195
0 C 995 924
1 C 85 42
2 C 555 596
3 C 174 209
4 C 479 416
0 C 812 851
1 C 349 290
2 C 248 135
3 C 723 684
4 C 845 818
0 C 805 858
1 C 766 641
2 C 43 84
3 C 517 634
4 C 904 1015
0 C 677 730
1 C 57 70
2 C 315 324
3 C 762 645
4 C 889 774
0 C 138 245
1 C 685 722
2 C 788 875
3 C 148 235
4 C 10 117
0 C 287 352
1 C 901 1018
2 C 258 381
3 C 421 474
4 C 241 142
0 C 699 708
1 C 54 73
2 C 96 31
3 C 757 650
4 C 223 160
0 C 27 100
1 C 715 692
2 C 858 805
3 C 789 874
4 C 44 83
0 C 261 378
1 C 73 54
2 C 499 396
3 C 910 1009
4 C 498 397
0 C 380 259
1 C 727 680
2 C 320 319
3 C 823 840
4 C 114 13
0 C 837 826
1 C 239 144
2 C 613 538
3 C 110 17
4 C 427 468
0 C 826 837
1 C 549 602
2 C 362 277
3 C 50 77
4 C 754 653
0 C 914 1005
1 C 81 46
2 C 51 76
3 C 297 342
4 C 745 662
0 C 195 188
1 C 84 43
2 C 184 199
3 C 413 482
4 C 635 516
0 C 66 61
1 C 538 613
2 C 80 47
3 C 785 878
4 C 970 949
0 C 879 784
1 C 839 824
2 C 768 895
3 C 453 442
4 C 288 351
0 C 346 293
1 C 322 317
2 C 49 78
3 C 68 59
4 C 281 358
0 C 837 826
1 C 167 216
2 C 733 674
3 C 106 21
4 C 346 293
0 C 678 729
1 C 430 465
2 C 702 705
3 C 906 1013
4 C 147 236
0 C 862 801
1 C 105 22
2 C 922 997
3 C 355 284
4 C 319 320
0 C 136 247
1 C 396 499
2 C 255 128
3 C 557 594
4 C 520 631
0 C 959 960
1 C 176 207
2 C 639 512
3 C 194 189
4 C 831 832
0 C 181 202
1 C 960 959
2 C 142 241
3 C 850 813
4 C 505 390
0 C 618 533
1 C 32 95
2 C 278 361
3 C 981 938
4 C 167 216
0 C 571 580
1 C 836 827
2 C 820 843
3 C 756 651
4 C 17 110
0 C 530 621
1 C 557 594
2 C 689 718
3 C 811 852
4 C 52 75
0 C 75 52
1 C 244 139
2 C 227 156
3 C 4 123
4 C 644 763
0 C 279 360
1 C 540 611
2 C 281 358
3 C 255 128
4 C 250 133
0 C 894 769
1 C 186 197
2 C 216 167
3 C 165 218
4 C 422 473
0 C 306 333
1 C 548 603
2 C 381 258
3 C 431 464
4 C 787 876
0 C 770 893
1 C 241 142
2 C 216 167
3 C 943 976
4 C 499 396
0 C 924 995
1 C 102 25
2 C 66 61
3 C 801 862
4 C 692 715
0 C 788 875
1 C 821 842
2 C 529 622
3 C 814 849
4 C 826 837
0 C 211 172
1 C 541 610
2 C 824 839
3 C 105 22
4 C 754 653
0 C 377 262
1 C 667 740
2 C 606 545
3 C 579 572
4 C 56 71
0 C 922 997
1 C 564 587
2 C 523 628
3 C 890 773
4 C 16 111
0 C 767 640
1 C 48 79
2 C 899 1020
3 C 254 129
4 C 896 1023
0 C 160 223
1 C 370 269
2 C 949 970
3 C 598 553
4 C 375 264
0 C 86 41
1 C 148 235
2 C 203 180
3 C 350 289
4 C 657 750
0 C 521 630
1 C 742 665
2 C 605 546
3 C 147 236
4 C 174 209
0 C 531 620
1 C 914 1005
2 C 757 650
3 C 743 664
4 C 633 518
0 C 288 351
1 C 211 172
2 C 94 33
3 C 785 878
4 C 841 822
0 C 126 1
1 C 974 945
2 D 822 713
3 D 461 50
4 D 425 86
0 D 83 428
1 D 492 19
2 D 685 850
3 D 258 253
4 D 293 218
0 D 882 653
1 D 738 797
2 D 637 898
3 D 580 955
4 D 437 74
0 D 940 595
1 D 103 408
2 D 206 305
3 D 218 293
4 D 682 853
0 D 387 124
1 D 197 314
2 D 124 387
3 D 736 799
4 D 635 900
0 D 158 353
1 D 616 919
2 D 65 446
3 D 638 897
4 D 13 498
0 D 577 958
1 D 908 627
2 D 39 472
3 D 980 555
4 D 472 39
0 D 47 464
1 D 183 328
2 D 317 194
3 D 185 326
4 D 443 68
0 D 48 463
1 D 781 754
2 D 512 1023
3 D 858 677
4 D 4 507
0 D 289 222
1 D 402 109
2 D 796 739
3 D 942 593
4 D 962 573
0 D 264 247
1 D 166 345
2 D 130 381
3 D 571 964
4 D 520 1015
0 D 412 99
1 D 422 89
2 D 384 127
3 D 439 72
4 D 558 977
0 D 828 707
1 D 704 831
2 D 775 760
3 D 916 619
4 D 966 569
0 D 532 1003
1 D 351 160
2 D 101 410
3 D 132 379
4 D 603 932
0 D 176 335
1 D 624 911
2 D 915 620
3 D 476 35
4 D 365 146
0 D 327 184
1 D 704 831
2 D 219 292
3 D 902 633
4 D 397 114
0 D 991 544
1 D 322 189
2 D 888 647
3 D 221 290
4 D 147 364
0 D 819 716
1 D 808 727
2 D 542 993
3 D 540 995
4 D 534 1001
0 D 561 974
1 D 806 729
2 D 362 149
3 D 218 293
4 D 447 64
0 D 269 242
1 D 146 365
2 D 498 13
3 D 118 393
4 D 307 204
0 D 838 697
1 D 401 110
2 D 637 898
3 D 584 951
4 D 687 848
0 D 726 809
1 D 179 332
2 D 108 403
3 D 496 15
4 D 828 707
0 D 217 294
1 D 83 428
2 D 546 989
3 D 869 666
4 D 204 307
0 D 382 129
1 D 920 615
2 D 46 465
3 D 587 948
4 D 157 354
0 D 177 334
1 D 695 840
2 D 291 220
3 D 350 161
4 D 874 661
0 D 774 761
1 D 730 805
2 D 728 807
3 D 988 547
4 D 950 585
0 D 748 787
1 D 482 29
2 D 253 258
3 D 268 243
4 D 250 261
0 D 553 982
1 D 877 658
2 D 739 796
3 D 846 689
4 D 940 595
0 D 772 763
1 D 846 689
2 D 85 426
3 D 557 978
4 D 663 872
0 D 831 704
1 D 545 990
2 D 692 843
3 D 46 465
4 D 350 161
0 D 959 576
1 D 803 732
2 D 941 594
3 D 299 212
4 D 261 250
0 D 173 338
1 D 485 26
2 D 863 672
3 D 543 992
4 D 73 438
0 D 65 446
1 D 588 947
2 D 659 876
3 D 163 348
4 D 600 935
0 D 728 807
1 D 534 1001
2 D 426 85
3 D 934 601
4 D 720 815
0 D 372 139
1 D 57 454
2 D 329 182
3 D 810 725
4 D 251 260
0 D 295 216
1 D 448 63
2 D 660 875
3 D 284 227
4 D 434 77
0 D 619 916
1 D 725 810
2 D 636 899
3 D 711 824
4 D 195 316
0 D 994 541
1 D 320 191
2 D 146 365
3 D 586 949
4 D 935 600
0 D 987 548
1 D 133 378
2 D 72 439
3 D 875 660
4 D 863 672
0 D 730 805
1 D 515 1020
2 D 814 721
3 D 841 694
4 D 357 154
0 D 209 302
1 D 95 416
2 D 69 442
3 D 390 121
4 D 437 74
0 D 909 626
1 D 261 250
2 D 305 206
3 D 452 59
4 D 259 252
0 D 762 773
1 D 796 739
2 D 652 883
3 D 837 698
4 D 437 74
0 D 69 442
1 D 295 216
2 D 774 761
3 D 319 192
4 D 799 736
0 D 105 406
1 D 122 389
2 D 84 427
3 D 339 172
4 D 190 321
0 D 148 363
1 D 404 107
2 D 260 251
3 D 176 335
4 D 480 31
0 D 567 968
1 D 722 813
2 D 826 709
3 D 666 869
4 D 15 496
0 D 947 588
1 D 198 313
2 D 553 982
3 D 769 766
4 D 186 325
0 D 144 367
1 D 874 661
2 D 288 223
3 D 120 391
4 D 239 272
0 D 944 591
1 D 952 583
2 D 298 213
3 D 726 809
4 D 265 246
0 D 809 726
1 D 482 29
2 D 862 673
3 D 437 74
4 D 464 47
0 D 413 98
1 D 166 345
2 D 944 591
3 D 75 436
4 D 656 879
0 D 731 804
1 D 248 263
2 D 318 193
3 D 928 607
4 D 890 645
0 D 544 991
1 D 478 33
2 D 233 278
3 D 889 646
4 D 762 773
0 D 239 272
1 D 945 590
2 D 328 183
3 D 588 947
4 D 758 777
0 D 141 370
1 D 102 409
2 D 265 246
3 D 441 70
4 D 213 298
0 D 47 464
1 D 935 600
2 D 539 996
3 D 916 619
4 D 167 344
0 D 763 772
1 D 775 760
2 D 461 50
3 D 930 605
4 D 485 26
0 D 715 820
1 D 452 59
2 D 634 901
3 D 534 1001
4 D 272 239
0 D 446 65
1 D 218 293
2 D 817 718
3 D 601 934
4 D 883 652
0 D 722 813
1 D 668 867
2 D 959 576
3 D 551 984
4 D 234 277
0 D 742 793
1 D 375 136
2 D 919 616
3 D 93 418
4 D 101 410
0 D 819 716
1 D 505 6
2 D 160 351
3 D 712 823
4 D 647 888
0 D 416 95
1 D 859 676
2 D 466 45
3 D 207 304
4 D 774 761
0 D 225 286
1 D 646 889
2 D 827 708
3 D 159 352
4 D 894 641
0 D 487 24
1 D 699 836
2 D 666 869
3 D 777 758
4 D 650 885
0 D 73 438
1 D 414 97
2 D 280 231
3 D 163 348
4 D 146 365
0 D 789 746
1 D 838 697
2 D 313 198
3 D 600 935
4 D 360 151
0 D 538 997
1 D 992 543
2 D 691 844
3 D 666 869
4 D 871 664
0 D 383 128
1 D 194 317
2 D 356 155
3 D 788 747
4 D 110 401
0 D 379 132
1 D 897 638
2 D 935 600
3 D 860 675
4 D 140 371
0 D 770 765
1 D 305 206
2 D 549 986
3 D 697 838
4 D 112 399
0 D 586 949
1 D 268 243
2 D 976 559
3 D 778 757
4 D 744 791
0 D 944 591
1 D 80 431
2 D 162 349
3 D 230 281
4 D 171 340
0 D 584 951
1 D 422 89
2 D 159 352
3 D 578 957
4 D 936 599
0 D 637 898
1 D 675 860
2 D 749 786
3 D 639 896
4 D 959 576
0 D 616 919
1 D 60 451
2 D 637 898
3 D 881 654
4 D 311 200
0 D 501 10
1 D 337 174
2 D 478 33
3 D 876 659
4 D 543 992
0 D 696 839
1 D 812 723
2 D 214 297
3 D 249 262
4 D 698 837
0 D 36 475
1 D 639 896
2 D 161 350
3 D 776 759
4 D 242 269
0 D 34 477
1 D 235 276
2 D 959 576
3 D 736 799
4 D 322 189
0 D 586 949
1 D 997 538
2 D 385 126
3 D 254 257
4 D 17 494
0 D 202 309
1 D 886 649
2 D 432 79
3 D 772 763
4 D 73 438
0 D 418 93
1 D 425 86
2 D 422 89
3 D 438 73
4 D 630 905
0 D 540 995
1 D 998 537
2 D 880 655
3 D 110 401
4 D 22 489
0 D 482 29
1 D 687 848
2 D 469 42
3 D 33 478
4 D 218 293
0 D 240 271
1 D 846 689
2 D 654 881
3 D 919 616
4 D 189 322
0 D 111 400
1 D 11 500
2 D 768 767
3 D 69 442
4 D 8 503
0 D 278 233
1 D 474 37
2 D 452 59
3 D 134 377
4 D 23 488
0 D 420 91
1 D 181 330
2 D 538 997
3 D 936 599
4 D 257 254
0 D 203 308
1 D 433 78
2 D 776 759
3 D 825 710
4 D 525 1010
0 D 956 579
1 D 32 479
2 D 106 405
3 D 181 330
4 D 565 970
0 D 761 774
1 D 659 876
2 D 301 210
3 D 669 866
4 D 917 618
0 D 566 969
1 D 768 767
2 D 56 455
3 D 610 925
4 D 817 718
0 D 437 74
1 D 902 633
2 D 964 571
3 D 217 294
4 D 833 702
0 D 443 68
1 D 898 637
2 D 319 192
3 D 299 212
4 D 958 577
0 D 177 334
1 D 897 638
2 D 671 864
3 D 354 157
4 D 812 723
0 D 288 223
1 D 570 965
2 D 60 451
3 D 764 771
4 D 572 963
0 D 720 815
1 D 931 604
2 D 943 592
3 D 280 231
4 D 50 461
0 D 886 649
1 D 776 759
2 D 245 266
3 D 147 364
4 D 494 17
0 D 478 33
1 D 574 961
2 D 941 594
3 D 214 297
4 D 432 79
0 D 69 442
1 D 34 477
2 D 139 372
3 D 229 282
4 D 274 237
0 D 624 911
1 D 844 691
2 D 130 381
3 D 837 698
4 D 693 842
0 D 491 20
1 D 228 283
2 D 778 757
3 D 417 94
4 D 93 418
0 D 286 225
1 D 643 892
2 D 884 651
3 D 978 557
4 D 732 803
0 D 228 283
1 D 519 1016
2 D 141 370
3 D 372 139
4 D 436 75
0 D 562 973
1 D 312 199
2 D 979 556
3 D 162 349
4 D 3 508
0 D 871 664
1 D 888 647
2 D 446 65
3 D 251 260
4 D 253 258
0 D 1000 535
1 D 849 686
2 D 373 138
3 D 600 935
4 D 611 924
0 D 343 168
1 D 41 470
2 D 77 434
3 D 124 387
4 D 748 787
0 D 576 959
1 D 613 922
2 D 626 909
3 D 682 853
4 D 214 297
0 D 274 237
1 D 372 139
2 D 869 666
3 D 359 152
4 D 799 736
0 D 825 710
1 D 116 395
2 D 87 424
3 D 249 262
4 D 946 589
0 D 477 34
1 D 579 956
2 D 495 16
3 D 718 817
4 D 220 291
0 D 130 381
1 D 36 475
2 D 921 614
3 D 756 779
4 D 888 647
0 D 844 691
1 D 819 716
2 D 364 147
3 D 908 627
4 D 814 721
0 D 725 810
1 D 136 375
2 D 418 93
3 D 370 141
4 D 254 257
0 D 649 886
1 D 943 592
2 D 756 779
3 D 569 966
4 D 737 798
0 D 185 326
1 D 416 95
2 D 308 203
3 D 880 655
4 D 435 76
0 D 391 120
1 D 197 314
2 D 431 80
3 D 309 202
4 D 155 356
0 D 17 494
1 D 309 202
2 D 911 624
3 D 408 103
4 D 384 127
0 D 982 553
1 D 249 262
2 D 701 834
3 D 899 636
4 D 255 256
0 D 430 81
1 D 547 988
2 D 987 548
3 D 37 474
4 D 461 50
0 D 7 504
1 D 823 712
2 D 26 485
3 D 249 262
4 D 519 1016
0 D 414 97
1 D 461 50
2 D 788 747
3 D 660 875
4 D 225 286
0 D 52 459
1 D 286 225
2 D 866 669
3 D 867 668
4 D 734 801
0 D 539 996
1 D 862 673
2 D 283 228
3 D 405 106
4 D 793 742
0 D 112 399
1 D 391 120
2 D 710 825
3 D 486 25
4 D 438 73
0 D 526 1009
1 D 633 902
2 D 683 852
3 D 795 740
4 D 127 384
0 D 666 869
1 D 817 718
2 D 887 648
3 D 753 782
4 D 964 571
0 D 398 113
1 D 241 270
2 D 70 441
3 D 499 12
4 D 284 227
0 D 261 250
1 D 970 565
2 D 565 970
3 D 74 437
4 D 278 233
0 D 665 870
1 D 615 920
2 D 182 329
3 D 484 27
4 D 108 403
0 D 2 509
1 D 399 112
2 D 500 11
3 D 922 613
4 D 832 703
0 D 24 487
1 D 986 549
2 D 780 755
3 D 368 143
4 D 727 808
0 D 768 767
1 D 259 252
2 D 923 612
3 D 793 742
4 D 470 41
0 D 440 71
1 D 852 683
2 D 782 753
3 D 713 822
4 D 617 918
0 D 84 427
1 D 799 736
2 D 252 259
3 D 505 6
4 D 612 923
0 D 321 190
1 D 177 334
2 D 384 127
3 D 647 888
4 D 858 677
0 D 371 140
1 D 624 911
2 D 0 511
3 D 953 582
4 D 934 601
0 D 447 64
1 D 472 39
2 D 587 948
3 D 902 633
4 D 371 140
0 D 384 127
1 D 936 599
2 D 385 126
3 D 622 913
4 D 283 228
0 D 91 420
1 D 504 7
2 D 819 716
3 D 109 402
4 D 167 344
0 D 234 277
1 D 881 654
2 D 512 1023
3 D 42 469
4 D 787 748
0 D 227 284
1 D 13 498
2 D 99 412
3 D 356 155
4 D 768 767
0 D 990 545
1 D 223 288
2 D 760 775
3 D 486 25
4 D 116 395
0 D 894 641
1 D 2 509
2 D 609 926
3 D 567 968
4 D 863 672
0 D 483 28
1 D 877 658
2 D 273 238
3 D 389 122
4 D 540 995
0 D 361 150
1 D 37 474
2 D 276 235
3 D 296 215
4 D 930 605
0 D 365 146
1 D 754 781
2 D 673 862
3 D 680 855
4 D 99 412
0 D 528 1007
1 D 467 44
2 D 642 893
3 D 155 356
4 D 222 289
0 D 732 803
1 D 811 724
2 D 727 808
3 D 16 495
4 D 722 813
0 D 387 124
1 D 805 730
2 D 932 603
3 D 139 372
4 D 575 960
0 D 670 865
1 D 159 352
2 D 920 615
3 D 226 285
4 D 914 621
0 D 116 395
1 D 194 317
2 D 238 273
3 D 158 353
4 D 705 830
0 D 225 286
1 D 675 860
2 D 32 479
3 D 983 552
4 D 905 630
0 D 853 682
1 D 79 432
2 D 908 627
3 D 901 634
4 D 112 399
0 D 114 397
1 D 597 938
2 D 517 1018
3 D 451 60
4 D 484 27
0 D 0 511
1 D 584 951
2 D 132 379
3 D 317 194
4 D 215 296
0 D 825 710
1 D 982 553
2 D 332 179
3 D 952 583
4 D 343 168
0 D 79 432
1 D 466 45
2 D 216 295
3 D 696 839
4 D 886 649
0 D 710 825
1 D 549 986
2 D 76 435
3 D 251 260
4 D 388 123
0 D 920 615
1 D 213 298
2 D 412 99
3 D 224 287
4 D 31 480
0 D 581 954
1 D 575 960
2 D 559 976
3 D 139 372
4 D 306 205
0 D 836 699
1 D 674 861
2 D 905 630
3 D 57 454
4 D 26 485
0 D 787 748
1 D 546 989
2 D 970 565
3 D 827 708
4 D 647 888
0 D 91 420
1 D 796 739
2 D 747 788
3 D 941 594
4 D 993 542
0 D 730 805
1 D 552 983
2 D 52 459
3 D 422 89
4 D 557 978
0 D 75 436
1 D 882 653
2 D 699 836
3 D 721 814
4 D 473 38
0 D 424 87
1 D 8 503
2 D 203 308
3 D 467 44
4 D 542 993
0 D 496 15
1 D 367 144
2 D 207 304
3 D 575 960
4 D 17 494
0 D 475 36
1 D 852 683
2 D 574 961
3 D 377 134
4 D 35 476
0 D 174 337
1 D 21 490
2 D 377 134
3 D 427 84
4 D 475 36
0 D 742 793
1 D 189 322
2 D 454 57
3 D 188 323
4 D 244 267
0 D 980 555
1 D 609 926
2 D 45 466
3 D 543 992
4 D 156 355
0 D 67 444
1 D 679 856
2 D 192 319
3 D 492 19
4 D 850 685
0 D 674 861
1 D 909 626
2 D 950 585
3 D 138 373
4 D 133 378
0 D 859 676
1 D 413 98
2 D 960 575
3 D 358 153
4 D 853 682
0 D 103 408
1 D 802 733
2 D 217 294
3 D 63 448
4 D 360 151
0 D 209 302
1 D 374 137
2 D 387 124
3 D 969 566
4 D 873 662
0 D 934 601
1 D 201 310
2 D 610 925
3 D 691 844
4 D 843 692
0 D 170 341
1 D 834 701
2 D 879 656
3 D 71 440
4 D 739 796
0 D 847 688
1 D 262 249
2 D 75 436
3 D 160 351
4 D 266 245
0 D 623 912
1 D 437 74
2 D 842 693
3 D 949 586
total time of producer and consumer measured by clock(2):
producer takes 1152710000 clicks 1152.709961 seconds.
consumer takes 1152750000 clicks 1152.750000 seconds.
total time of producer and consumer measured by time(2):
producer takes 1153.000000 seconds.
consumer takes 1152.000000 seconds.

real	38m25.797s
user	26m43.150s
sys	11m42.541s
