0 A 940 939
1 A 347 348
2 A 183 176
3 A 60 59
4 A 344 351
0 A 332 331
1 A 973 970
2 A 358 353
3 A 29 26
4 A 122 125
0 A 123 124
1 A 973 970
2 A 446 441
3 A 897 902
4 A 105 110
0 A 226 229
1 A 283 284
2 A 135 128
3 A 45 42
4 A 855 848
0 A 361 366
1 A 169 174
2 A 256 263
3 A 437 434
4 A 719 712
0 A 835 836
1 A 213 210
2 A 666 669
3 A 156 155
4 A 180 179
0 A 591 584
1 A 12 11
2 A 996 995
3 A 712 719
4 A 848 855
0 A 135 128
1 A 260 259
2 A 927 920
3 A 85 82
4 A 863 856
0 A 569 574
1 A 47 40
2 A 749 746
3 A 298 301
4 A 206 201
0 A 44 43
1 A 355 356
2 A 115 116
3 A 497 502
4 A 467 468
0 A 628 627
1 A 639 632
2 A 958 953
3 A 332 331
4 A 402 405
0 A 278 273
1 A 363 364
2 A 791 784
3 A 433 438
4 A 102 97
0 A 284 283
1 A 859 860
2 A 707 708
3 A 519 512
4 A 745 750
0 A 72 79
1 A 835 836
2 A 398 393
3 A 676 675
4 A 516 515
0 A 72 79
1 A 769 774
2 A 913 918
3 A 424 431
4 A 118 113
0 A 947 948
1 A 550 545
2 A 994 997
3 A 275 276
4 A 587 588
0 A 546 549
1 A 975 968
2 A 785 790
3 A 836 835
4 A 638 633
0 A 492 491
1 A 715 716
2 A 390 385
3 A 529 534
4 A 352 359
0 A 872 879
1 A 372 371
2 A 73 78
3 A 622 617
4 A 81 86
0 A 22 17
1 A 61 58
2 A 25 30
3 A 616 623
4 A 831 824
0 A 751 744
1 A 606 601
2 A 642 645
3 A 704 711
4 A 324 323
0 A 489 494
1 A 786 789
2 A 785 790
3 A 976 983
4 A 300 299
0 A 963 964
1 A 150 145
2 A 5 2
3 A 699 700
4 A 965 962
0 A 865 870
1 A 48 55
2 A 464 471
3 A 830 825
4 A 144 151
0 A 850 853
1 A 777 782
2 A 824 831
3 A 658 661
4 A 494 489
0 A 481 486
1 A 421 418
2 A 328 335
3 A 344 351
4 A 519 512
0 A 471 464
1 A 257 262
2 A 566 561
3 A 182 177
4 A 439 432
0 A 402 405
1 A 605 602
2 A 15 8
3 A 846 841
4 A 195 196
0 A 686 681
1 A 625 630
2 A 259 260
3 A 149 146
4 A 280 287
0 A 788 787
1 A 699 700
2 A 196 195
3 A 202 205
4 A 441 446
0 A 154 157
1 A 189 186
2 A 761 766
3 A 1 6
4 A 438 433
0 A 61 58
1 A 513 518
2 A 817 822
3 A 100 99
4 A 45 42
0 A 70 65
1 A 664 671
2 A 530 533
3 A 809 814
4 A 14 9
0 A 795 796
1 A 787 788
2 A 962 965
3 A 616 623
4 A 389 386
0 A 62 57
1 A 382 377
2 A 805 802
3 A 158 153
4 A 463 456
0 B 384 415
1 B 210 205
2 B 921 902
3 B 796 771
4 B 845 850
0 B 756 747
1 B 603 580
2 B 845 850
3 B 792 775
4 B 885 874
0 B 499 492
1 B 267 276
2 B 563 556
3 B 832 863
4 B 444 419
0 B 614 633
1 B 164 187
2 B 812 819
3 B 378 357
4 B 486 505
0 B 784 783
1 B 341 330
2 B 664 647
3 B 839 856
4 B 244 235
0 B 908 915
1 B 274 269
2 B 282 261
3 B 48 47
4 B 257 286
0 B 92 67
1 B 594 589
2 B 399 400
3 B 95 64
4 B 765 738
0 B 760 743
1 B 886 873
2 B 842 853
3 B 358 377
4 B 211 204
0 B 280 263
1 B 425 438
2 B 201 214
3 B 74 85
4 B 781 786
0 B 400 399
1 B 397 402
2 B 424 439
3 B 848 847
4 B 433 430
0 B 526 529
1 B 93 66
2 B 146 141
3 B 887 872
4 B 427 436
0 B 254 225
1 B 534 521
2 B 899 924
3 B 594 589
4 B 688 687
0 B 193 222
1 B 963 988
2 B 987 964
3 B 370 365
4 B 18 13
0 B 539 516
1 B 129 158
2 B 53 42
3 B 721 718
4 B 247 232
0 B 740 763
1 B 114 109
2 B 596 587
3 B 452 475
4 B 677 698
0 B 245 234
1 B 394 405
2 B 396 403
3 B 715 724
4 B 18 13
0 B 842 853
1 B 165 186
2 B 177 174
3 B 665 646
4 B 221 194
0 B 756 747
1 B 116 107
2 B 910 913
3 B 512 543
4 B 729 710
0 B 275 268
1 B 283 260
2 B 797 770
3 B 204 211
4 B 106 117
0 B 571 548
1 B 780 787
2 B 393 406
3 B 932 955
4 B 930 957
0 B 491 500
1 B 61 34
2 B 167 184
3 B 100 123
4 B 826 805
0 B 253 226
1 B 675 700
2 B 190 161
3 B 9 22
4 B 797 770
0 B 197 218
1 B 294 313
2 B 777 790
3 B 554 565
4 B 470 457
0 B 311 296
1 B 234 245
2 B 877 882
3 B 985 966
4 B 514 541
0 B 517 538
1 B 337 334
2 B 296 311
3 B 795 772
4 B 641 670
0 B 677 698
1 B 683 692
2 B 951 936
3 B 911 912
4 B 599 584
0 B 782 785
1 B 873 886
2 B 566 553
3 B 572 547
4 B 88 71
0 B 265 278
1 B 317 290
2 B 752 751
3 B 428 435
4 B 242 237
0 B 250 229
1 B 158 129
2 B 974 977
3 B 487 504
4 B 526 529
0 B 529 526
1 B 279 264
2 B 948 939
3 B 884 875
4 B 415 384
0 B 753 750
1 B 903 920
2 B 324 347
3 B 333 338
4 B 225 254
0 B 134 153
1 B 981 970
2 B 954 933
3 B 38 57
4 B 800 831
0 B 277 266
1 B 153 134
2 B 671 640
3 B 918 905
4 B 96 127
0 B 394 405
1 B 613 634
2 B 71 88
3 B 291 316
4 B 981 970
0 B 564 555
1 B 967 984
2 B 355 380
3 B 445 418
4 B 675 700
0 B 809 822
1 B 216 199
2 B 591 592
3 B 913 910
4 B 661 650
0 B 531 524
1 B 244 235
2 B 983 968
3 B 348 323
4 B 944 943
0 B 26 5
1 B 21 10
2 B 562 557
3 B 854 841
4 B 373 362
0 B 523 532
1 C 203 180
2 C 501 394
3 C 422 473
4 C 526 625
0 C 90 37
1 C 779 884
2 C 115 12
3 C 32 95
4 C 932 987
0 C 315 324
1 C 979 940
2 C 415 480
3 C 610 541
4 C 716 691
0 C 845 818
1 C 152 231
2 C 233 150
3 C 871 792
4 C 487 408
0 C 918 1001
1 C 883 780
2 C 189 194
3 C 595 556
4 C 794 869
0 C 683 724
1 C 903 1016
2 C 309 330
3 C 261 378
4 C 607 544
0 C 257 382
1 C 608 543
2 C 727 680
3 C 170 213
4 C 401 494
0 C 156 227
1 C 350 289
2 C 537 614
3 C 949 970
4 C 315 324
0 C 152 231
1 C 914 1005
2 C 508 387
3 C 492 403
4 C 389 506
0 C 965 954
1 C 416 479
2 C 526 625
3 C 938 981
4 C 330 309
0 C 864 799
1 C 160 223
2 C 461 434
3 C 282 357
4 C 748 659
0 C 126 1
1 C 738 669
2 C 193 190
3 C 893 770
4 C 32 95
0 C 232 151
1 C 132 251
2 C 224 159
3 C 52 75
4 C 576 575
0 C 340 299
1 C 846 817
2 C 744 663
3 C 580 571
4 C 598 553
0 C 703 704
1 C 587 564
2 C 462 433
3 C 459 436
4 C 81 46
0 C 614 537
1 C 120 7
2 C 530 621
3 C 638 513
4 C 703 704
0 C 42 85
1 C 35 92
2 C 993 926
3 C 861 802
4 C 302 337
0 C 13 114
1 C 72 55
2 C 730 677
3 C 970 949
4 C 306 333
0 C 963 956
1 C 101 26
2 C 551 600
3 C 209 174
4 C 787 876
0 C 140 243
1 C 200 183
2 C 945 974
3 C 99 28
4 C 96 31
0 C 915 1004
1 C 550 601
2 C 523 628
3 C 979 940
4 C 866 797
0 C 891 772
1 C 391 504
2 C 36 91
3 C 107 20
4 C 844 819
0 C 133 250
1 C 699 708
2 C 353 286
3 C 639 512
4 C 925 994
0 C 452 443
1 C 564 587
2 C 357 282
3 C 713 694
4 C 983 936
0 C 139 244
1 C 596 555
2 C 346 293
3 C 802 861
4 C 606 545
0 C 711 696
1 C 151 232
2 C 945 974
3 C 790 873
4 C 875 788
0 C 331 308
1 C 925 994
2 C 993 926
3 C 763 644
4 C 433 462
0 C 274 365
1 C 409 486
2 C 785 878
3 C 646 761
4 C 136 247
0 C 400 495
1 C 323 316
2 C 992 927
3 C 936 983
4 C 600 551
0 C 187 196
1 C 486 409
2 C 864 799
3 C 477 418
4 C 585 566
0 C 579 572
1 C 685 722
2 C 665 742
3 C 468 427
4 C 646 761
0 C 110 17
1 C 951 968
2 C 213 170
3 C 454 441
4 C 865 798
0 C 962 957
1 C 986 933
2 C 799 864
3 C 315 324
4 C 651 756
0 D 579 956
1 D 335 176
2 D 160 351
3 D 927 608
4 D 996 539
0 D 102 409
1 D 402 109
2 D 301 210
3 D 75 436
4 D 191 320
0 D 795 740
1 D 244 267
2 D 855 680
3 D 730 805
4 D 162 349
0 D 218 293
1 D 307 204
2 D 799 736
3 D 515 1020
4 D 829 706
0 D 449 62
1 D 839 696
2 D 467 44
3 D 601 934
4 D 614 921
0 D 275 236
1 D 108 403
2 D 350 161
3 D 174 337
4 D 951 584
0 D 128 383
1 D 695 840
2 D 433 78
3 D 915 620
4 D 816 719
0 D 613 922
1 D 856 679
2 D 233 278
3 D 638 897
4 D 27 484
0 D 39 472
1 D 125 386
2 D 618 917
3 D 677 858
4 D 445 66
0 D 543 992
1 D 336 175
2 D 707 828
3 D 183 328
4 D 435 76
0 D 685 850
1 D 442 69
2 D 774 761
3 D 15 496
4 D 80 431
0 D 541 994
1 D 92 419
2 D 479 32
3 D 892 643
4 D 689 846
0 D 468 43
1 D 675 860
2 D 420 91
3 D 816 719
4 D 181 330
0 D 237 274
1 D 84 427
2 D 925 610
3 D 165 346
4 D 713 822
0 D 316 195
1 D 337 174
2 D 530 1005
3 D 92 419
4 D 775 760
0 D 746 789
1 D 303 208
2 D 915 620
3 D 649 886
4 D 824 711
0 D 455 56
1 D 512 1023
2 D 579 956
3 D 182 329
4 D 815 720
0 D 374 137
1 D 370 141
2 D 423 88
3 D 506 5
4 D 339 172
0 D 168 343
1 D 106 405
2 D 139 372
3 D 864 671
4 D 363 148
0 D 89 422
1 D 547 988
2 D 634 901
3 D 411 100
4 D 38 473
0 D 438 73
1 D 220 291
2 D 742 793
3 D 978 557
4 D 180 331
0 D 219 292
1 D 699 836
2 D 301 210
3 D 116 395
4 D 60 451
0 D 95 416
1 D 171 340
2 D 827 708
3 D 719 816
4 D 413 98
0 D 816 719
1 D 14 497
2 D 681 854
3 D 402 109
4 D 554 981
0 D 610 925
1 D 123 388
2 D 499 12
3 D 730 805
4 D 416 95
0 D 485 26
1 D 81 430
2 D 279 232
3 D 174 337
4 D 815 720
0 D 743 792
1 D 631 904
2 D 646 889
3 D 310 201
4 D 574 961
0 D 759 776
1 D 639 896
2 D 944 591
3 D 480 31
4 D 548 987
0 D 197 314
1 D 754 781
2 D 81 430
3 D 118 393
4 D 626 909
0 D 935 600
1 D 325 186
2 D 384 127
3 D 292 219
4 D 236 275
0 D 91 420
1 D 347 164
2 D 956 579
3 D 522 1013
4 D 458 53
0 D 918 617
1 D 820 715
2 D 285 226
3 D 376 135
4 D 573 962
0 D 238 273
1 D 553 982
2 D 392 119
3 D 247 264
4 D 773 762
0 D 293 218
1 D 33 478
2 D 17 494
3 D 486 25
4 D 482 29
0 D 816 719
1 D 103 408
2 D 621 914
3 D 606 929
4 D 623 912
0 D 247 264
1 D 604 931
2 D 500 11
3 D 152 359
4 D 562 973
0 D 17 494
1 D 745 790
2 D 176 335
3 D 2 509
4 D 492 19
0 D 442 69
1 D 377 134
2 D 974 561
3 D 959 576
4 D 803 732
total time of producer and consumer measured by clock(2):
producer takes 317540000 clicks 317.540009 seconds.
consumer takes 317310000 clicks 317.310028 seconds.
total time of producer and consumer measured by time(2):
producer takes 318.000000 seconds.
consumer takes 317.000000 seconds.
real	10m35.150s
user	7m21.617s
sys	3m13.436s
