0 A 777 782
1 A 377 382
2 A 655 648
3 A 345 350
4 A 426 429
0 A 133 130
1 A 699 700
2 A 358 353
3 A 818 821
4 A 532 531
0 A 707 708
1 A 901 898
2 A 910 905
3 A 98 101
4 A 504 511
0 A 714 717
1 A 76 75
2 A 194 197
3 A 603 604
4 A 258 261
0 A 121 126
1 A 455 448
2 A 70 65
3 A 429 426
4 A 927 920
0 A 992 999
1 A 579 580
2 A 567 560
3 A 609 614
4 A 372 371
0 A 596 595
1 A 622 617
2 A 897 902
3 A 19 20
4 A 63 56
0 A 140 139
1 A 115 116
2 A 518 513
3 A 845 842
4 A 203 204
0 A 271 264
1 A 198 193
2 A 626 629
3 A 470 465
4 A 280 287
0 A 894 889
1 A 412 411
2 A 756 755
3 A 702 697
4 A 698 701
0 A 199 192
1 A 581 578
2 A 568 575
3 A 735 728
4 A 60 59
0 A 795 796
1 A 588 587
2 A 44 43
3 A 846 841
4 A 93 90
0 A 160 167
1 A 111 104
2 A 754 757
3 A 440 447
4 A 173 170
0 A 1000 1007
1 A 611 612
2 A 121 126
3 A 514 517
4 A 633 638
0 A 466 469
1 A 912 919
2 A 102 97
3 A 385 390
4 A 423 416
0 A 624 631
1 A 439 432
2 A 208 215
3 A 670 665
4 A 659 660
0 A 130 133
1 A 686 681
2 A 925 922
3 A 320 327
4 A 213 210
0 A 513 518
1 A 841 846
2 A 225 230
3 A 434 437
4 A 143 136
0 A 315 316
1 A 415 408
2 A 215 208
3 A 194 197
4 A 939 940
0 A 88 95
1 A 943 936
2 A 151 144
3 A 16 23
4 A 726 721
0 A 363 364
1 A 935 928
2 A 0 7
3 A 293 290
4 A 401 406
0 A 760 767
1 A 822 817
2 A 213 210
3 A 154 157
4 A 903 896
0 A 484 483
1 A 45 42
2 A 795 796
3 A 824 831
4 A 829 826
0 A 506 509
1 A 262 257
2 A 665 670
3 A 983 976
4 A 129 134
0 A 669 666
1 A 110 105
2 A 993 998
3 A 265 270
4 A 639 632
0 A 929 934
1 A 975 968
2 A 59 60
3 A 122 125
4 A 305 310
0 A 81 86
1 A 802 805
2 A 320 327
3 A 185 190
4 A 715 716
0 A 406 401
1 A 20 19
2 A 133 130
3 A 20 19
4 A 71 64
0 A 786 789
1 A 912 919
2 A 270 265
3 A 86 81
4 A 401 406
0 A 984 991
1 A 951 944
2 A 646 641
3 A 158 153
4 A 514 517
0 A 0 7
1 A 740 739
2 A 77 74
3 A 462 457
4 A 257 262
0 A 9 14
1 A 529 534
2 A 406 401
3 A 165 162
4 A 628 627
0 A 972 971
1 A 633 638
2 A 913 918
3 A 60 59
4 A 463 456
0 A 509 506
1 A 991 984
2 A 694 689
3 A 919 912
4 A 292 291
0 A 840 847
1 A 883 884
2 A 57 62
3 A 428 427
4 A 311 304
0 A 647 640
1 A 344 351
2 A 689 694
3 A 459 460
4 A 565 562
0 A 780 779
1 A 269 266
2 A 291 292
3 A 923 924
4 A 912 919
0 A 330 333
1 A 48 55
2 A 877 874
3 A 648 655
4 A 492 491
0 A 497 502
1 A 176 183
2 A 726 721
3 A 616 623
4 A 406 401
0 A 735 728
1 A 55 48
2 A 569 574
3 A 61 58
4 A 69 66
0 A 828 827
1 A 934 929
2 A 738 741
3 A 871 864
4 A 365 362
0 A 474 477
1 A 356 355
2 A 464 471
3 A 48 55
4 A 661 658
0 A 173 170
1 A 447 440
2 A 447 440
3 A 801 806
4 A 934 929
0 A 271 264
1 A 183 176
2 A 821 818
3 A 973 970
4 A 593 598
0 A 241 246
1 A 670 665
2 A 767 760
3 A 166 161
4 A 993 998
0 A 953 958
1 A 747 748
2 A 364 363
3 A 634 637
4 A 47 40
0 A 606 601
1 A 545 550
2 A 187 188
3 A 660 659
4 A 726 721
0 A 270 265
1 A 562 565
2 A 810 813
3 A 790 785
4 A 26 29
0 A 313 318
1 A 636 635
2 A 144 151
3 A 572 571
4 A 58 61
0 A 717 714
1 A 513 518
2 A 506 509
3 A 42 45
4 A 924 923
0 A 889 894
1 A 954 957
2 A 1 6
3 A 584 591
4 A 453 450
0 A 528 535
1 A 776 783
2 A 393 398
3 A 211 212
4 A 878 873
0 A 884 883
1 A 610 613
2 A 999 992
3 A 748 747
4 A 682 685
0 A 361 366
1 A 641 646
2 A 233 238
3 A 284 283
4 A 570 573
0 A 673 678
1 A 830 825
2 A 243 244
3 A 935 928
4 A 384 391
0 A 76 75
1 A 995 996
2 A 455 448
3 A 457 462
4 A 915 916
0 A 570 573
1 A 350 345
2 A 520 527
3 A 707 708
4 A 307 308
0 A 841 846
1 A 579 580
2 A 298 301
3 A 744 751
4 A 535 528
0 A 222 217
1 A 22 17
2 A 473 478
3 A 863 856
4 A 872 879
0 A 149 146
1 A 625 630
2 A 320 327
3 A 713 718
4 A 616 623
0 A 361 366
1 A 660 659
2 A 857 862
3 A 109 106
4 A 749 746
0 A 525 522
1 A 24 31
2 A 435 436
3 A 879 872
4 A 883 884
0 A 210 213
1 A 540 539
2 A 63 56
3 A 107 108
4 A 830 825
0 A 135 128
1 A 34 37
2 A 193 198
3 A 751 744
4 A 691 692
0 A 94 89
1 A 133 130
2 A 677 674
3 A 983 976
4 A 536 543
0 A 460 459
1 A 881 886
2 A 995 996
3 A 470 465
4 A 528 535
0 A 739 740
1 A 495 488
2 A 98 101
3 A 55 48
4 A 126 121
0 A 210 213
1 A 260 259
2 A 495 488
3 A 150 145
4 A 961 966
0 A 47 40
1 A 88 95
2 A 921 926
3 A 342 337
4 A 168 175
0 A 618 621
1 A 397 394
2 A 229 226
3 A 766 761
4 A 911 904
0 A 228 227
1 A 829 826
2 A 661 658
3 A 951 944
4 A 429 426
0 A 513 518
1 A 924 923
2 A 280 287
3 A 885 882
4 A 566 561
0 A 451 452
1 A 510 505
2 A 112 119
3 A 752 759
4 A 322 325
0 A 885 882
1 A 837 834
2 A 974 969
3 A 955 956
4 A 96 103
0 A 429 426
1 A 325 322
2 A 613 610
3 A 866 869
4 A 68 67
0 A 269 266
1 A 306 309
2 A 398 393
3 A 435 436
4 A 174 169
0 A 632 639
1 A 498 501
2 A 616 623
3 A 986 989
4 A 64 71
0 A 917 914
1 A 63 56
2 A 74 77
3 A 283 284
4 A 431 424
0 A 138 141
1 A 230 225
2 A 585 590
3 A 53 50
4 A 495 488
0 A 459 460
1 A 655 648
2 A 124 123
3 A 446 441
4 A 942 937
0 A 989 986
1 A 376 383
2 A 110 105
3 A 709 706
4 A 757 754
0 A 571 572
1 A 543 536
2 A 46 41
3 A 841 846
4 A 988 987
0 A 795 796
1 A 208 215
2 A 184 191
3 A 792 799
4 A 152 159
0 A 747 748
1 A 130 133
2 A 120 127
3 A 291 292
4 A 253 250
0 A 306 309
1 A 486 481
2 A 105 110
3 A 89 94
4 A 718 713
0 A 780 779
1 A 316 315
2 A 226 229
3 A 594 597
4 A 855 848
0 A 263 256
1 A 908 907
2 A 172 171
3 A 875 876
4 A 177 182
0 A 292 291
1 A 453 450
2 A 898 901
3 A 216 223
4 A 93 90
0 A 908 907
1 A 317 314
2 A 445 442
3 A 556 555
4 A 603 604
0 A 723 724
1 A 286 281
2 A 784 791
3 A 894 889
4 A 768 775
0 A 881 886
1 A 855 848
2 A 187 188
3 A 310 305
4 A 257 262
0 A 76 75
1 A 757 754
2 A 76 75
3 A 533 530
4 A 774 769
0 A 932 931
1 A 893 890
2 A 335 328
3 A 315 316
4 A 344 351
0 A 785 790
1 A 247 240
2 A 238 233
3 A 338 341
4 A 427 428
0 A 214 209
1 A 357 354
2 A 781 778
3 A 873 878
4 A 721 726
0 A 426 429
1 A 111 104
2 A 937 942
3 A 459 460
4 A 390 385
0 A 603 604
1 A 888 895
2 A 487 480
3 A 578 581
4 A 184 191
0 A 509 506
1 A 543 536
2 A 404 403
3 A 195 196
4 A 462 457
0 A 967 960
1 A 77 74
2 A 947 948
3 A 2 5
4 A 493 490
0 A 203 204
1 A 823 816
2 A 386 389
3 A 205 202
4 A 424 431
0 A 744 751
1 A 658 661
2 A 134 129
3 A 871 864
4 A 377 382
0 A 415 408
1 A 526 521
2 A 202 205
3 A 90 93
4 A 551 544
0 A 346 349
1 A 268 267
2 A 127 120
3 A 272 279
4 A 795 796
0 A 97 102
1 A 699 700
2 A 458 461
3 A 258 261
4 A 132 131
0 A 108 107
1 A 191 184
2 A 319 312
3 A 419 420
4 A 819 820
0 A 397 394
1 A 648 655
2 A 976 983
3 A 56 63
4 A 365 362
0 A 509 506
1 A 180 179
2 A 962 965
3 A 757 754
4 A 643 644
0 A 49 54
1 A 299 300
2 A 625 630
3 A 244 243
4 A 281 286
0 A 244 243
1 A 416 423
2 A 822 817
3 A 52 51
4 A 486 481
0 A 647 640
1 A 924 923
2 A 296 303
3 A 276 275
4 A 676 675
0 A 248 255
1 A 101 98
2 A 597 594
3 A 410 413
4 A 811 812
0 A 763 764
1 A 721 726
2 A 39 32
3 A 595 596
4 A 347 348
0 A 842 845
1 A 219 220
2 A 287 280
3 A 491 492
4 A 59 60
0 A 937 942
1 A 730 733
2 A 646 641
3 A 190 185
4 A 531 532
0 A 760 767
1 A 348 347
2 A 578 581
3 A 818 821
4 A 377 382
0 A 950 945
1 A 17 22
2 A 428 427
3 A 839 832
4 A 262 257
0 A 517 514
1 A 969 974
2 A 963 964
3 A 70 65
4 A 718 713
0 A 273 278
1 A 509 506
2 A 570 573
3 A 527 520
4 A 785 790
0 A 273 278
1 A 525 522
2 A 105 110
3 A 652 651
4 A 463 456
0 A 901 898
1 A 643 644
2 A 607 600
3 A 599 592
4 A 395 396
0 A 805 802
1 A 135 128
2 A 34 37
3 A 169 174
4 A 552 559
0 A 604 603
1 A 176 183
2 A 582 577
3 A 87 80
4 A 549 546
0 A 473 478
1 A 935 928
2 A 664 671
3 A 926 921
4 A 341 338
0 A 278 273
1 A 635 636
2 A 827 828
3 A 918 913
4 A 756 755
0 A 257 262
1 A 455 448
2 A 588 587
3 A 194 197
4 A 309 306
0 A 807 800
1 A 406 401
2 A 754 757
3 A 232 239
4 A 745 750
0 A 464 471
1 A 197 194
2 A 457 462
3 A 407 400
4 A 133 130
0 A 294 289
1 A 299 300
2 A 418 421
3 A 490 493
4 A 780 779
0 A 249 254
1 A 282 285
2 A 712 719
3 A 641 646
4 A 929 934
0 A 863 856
1 A 906 909
2 A 85 82
3 A 764 763
4 A 38 33
0 A 644 643
1 A 446 441
2 A 684 683
3 A 472 479
4 A 458 461
0 A 861 858
1 A 855 848
2 A 370 373
3 A 500 499
4 A 193 198
0 A 234 237
1 A 336 343
2 A 251 252
3 A 344 351
4 A 863 856
0 A 43 44
1 A 962 965
2 A 173 170
3 A 419 420
4 A 947 948
0 A 989 986
1 A 315 316
2 A 282 285
3 A 51 52
4 A 85 82
0 A 16 23
1 A 915 916
2 A 472 479
3 A 601 606
4 A 641 646
0 A 873 878
1 A 479 472
2 A 132 131
3 A 810 813
4 A 570 573
0 A 972 971
1 A 42 45
2 A 185 190
3 A 827 828
4 A 585 590
0 A 428 427
1 A 613 610
2 A 122 125
3 A 58 61
4 A 50 53
0 A 952 959
1 A 299 300
2 A 376 383
3 A 863 856
4 A 17 22
0 A 773 770
1 A 789 786
2 A 283 284
3 A 391 384
4 A 835 836
0 A 222 217
1 A 183 176
2 A 734 729
3 A 584 591
4 A 605 602
0 A 410 413
1 A 388 387
2 A 44 43
3 A 123 124
4 A 838 833
0 A 395 396
1 A 184 191
2 A 636 635
3 A 365 362
4 A 906 909
0 A 635 636
1 A 712 719
2 A 338 341
3 A 434 437
4 A 191 184
0 A 141 138
1 A 571 572
2 A 494 489
3 A 331 332
4 A 97 102
0 A 267 268
1 A 859 860
2 A 469 466
3 A 584 591
4 A 818 821
0 A 675 676
1 A 438 433
2 A 941 938
3 A 42 45
4 A 948 947
0 A 70 65
1 A 434 437
2 A 199 192
3 A 774 769
4 A 871 864
0 A 508 507
1 A 608 615
2 A 343 336
3 A 112 119
4 A 937 942
0 A 923 924
1 A 729 734
2 A 798 793
3 A 902 897
4 A 466 469
0 A 301 298
1 A 5 2
2 A 121 126
3 A 771 772
4 A 575 568
0 A 452 451
1 A 534 529
2 A 53 50
3 A 553 558
4 A 345 350
0 A 922 925
1 A 455 448
2 A 380 379
3 A 402 405
4 A 668 667
0 A 994 997
1 A 154 157
2 A 98 101
3 A 143 136
4 A 165 162
0 A 122 125
1 A 535 528
2 A 952 959
3 A 779 780
4 A 576 583
0 A 565 562
1 A 107 108
2 A 729 734
3 A 870 865
4 A 747 748
0 A 708 707
1 A 290 293
2 A 498 501
3 A 439 432
4 A 138 141
0 A 232 239
1 A 204 203
2 A 546 549
3 A 484 483
4 A 480 487
0 A 403 404
1 A 314 317
2 A 823 816
3 A 510 505
4 A 226 229
0 A 71 64
1 A 331 332
2 A 931 932
3 A 406 401
4 A 863 856
0 A 746 749
1 A 780 779
2 A 334 329
3 A 287 280
4 A 39 32
0 A 856 863
1 A 452 451
2 A 833 838
3 A 143 136
4 A 716 715
0 A 99 100
1 A 973 970
2 A 118 113
3 A 831 824
4 A 187 188
0 A 17 22
1 A 858 861
2 A 219 220
3 A 411 412
4 A 35 36
0 A 239 232
1 A 606 601
2 A 546 549
3 A 256 263
4 A 194 197
0 A 320 327
1 A 885 882
2 A 761 766
3 A 620 619
4 A 321 326
0 A 536 543
1 A 512 519
2 A 851 852
3 A 366 361
4 A 932 931
0 A 136 143
1 A 955 956
2 A 504 511
3 A 344 351
4 A 612 611
0 A 133 130
1 A 302 297
2 A 653 650
3 A 569 574
4 A 145 150
0 A 498 501
1 A 844 843
2 A 617 622
3 A 332 331
4 A 316 315
0 A 278 273
1 A 566 561
2 A 31 24
3 A 965 962
4 A 51 52
0 A 799 792
1 A 819 820
2 A 878 873
3 A 611 612
4 A 961 966
0 A 919 912
1 A 978 981
2 A 596 595
3 A 43 44
4 A 343 336
0 A 290 293
1 A 976 983
2 A 673 678
3 A 752 759
4 A 498 501
0 A 4 3
1 A 302 297
2 A 981 978
3 A 699 700
4 A 139 140
0 A 594 597
1 A 770 773
2 A 390 385
3 A 739 740
4 A 447 440
0 A 792 799
1 A 670 665
2 A 955 956
3 A 552 559
4 A 379 380
0 A 67 68
1 A 102 97
2 A 18 21
3 A 676 675
4 A 546 549
0 A 763 764
1 A 689 694
2 A 686 681
3 A 16 23
4 A 5 2
0 A 216 223
1 A 812 811
2 A 274 277
3 A 81 86
4 A 433 438
0 A 261 258
1 A 558 553
2 A 994 997
3 A 295 288
4 A 267 268
0 A 999 992
1 A 283 284
2 A 607 600
3 A 637 634
4 A 859 860
0 A 227 228
1 A 849 854
2 A 372 371
3 A 908 907
4 A 467 468
0 A 958 953
1 A 943 936
2 A 468 467
3 A 547 548
4 A 469 466
0 A 981 978
1 A 448 455
2 A 728 735
3 A 553 558
4 A 464 471
0 A 574 569
1 A 920 927
2 A 273 278
3 A 353 358
4 A 811 812
0 A 230 225
1 A 45 42
2 A 743 736
3 A 913 918
4 A 106 109
0 A 557 554
1 A 465 470
2 A 144 151
3 A 187 188
4 A 550 545
0 A 74 77
1 A 497 502
2 A 665 670
3 A 224 231
4 A 353 358
0 A 280 287
1 A 575 568
2 A 41 46
3 A 50 53
4 A 21 18
0 A 129 134
1 A 955 956
2 A 35 36
3 A 843 844
4 A 651 652
0 A 280 287
1 A 554 557
2 A 908 907
3 A 347 348
4 A 21 18
0 A 173 170
1 A 25 30
2 A 794 797
3 A 661 658
4 A 833 838
0 A 486 481
1 A 247 240
2 A 294 289
3 A 902 897
4 A 531 532
0 A 734 729
1 A 862 857
2 A 759 752
3 A 272 279
4 A 426 429
0 A 388 387
1 A 896 903
2 A 518 513
3 A 220 219
4 A 976 983
0 A 603 604
1 A 844 843
2 A 814 809
3 A 549 546
4 A 411 412
0 A 649 654
1 A 264 271
2 A 91 92
3 A 203 204
4 A 277 274
0 A 411 412
1 A 335 328
2 A 800 807
3 A 685 682
4 A 945 950
0 A 244 243
1 A 799 792
2 A 29 26
3 A 936 943
4 A 611 612
0 A 615 608
1 A 636 635
2 A 856 863
3 A 752 759
4 A 408 415
0 A 71 64
1 A 404 403
2 A 715 716
3 A 557 554
4 A 845 842
0 A 140 139
1 A 225 230
2 A 788 787
3 A 703 696
4 A 525 522
0 A 373 370
1 A 526 521
2 A 0 7
3 A 929 934
4 A 359 352
0 A 240 247
1 A 775 768
2 A 108 107
3 A 439 432
4 A 84 83
0 A 20 19
1 A 765 762
2 A 504 511
3 A 878 873
4 A 981 978
0 A 575 568
1 A 973 970
2 A 932 931
3 A 811 812
4 A 211 212
0 A 279 272
1 A 484 483
2 A 497 502
3 A 119 112
4 A 332 331
0 A 534 529
1 A 153 158
2 A 233 238
3 A 984 991
4 A 666 669
0 A 73 78
1 A 406 401
2 A 782 777
3 A 159 152
4 A 271 264
0 A 333 330
1 A 846 841
2 A 378 381
3 A 121 126
4 A 897 902
0 A 722 725
1 A 204 203
2 A 910 905
3 A 450 453
4 A 953 958
0 A 120 127
1 A 177 182
2 A 312 319
3 A 41 46
4 A 663 656
0 A 683 684
1 A 751 744
2 A 396 395
3 A 183 176
4 A 480 487
0 A 228 227
1 A 342 337
2 A 772 771
3 A 559 552
4 A 185 190
0 A 575 568
1 A 716 715
2 A 652 651
3 A 805 802
4 A 333 330
0 A 201 206
1 A 660 659
2 A 892 891
3 A 730 733
4 A 892 891
0 A 431 424
1 A 414 409
2 A 676 675
3 A 304 311
4 A 90 93
0 A 358 353
1 A 980 979
2 A 980 979
3 A 819 820
4 A 154 157
0 A 513 518
1 A 382 377
2 A 150 145
3 A 658 661
4 A 402 405
0 A 407 400
1 A 459 460
2 A 527 520
3 A 527 520
4 A 514 517
0 A 632 639
1 A 228 227
2 A 989 986
3 A 447 440
4 A 822 817
0 A 375 368
1 A 460 459
2 A 575 568
3 A 742 737
4 A 171 172
0 A 519 512
1 A 793 798
2 A 412 411
3 A 328 335
4 A 695 688
0 A 111 104
1 A 25 30
2 A 39 32
3 A 993 998
4 A 636 635
0 A 554 557
1 A 973 970
2 A 678 673
3 A 725 722
4 A 654 649
0 A 218 221
1 A 807 800
2 A 43 44
3 A 993 998
4 A 351 344
0 A 804 803
1 A 9 14
2 A 987 988
3 A 463 456
4 A 78 73
0 A 130 133
1 A 463 456
2 A 308 307
3 A 27 28
4 A 668 667
0 A 744 751
1 A 226 229
2 A 845 842
3 A 431 424
4 A 227 228
0 A 868 867
1 A 474 477
2 A 686 681
3 A 186 189
4 A 152 159
0 A 263 256
1 A 80 87
2 A 104 111
3 A 354 357
4 A 139 140
0 A 282 285
1 A 712 719
2 A 762 765
3 A 977 982
4 A 841 846
0 A 826 829
1 A 817 822
2 A 761 766
3 A 298 301
4 A 546 549
0 A 621 618
1 A 85 82
2 A 931 932
3 A 489 494
4 A 500 499
0 A 942 937
1 A 774 769
2 A 792 799
3 A 810 813
4 A 643 644
0 A 318 313
1 A 484 483
2 A 312 319
3 A 653 650
4 A 108 107
0 A 234 237
1 A 224 231
2 A 763 764
3 A 842 845
4 A 103 96
0 A 821 818
1 A 837 834
2 A 862 857
3 A 159 152
4 A 510 505
0 A 150 145
1 A 39 32
2 A 573 570
3 A 539 540
4 A 800 807
0 A 604 603
1 A 981 978
2 A 695 688
3 A 156 155
4 A 195 196
0 A 945 950
1 A 266 269
2 A 254 249
3 A 807 800
4 A 498 501
0 A 879 872
1 A 827 828
2 A 977 982
3 A 201 206
4 A 571 572
0 A 288 295
1 A 434 437
2 A 856 863
3 A 920 927
4 A 824 831
0 A 323 324
1 A 882 885
2 A 210 213
3 A 105 110
4 A 917 914
0 A 284 283
1 A 190 185
2 A 403 404
3 A 757 754
4 A 127 120
0 A 728 735
1 A 88 95
2 A 778 781
3 A 7 0
4 A 120 127
0 A 655 648
1 A 290 293
2 A 339 340
3 A 510 505
4 A 29 26
0 A 876 875
1 A 129 134
2 A 473 478
3 A 630 625
4 A 421 418
0 A 865 870
1 A 198 193
2 A 650 653
3 A 417 422
4 A 247 240
0 A 390 385
1 A 202 205
2 A 691 692
3 A 375 368
4 A 73 78
0 A 489 494
1 A 408 415
2 A 963 964
3 A 565 562
4 A 61 58
0 A 596 595
1 A 456 463
2 A 28 27
3 A 245 242
4 A 659 660
0 A 157 154
1 A 1000 1007
2 A 895 888
3 A 566 561
4 A 824 831
0 A 249 254
1 A 475 476
2 A 808 815
3 A 738 741
4 A 638 633
0 A 0 7
1 A 290 293
2 A 821 818
3 A 839 832
4 A 948 947
0 A 929 934
1 A 73 78
2 A 927 920
3 A 556 555
4 A 106 109
0 A 493 490
1 A 655 648
2 A 9 14
3 A 939 940
4 A 803 804
0 A 617 622
1 A 659 660
2 A 69 66
3 A 948 947
4 A 295 288
0 A 32 39
1 A 594 597
2 A 338 341
3 A 345 350
4 A 114 117
0 A 151 144
1 A 106 109
2 A 592 599
3 A 809 814
4 A 936 943
0 A 45 42
1 A 410 413
2 A 213 210
3 A 163 164
4 A 122 125
0 A 983 976
1 A 506 509
2 A 201 206
3 A 488 495
4 A 321 326
0 A 427 428
1 A 410 413
2 A 656 663
3 A 541 538
4 A 312 319
0 A 790 785
1 A 975 968
2 A 843 844
3 A 763 764
4 A 375 368
0 A 864 871
1 A 307 308
2 A 416 423
3 A 222 217
4 A 989 986
0 A 1000 1007
1 A 106 109
2 A 257 262
3 A 187 188
4 A 83 84
0 A 318 313
1 A 280 287
2 A 6 1
3 A 440 447
4 A 55 48
0 A 87 80
1 A 124 123
2 A 544 551
3 A 516 515
4 A 40 47
0 A 588 587
1 A 788 787
2 A 154 157
3 A 721 726
4 A 274 277
0 A 756 755
1 A 360 367
2 A 331 332
3 A 514 517
4 A 331 332
0 A 224 231
1 A 639 632
2 A 465 470
3 A 927 920
4 A 837 834
0 A 492 491
1 A 712 719
2 A 601 606
3 A 699 700
4 A 507 508
0 A 322 325
1 A 142 137
2 A 758 753
3 A 690 693
4 A 989 986
0 A 155 156
1 A 920 927
2 A 478 473
3 A 565 562
4 A 216 223
0 A 872 879
1 A 241 246
2 A 61 58
3 A 952 959
4 A 567 560
0 A 389 386
1 A 259 260
2 A 24 31
3 A 393 398
4 A 629 626
0 A 134 129
1 A 1 6
2 A 524 523
3 A 5 2
4 A 6 1
0 A 540 539
1 A 128 135
2 A 812 811
3 A 716 715
4 A 882 885
0 A 335 328
1 A 686 681
2 A 883 884
3 A 571 572
4 A 336 343
0 A 500 499
1 A 47 40
2 A 943 936
3 A 16 23
4 A 997 994
0 A 820 819
1 A 259 260
2 A 771 772
3 A 517 514
4 A 224 231
0 A 437 434
1 A 639 632
2 A 406 401
3 A 987 988
4 A 15 8
0 A 369 374
1 A 58 61
2 A 173 170
3 A 688 695
4 A 883 884
0 A 776 783
1 A 916 915
2 A 387 388
3 A 199 192
4 A 141 138
0 A 441 446
1 A 528 535
2 A 78 73
3 A 759 752
4 A 443 444
0 A 112 119
1 A 964 963
2 A 3 4
3 A 957 954
4 A 257 262
0 A 163 164
1 A 180 179
2 A 10 13
3 A 57 62
4 A 216 223
0 A 550 545
1 A 968 975
2 A 527 520
3 A 555 556
4 A 968 975
0 A 391 384
1 A 448 455
2 A 115 116
3 A 508 507
4 A 699 700
0 A 164 163
1 A 610 613
2 A 523 524
3 A 532 531
4 A 208 215
0 A 639 632
1 A 326 321
2 A 307 308
3 A 56 63
4 A 488 495
0 A 580 579
1 A 27 28
2 A 478 473
3 A 157 154
4 A 594 597
0 A 11 12
1 A 293 290
2 A 714 717
3 A 136 143
4 A 658 661
0 A 950 945
1 A 468 467
2 A 176 183
3 A 592 599
4 A 395 396
0 A 773 770
1 A 386 389
2 A 80 87
3 A 609 614
4 A 119 112
0 A 574 569
1 A 56 63
2 A 878 873
3 A 621 618
4 A 997 994
0 A 687 680
1 A 667 668
2 A 868 867
3 A 891 892
4 A 184 191
0 A 425 430
1 A 933 930
2 A 182 177
3 A 408 415
4 A 717 714
0 A 341 338
1 A 630 625
2 A 856 863
3 A 179 180
4 A 855 848
0 A 592 599
1 A 735 728
2 A 511 504
3 A 811 812
4 A 884 883
0 A 686 681
1 A 564 563
2 A 414 409
3 A 319 312
4 A 516 515
0 A 520 527
1 A 172 171
2 A 385 390
3 A 69 66
4 A 681 686
0 A 59 60
1 A 22 17
2 A 84 83
3 A 326 321
4 A 454 449
0 A 764 763
1 A 953 958
2 A 874 877
3 A 49 54
4 A 220 219
0 A 358 353
1 A 906 909
2 A 676 675
3 A 289 294
4 A 412 411
0 A 108 107
1 A 18 21
2 A 459 460
3 A 120 127
4 A 357 354
0 A 759 752
1 A 986 989
2 A 315 316
3 A 977 982
4 A 202 205
0 A 377 382
1 A 602 605
2 A 90 93
3 A 103 96
4 A 820 819
0 A 892 891
1 A 239 232
2 A 490 493
3 A 706 709
4 A 639 632
0 A 448 455
1 A 425 430
2 A 454 449
3 A 489 494
4 A 450 453
0 A 59 60
1 A 268 267
2 A 254 249
3 A 791 784
4 A 878 873
0 A 157 154
1 A 221 218
2 A 901 898
3 A 74 77
4 A 11 12
0 A 529 534
1 A 629 626
2 A 542 537
3 A 768 775
4 A 294 289
0 A 134 129
1 A 551 544
2 A 292 291
3 A 437 434
4 A 589 586
0 A 903 896
1 A 62 57
2 A 460 459
3 A 984 991
4 A 462 457
0 A 798 793
1 A 819 820
2 A 491 492
3 A 128 135
4 A 300 299
0 A 536 543
1 A 93 90
2 A 295 288
3 A 509 506
4 A 666 669
0 A 950 945
1 A 576 583
2 A 970 973
3 A 236 235
4 A 601 606
0 A 571 572
1 A 760 767
2 A 670 665
3 A 844 843
4 A 388 387
0 A 519 512
1 A 518 513
2 A 974 969
3 A 589 586
4 A 595 596
0 A 34 37
1 A 63 56
2 A 782 777
3 A 883 884
4 A 324 323
0 A 368 375
1 A 667 668
2 A 697 702
3 A 713 718
4 A 370 373
0 A 753 758
1 A 509 506
2 A 704 711
3 A 816 823
4 A 371 372
0 A 4 3
1 A 261 258
2 A 558 553
3 A 666 669
4 A 687 680
0 A 101 98
1 A 905 910
2 A 907 908
3 A 533 530
4 A 336 343
0 A 704 711
1 A 346 349
2 A 86 81
3 A 861 858
4 A 951 944
0 A 401 406
1 A 646 641
2 A 311 304
3 A 827 828
4 A 616 623
0 A 230 225
1 A 370 373
2 A 657 662
3 A 557 554
4 A 366 361
0 A 885 882
1 A 909 906
2 A 460 459
3 A 471 464
4 A 82 85
0 A 416 423
1 A 327 320
2 A 379 380
3 A 201 206
4 A 977 982
0 A 157 154
1 A 868 867
2 A 903 896
3 A 985 990
4 A 122 125
0 A 964 963
1 A 285 282
2 A 765 762
3 A 938 941
4 A 23 16
0 A 642 645
1 A 94 89
2 A 308 307
3 A 33 38
4 A 687 680
0 A 133 130
1 A 882 885
2 A 896 903
3 A 939 940
4 A 548 547
0 A 248 255
1 A 922 925
2 A 563 564
3 A 303 296
4 A 243 244
0 A 678 673
1 A 540 539
2 A 476 475
3 A 905 910
4 A 744 751
0 A 501 498
1 A 634 637
2 A 954 957
3 A 269 266
4 A 67 68
0 A 343 336
1 A 419 420
2 A 737 742
3 A 891 892
4 A 778 781
0 A 466 469
1 A 194 197
2 A 788 787
3 A 544 551
4 A 754 757
0 A 760 767
1 A 975 968
2 A 653 650
3 A 704 711
4 A 839 832
0 A 119 112
1 A 720 727
2 A 831 824
3 A 937 942
4 A 194 197
0 A 201 206
1 A 438 433
2 A 431 424
3 A 841 846
4 A 468 467
0 A 233 238
1 A 111 104
2 A 759 752
3 A 947 948
4 A 50 53
0 A 554 557
1 A 585 590
2 A 625 630
3 A 961 966
4 A 344 351
0 A 180 179
1 A 970 973
2 A 379 380
3 A 982 977
4 A 688 695
0 A 87 80
1 A 71 64
2 A 265 270
3 A 792 799
4 A 229 226
0 A 721 726
1 A 856 863
2 A 924 923
3 A 101 98
4 A 587 588
0 A 767 760
1 A 741 738
2 A 950 945
3 A 350 345
4 A 322 325
0 A 702 697
1 A 668 667
2 A 541 538
3 A 38 33
4 A 6 1
0 A 536 543
1 A 184 191
2 A 127 120
3 A 36 35
4 A 253 250
0 A 781 778
1 A 555 556
2 A 623 616
3 A 989 986
4 A 453 450
0 A 5 2
1 A 275 276
2 A 745 750
3 A 336 343
4 A 197 194
0 A 67 68
1 A 955 956
2 A 443 444
3 A 54 49
4 A 335 328
0 A 135 128
1 A 100 99
2 A 28 27
3 A 46 41
4 A 505 510
0 A 815 808
1 A 236 235
2 A 507 508
3 A 794 797
4 A 127 120
0 A 704 711
1 A 759 752
2 A 84 83
3 A 750 745
4 A 249 254
0 A 498 501
1 A 910 905
2 A 227 228
3 A 298 301
4 A 56 63
0 A 603 604
1 A 544 551
2 A 578 581
3 A 423 416
4 A 417 422
0 A 661 658
1 A 693 690
2 A 278 273
3 A 810 813
4 A 447 440
0 A 416 423
1 A 136 143
2 A 663 656
3 A 621 618
4 A 463 456
0 A 775 768
1 A 2 5
2 A 725 722
3 A 139 140
4 A 674 677
0 A 280 287
1 A 873 878
2 A 182 177
3 A 251 252
4 A 294 289
0 A 220 219
1 A 868 867
2 A 808 815
3 A 639 632
4 A 105 110
0 A 394 397
1 A 481 486
2 A 445 442
3 A 434 437
4 A 881 886
0 A 16 23
1 A 15 8
2 A 434 437
3 A 718 713
4 A 928 935
0 A 572 571
1 A 859 860
2 B 196 219
3 B 767 736
4 B 159 128
0 B 823 808
1 B 905 918
2 B 228 251
3 B 937 950
4 B 578 605
0 B 197 218
1 B 316 291
2 B 507 484
3 B 410 389
4 B 438 425
0 B 111 112
1 B 518 537
2 B 365 370
3 B 521 534
4 B 900 923
0 B 695 680
1 B 215 200
2 B 390 409
3 B 612 635
4 B 344 327
0 B 516 539
1 B 835 860
2 B 262 281
3 B 854 841
4 B 102 121
0 B 565 554
1 B 679 696
2 B 682 693
3 B 190 161
4 B 831 800
0 B 886 873
1 B 322 349
2 B 806 825
3 B 897 926
4 B 33 62
0 B 647 664
1 B 992 1023
2 B 895 864
3 B 744 759
4 B 907 916
0 B 831 800
1 B 970 981
2 B 652 659
3 B 280 263
4 B 588 595
0 B 150 137
1 B 142 145
2 B 711 728
3 B 558 561
4 B 563 556
0 B 187 164
1 B 820 811
2 B 727 712
3 B 65 94
4 B 779 788
0 B 809 822
1 B 538 517
2 B 582 601
3 B 185 166
4 B 158 129
0 B 18 13
1 B 891 868
2 B 311 296
3 B 781 786
4 B 785 782
0 B 38 57
1 B 614 633
2 B 170 181
3 B 854 841
4 B 219 196
0 B 891 868
1 B 529 526
2 B 632 615
3 B 350 321
4 B 867 892
0 B 388 411
1 B 8 23
2 B 852 843
3 B 996 1019
4 B 786 781
0 B 396 403
1 B 75 84
2 B 217 198
3 B 311 296
4 B 214 201
0 B 930 957
1 B 443 420
2 B 475 452
3 B 846 849
4 B 553 566
0 B 824 807
1 B 554 565
2 B 34 61
3 B 320 351
4 B 403 396
0 B 442 421
1 B 577 606
2 B 778 789
3 B 980 971
4 B 351 320
0 B 343 328
1 B 461 466
2 B 653 658
3 B 723 716
4 B 954 933
0 B 545 574
1 B 667 644
2 B 217 198
3 B 497 494
4 B 657 654
0 B 656 655
1 B 267 276
2 B 435 428
3 B 226 253
4 B 108 115
0 B 886 873
1 B 259 284
2 B 10 21
3 B 407 392
4 B 474 453
0 B 973 978
1 B 109 114
2 B 874 885
3 B 298 309
4 B 968 983
0 B 149 138
1 B 655 656
2 B 766 737
3 B 835 860
4 B 789 778
0 B 118 105
1 B 534 521
2 B 657 654
3 B 15 16
4 B 270 273
0 B 811 820
1 B 284 259
2 B 879 880
3 B 535 520
4 B 352 383
0 B 822 809
1 B 696 679
2 B 503 488
3 B 767 736
4 B 884 875
0 B 494 497
1 B 930 957
2 B 567 552
3 B 477 450
4 B 306 301
0 B 48 47
1 B 229 250
2 B 247 232
3 B 73 86
4 B 755 748
0 B 53 42
1 B 653 658
2 B 843 852
3 B 548 571
4 B 172 179
0 B 141 146
1 B 706 733
2 B 766 737
3 B 88 71
4 B 668 643
0 B 130 157
1 B 772 795
2 B 600 583
3 B 266 277
4 B 830 801
0 B 648 663
1 B 75 84
2 B 190 161
3 B 451 476
4 B 882 877
0 B 288 319
1 B 969 982
2 B 670 641
3 B 34 61
4 B 775 792
0 B 115 108
1 B 996 1019
2 B 415 384
3 B 567 552
4 B 260 283
0 B 285 258
1 B 118 105
2 B 310 297
3 B 106 117
4 B 244 235
0 B 334 337
1 B 185 166
2 B 504 487
3 B 780 787
4 B 610 637
0 B 586 597
1 B 10 21
2 B 165 186
3 B 239 240
4 B 634 613
0 B 483 508
1 B 540 515
2 B 962 989
3 B 710 729
4 B 2 29
0 B 540 515
1 B 625 622
2 B 281 262
3 B 417 446
4 B 912 911
0 B 920 903
1 B 914 909
2 B 919 904
3 B 373 362
4 B 114 109
0 B 446 417
1 B 145 142
2 B 965 986
3 B 687 688
4 B 76 83
0 B 365 370
1 B 251 228
2 B 959 928
3 B 841 854
4 B 322 349
0 B 232 247
1 B 488 503
2 B 222 193
3 B 914 909
4 B 34 61
0 B 231 248
1 B 646 665
2 B 954 933
3 B 111 112
4 B 462 465
0 B 670 641
1 B 578 605
2 B 343 328
3 B 680 695
4 B 396 403
0 B 70 89
1 B 291 316
2 B 712 727
3 B 964 987
4 B 227 252
0 B 28 3
1 B 577 606
2 B 704 735
3 B 983 968
4 B 279 264
0 B 476 451
1 B 449 478
2 B 448 479
3 B 925 898
4 B 954 933
0 B 314 293
1 B 585 598
2 B 748 755
3 B 363 372
4 B 126 97
0 B 200 215
1 B 92 67
2 B 682 693
3 B 25 6
4 B 933 954
0 B 65 94
1 B 323 348
2 B 176 175
3 B 139 148
4 B 233 246
0 B 536 519
1 B 129 158
2 B 120 103
3 B 275 268
4 B 938 949
0 B 867 892
1 B 471 456
2 B 179 172
3 B 425 438
4 B 352 383
0 B 427 436
1 B 606 577
2 B 894 865
3 B 977 974
4 B 404 395
0 B 73 86
1 B 803 828
2 B 725 714
3 B 97 126
4 B 755 748
0 B 697 678
1 B 47 48
2 B 534 521
3 B 985 966
4 B 656 655
0 B 966 985
1 B 536 519
2 B 901 922
3 B 817 814
4 B 203 212
0 B 718 721
1 B 628 619
2 B 327 344
3 B 451 476
4 B 476 451
0 B 138 149
1 B 986 965
2 B 574 545
3 B 322 349
4 B 357 378
0 B 751 752
1 B 952 935
2 B 708 731
3 B 951 936
4 B 720 719
0 B 149 138
1 B 950 937
2 B 710 729
3 B 616 631
4 B 201 214
0 B 695 680
1 B 468 459
2 B 275 268
3 B 471 456
4 B 311 296
0 B 506 485
1 B 894 865
2 B 427 436
3 B 797 770
4 B 31 0
0 B 794 773
1 B 970 981
2 B 197 218
3 B 477 450
4 B 53 42
0 B 304 303
1 B 863 832
2 B 814 817
3 B 218 197
4 B 630 617
0 B 102 121
1 B 696 679
2 B 652 659
3 B 615 632
4 B 357 378
0 B 241 238
1 B 167 184
2 B 509 482
3 B 326 345
4 B 556 563
0 B 624 623
1 B 11 20
2 B 169 182
3 B 189 162
4 B 665 646
0 B 12 19
1 B 663 648
2 B 574 545
3 B 703 672
4 B 734 705
0 B 553 566
1 B 915 908
2 B 863 832
3 B 373 362
4 B 651 660
0 B 817 814
1 B 679 696
2 B 616 631
3 B 713 726
4 B 339 332
0 B 888 871
1 B 758 745
2 B 465 462
3 B 802 829
4 B 893 866
0 B 826 805
1 B 755 748
2 B 605 578
3 B 319 288
4 B 264 279
0 B 150 137
1 B 116 107
2 B 387 412
3 B 39 56
4 B 840 855
0 B 762 741
1 B 863 832
2 B 212 203
3 B 246 233
4 B 972 979
0 B 327 344
1 B 163 188
2 B 598 585
3 B 612 635
4 B 347 324
0 B 3 28
1 B 143 144
2 B 951 936
3 B 76 83
4 B 84 75
0 B 188 163
1 B 667 644
2 B 387 412
3 B 446 417
4 B 163 188
0 B 166 185
1 B 110 113
2 B 673 702
3 B 192 223
4 B 235 244
0 B 717 722
1 B 95 64
2 B 973 978
3 B 578 605
4 B 922 901
0 B 858 837
1 B 352 383
2 B 810 821
3 B 481 510
4 B 595 588
0 B 412 387
1 B 376 359
2 B 959 928
3 B 187 164
4 B 211 204
0 B 430 433
1 B 23 8
2 B 638 609
3 B 897 926
4 B 165 186
0 B 862 833
1 B 855 840
2 B 839 856
3 B 202 213
4 B 188 163
0 B 597 586
1 B 75 84
2 B 92 67
3 B 706 733
4 B 869 890
0 B 927 896
1 B 924 899
2 B 742 761
3 B 827 804
4 B 846 849
0 B 576 607
1 B 252 227
2 B 77 82
3 B 82 77
4 B 274 269
0 B 373 362
1 B 250 229
2 B 919 904
3 B 206 209
4 B 777 790
0 B 334 337
1 B 1 30
2 B 163 188
3 B 229 250
4 B 193 222
0 B 290 317
1 B 873 886
2 B 92 67
3 B 192 223
4 B 186 165
0 B 224 255
1 B 11 20
2 B 926 897
3 B 935 952
4 B 837 858
0 B 475 452
1 B 185 166
2 B 363 372
3 B 609 638
4 B 47 48
0 B 205 210
1 B 920 903
2 B 472 455
3 B 160 191
4 B 813 818
0 B 532 523
1 B 39 56
2 B 106 117
3 B 185 166
4 B 662 649
0 B 546 573
1 B 215 200
2 B 944 943
3 B 925 898
4 B 746 757
0 B 684 691
1 B 122 101
2 B 47 48
3 B 663 648
4 B 966 985
0 B 173 178
1 B 68 91
2 B 378 357
3 B 387 412
4 B 83 76
0 B 890 869
1 B 360 375
2 B 466 461
3 B 351 320
4 B 659 652
0 B 964 987
1 B 299 308
2 B 765 738
3 B 773 794
4 B 825 806
0 B 932 955
1 B 93 66
2 B 619 628
3 B 445 418
4 B 335 336
0 B 156 131
1 B 738 765
2 B 643 668
3 B 13 18
4 B 572 547
0 B 682 693
1 B 949 938
2 B 316 291
3 B 33 62
4 B 143 144
0 B 593 590
1 B 394 405
2 B 750 753
3 B 919 904
4 B 980 971
0 B 448 479
1 B 38 57
2 B 640 671
3 B 183 168
4 B 234 245
0 B 220 195
1 B 539 516
2 B 959 928
3 B 542 513
4 B 691 684
0 B 844 851
1 B 945 942
2 B 507 484
3 B 989 962
4 B 96 127
0 B 511 480
1 B 890 869
2 B 231 248
3 B 293 314
4 B 997 1018
0 B 612 635
1 B 571 548
2 B 335 336
3 B 174 177
4 B 520 535
0 B 353 382
1 B 58 37
2 B 996 1019
3 B 403 396
4 B 479 448
0 B 303 304
1 B 152 135
2 B 819 812
3 B 630 617
4 B 634 613
0 B 100 123
1 B 571 548
2 B 374 361
3 B 442 421
4 B 525 530
0 B 282 261
1 B 34 61
2 B 460 467
3 B 30 1
4 B 385 414
0 B 867 892
1 B 604 579
2 B 42 53
3 B 919 904
4 B 217 198
0 B 965 986
1 B 786 781
2 B 423 440
3 B 801 830
4 B 329 342
0 B 960 991
1 B 772 795
2 B 674 701
3 B 813 818
4 B 89 70
0 B 864 895
1 B 155 132
2 B 514 541
3 B 511 480
4 B 338 333
0 B 784 783
1 B 999 1016
2 B 220 195
3 B 851 844
4 B 746 757
0 B 610 637
1 B 567 552
2 B 837 858
3 B 145 142
4 B 941 946
0 B 175 176
1 B 452 475
2 B 310 297
3 B 151 136
4 B 756 747
0 B 37 58
1 B 974 977
2 B 758 745
3 B 951 936
4 B 112 111
0 B 776 791
1 B 29 2
2 B 469 458
3 B 998 1017
4 B 993 1022
0 B 509 482
1 B 134 153
2 B 819 812
3 B 996 1019
4 B 733 706
0 B 814 817
1 B 901 922
2 B 406 393
3 B 870 889
4 B 724 715
0 B 236 243
1 B 482 509
2 B 380 355
3 B 473 454
4 B 760 743
0 B 771 796
1 B 970 981
2 B 577 606
3 B 105 118
4 B 938 949
0 B 134 153
1 B 677 698
2 B 502 489
3 B 423 440
4 B 522 533
0 B 82 77
1 B 180 171
2 B 810 821
3 B 607 576
4 B 494 497
0 B 761 742
1 B 582 601
2 B 994 1021
3 B 515 540
4 B 322 349
0 B 536 519
1 B 574 545
2 B 65 94
3 B 436 427
4 B 969 982
0 B 806 825
1 B 286 257
2 B 870 889
3 B 560 559
4 B 632 615
0 B 473 454
1 B 622 625
2 B 968 983
3 B 508 483
4 B 119 104
0 B 163 188
1 B 350 321
2 B 318 289
3 B 563 556
4 B 129 158
0 B 549 570
1 B 954 933
2 B 967 984
3 B 915 908
4 B 257 286
0 B 73 86
1 B 768 799
2 B 750 753
3 B 366 369
4 B 158 129
0 B 492 499
1 B 70 89
2 B 335 336
3 B 51 44
4 B 376 359
0 B 962 989
1 B 683 692
2 B 639 608
3 B 197 218
4 B 368 367
0 B 916 907
1 B 906 917
2 B 820 811
3 B 428 435
4 B 457 470
0 B 312 295
1 B 928 959
2 B 155 132
3 B 283 260
4 B 982 969
0 B 580 603
1 B 444 419
2 B 326 345
3 B 622 625
4 B 461 466
0 B 500 491
1 B 743 760
2 B 467 460
3 B 87 72
4 B 804 827
0 B 623 624
1 B 67 92
2 B 928 959
3 B 759 744
4 B 315 292
0 B 27 4
1 B 414 385
2 B 13 18
3 B 677 698
4 B 324 347
0 B 947 940
1 B 395 404
2 B 293 314
3 B 35 60
4 B 178 173
0 B 881 878
1 B 111 112
2 B 51 44
3 B 950 937
4 B 470 457
0 B 524 531
1 B 23 8
2 B 647 664
3 B 54 41
4 B 311 296
0 B 613 634
1 B 930 957
2 B 138 149
3 B 205 210
4 B 315 292
0 B 286 257
1 B 100 123
2 B 859 836
3 B 14 17
4 B 717 722
0 B 43 52
1 B 291 316
2 B 605 578
3 B 990 961
4 B 718 721
0 B 364 371
1 B 651 660
2 B 984 967
3 B 626 621
4 B 744 759
0 B 218 197
1 B 965 986
2 B 747 756
3 B 220 195
4 B 789 778
0 B 443 420
1 B 319 288
2 B 696 679
3 B 809 822
4 B 373 362
0 B 529 526
1 B 865 894
2 B 991 960
3 B 715 724
4 B 487 504
0 B 245 234
1 B 975 976
2 B 374 361
3 B 707 732
4 B 565 554
0 B 95 64
1 B 923 900
2 B 776 791
3 B 983 968
4 B 514 541
0 B 191 160
1 B 44 51
2 B 142 145
3 B 118 105
4 B 700 675
0 B 365 370
1 B 554 565
2 B 440 423
3 B 352 383
4 B 279 264
0 B 155 132
1 B 712 727
2 B 827 804
3 B 757 746
4 B 569 550
0 B 613 634
1 B 626 621
2 B 201 214
3 B 823 808
4 B 465 462
0 B 154 133
1 B 64 95
2 B 813 818
3 B 702 673
4 B 374 361
0 B 83 76
1 B 612 635
2 B 799 768
3 B 858 837
4 B 729 710
0 B 620 627
1 B 228 251
2 B 636 611
3 B 375 360
4 B 277 266
0 B 45 50
1 B 862 833
2 B 90 69
3 B 296 311
4 B 351 320
0 B 777 790
1 B 482 509
2 B 185 166
3 B 670 641
4 B 238 241
0 B 278 265
1 B 112 111
2 B 434 429
3 B 987 964
4 B 459 468
0 B 4 27
1 B 347 324
2 B 163 188
3 B 929 958
4 B 681 694
0 B 9 22
1 B 199 216
2 B 747 756
3 B 472 455
4 B 552 567
0 B 485 506
1 B 914 909
2 B 473 454
3 B 500 491
4 B 627 620
0 B 409 390
1 B 848 847
2 B 152 135
3 B 682 693
4 B 208 207
0 B 265 278
1 B 34 61
2 B 188 163
3 B 595 588
4 B 429 434
0 B 417 446
1 B 489 502
2 B 702 673
3 B 399 400
4 B 289 318
0 B 490 501
1 B 792 775
2 B 444 419
3 B 912 911
4 B 596 587
0 B 857 838
1 B 494 497
2 B 537 518
3 B 747 756
4 B 526 529
0 B 840 855
1 B 689 686
2 B 693 682
3 B 555 564
4 B 684 691
0 B 467 460
1 B 295 312
2 B 761 742
3 B 216 199
4 B 251 228
0 B 286 257
1 B 117 106
2 B 372 363
3 B 582 601
4 B 153 134
0 B 562 557
1 B 580 603
2 B 740 763
3 B 398 401
4 B 187 164
0 B 764 739
1 B 990 961
2 B 671 640
3 B 901 922
4 B 115 108
0 B 932 955
1 B 582 601
2 B 257 286
3 B 299 308
4 B 227 252
0 B 362 373
1 B 876 883
2 B 870 889
3 B 183 168
4 B 673 702
0 B 204 211
1 B 646 665
2 B 881 878
3 B 77 82
4 B 561 558
0 B 955 932
1 B 246 233
2 B 472 455
3 B 533 522
4 B 644 667
0 B 187 164
1 B 973 978
2 B 493 498
3 B 962 989
4 B 437 426
0 B 889 870
1 B 288 319
2 B 205 210
3 B 919 904
4 B 114 109
0 B 0 31
1 B 297 310
2 B 900 923
3 B 805 826
4 B 817 814
0 B 218 197
1 B 261 282
2 B 266 277
3 B 101 122
4 B 678 697
0 B 482 509
1 B 264 279
2 B 350 321
3 B 41 54
4 B 993 1022
0 B 135 152
1 B 685 690
2 B 528 527
3 B 678 697
4 B 53 42
0 B 752 751
1 B 908 915
2 B 26 5
3 B 406 393
4 B 69 90
0 B 262 281
1 B 820 811
2 B 108 115
3 B 623 624
4 B 709 730
0 B 959 928
1 B 820 811
2 B 96 127
3 B 210 205
4 B 319 288
0 B 722 717
1 B 131 156
2 B 389 410
3 B 148 139
4 B 816 815
0 B 751 752
1 B 536 519
2 B 60 35
3 B 184 167
4 B 15 16
0 B 913 910
1 B 18 13
2 B 274 269
3 B 638 609
4 B 12 19
0 B 532 523
1 B 192 223
2 B 9 22
3 B 111 112
4 B 72 87
0 B 586 597
1 B 296 311
2 B 527 528
3 B 677 698
4 B 105 118
0 B 428 435
1 B 72 87
2 B 164 187
3 B 205 210
4 B 930 957
0 B 0 31
1 B 2 29
2 B 837 858
3 B 827 804
4 B 174 177
0 B 10 21
1 B 221 194
2 B 39 56
3 B 484 507
4 B 460 467
0 B 783 784
1 B 611 636
2 B 682 693
3 B 484 507
4 B 955 932
0 B 315 292
1 B 574 545
2 B 15 16
3 B 346 325
4 B 121 102
0 B 211 204
1 B 439 424
2 B 188 163
3 B 968 983
4 B 99 124
0 B 730 709
1 B 167 184
2 B 955 932
3 B 163 188
4 B 616 631
0 B 201 214
1 B 297 310
2 B 43 52
3 B 246 233
4 B 240 239
0 B 687 688
1 B 751 752
2 B 220 195
3 B 888 871
4 B 22 9
0 B 879 880
1 B 503 488
2 B 34 61
3 B 816 815
4 B 929 958
0 B 739 764
1 B 370 365
2 B 446 417
3 B 576 607
4 B 379 356
0 B 528 527
1 B 237 242
2 B 776 791
3 B 768 799
4 B 868 891
0 B 223 192
1 B 161 190
2 B 223 192
3 B 624 623
4 B 203 212
0 B 377 358
1 B 992 1023
2 B 137 150
3 B 593 590
4 B 15 16
0 B 980 971
1 B 223 192
2 B 520 535
3 B 892 867
4 B 600 583
0 B 958 929
1 B 380 355
2 B 128 159
3 B 82 77
4 B 237 242
0 B 432 431
1 B 746 757
2 B 942 945
3 B 192 223
4 B 220 195
0 B 76 83
1 B 594 589
2 B 173 178
3 B 660 651
4 B 321 350
0 B 547 572
1 B 18 13
2 B 536 519
3 B 81 78
4 B 479 448
0 B 4 27
1 B 329 342
2 B 413 386
3 B 524 531
4 B 444 419
0 B 837 858
1 B 769 798
2 B 690 685
3 B 491 500
4 B 618 629
0 B 307 300
1 B 804 827
2 B 278 265
3 B 909 914
4 B 205 210
0 B 55 40
1 B 166 185
2 B 26 5
3 B 900 923
4 B 94 65
0 B 820 811
1 B 686 689
2 B 367 368
3 B 247 232
4 B 486 505
0 B 378 357
1 B 233 246
2 B 835 860
3 B 336 335
4 B 481 510
0 B 912 911
1 B 463 464
2 B 583 600
3 B 379 356
4 B 402 397
0 B 200 215
1 B 426 437
2 B 648 663
3 B 398 401
4 B 103 120
0 B 706 733
1 B 21 10
2 B 982 969
3 B 270 273
4 B 63 32
0 B 151 136
1 B 775 792
2 B 154 133
3 B 367 368
4 B 288 319
0 B 895 864
1 B 911 912
2 B 61 34
3 B 73 86
4 B 465 462
0 B 146 141
1 B 733 706
2 B 209 206
3 B 678 697
4 B 638 609
0 B 607 576
1 B 880 879
2 B 442 421
3 B 843 852
4 B 761 742
0 B 514 541
1 B 515 540
2 B 857 838
3 B 193 222
4 B 694 681
0 B 711 728
1 B 415 384
2 B 433 430
3 B 256 287
4 B 353 382
0 B 757 746
1 B 573 546
2 B 426 437
3 B 481 510
4 B 87 72
0 B 429 434
1 B 795 772
2 B 193 222
3 B 204 211
4 B 228 251
0 B 272 271
1 B 998 1017
2 B 528 527
3 B 715 724
4 B 320 351
0 B 933 954
1 B 584 599
2 B 310 297
3 B 77 82
4 B 602 581
0 B 773 794
1 B 774 793
2 B 433 430
3 B 853 842
4 B 963 988
0 B 369 366
1 B 631 616
2 B 577 606
3 B 557 562
4 B 635 612
0 B 752 751
1 B 694 681
2 B 757 746
3 B 215 200
4 B 65 94
0 B 157 130
1 B 168 183
2 B 70 89
3 B 556 563
4 B 230 249
0 B 632 615
1 B 172 179
2 B 854 841
3 B 482 509
4 B 638 609
0 B 774 793
1 B 444 419
2 B 904 919
3 B 647 664
4 B 380 355
0 B 960 991
1 B 747 756
2 B 910 913
3 B 844 851
4 B 267 276
0 B 953 934
1 B 225 254
2 B 336 335
3 B 140 147
4 B 336 335
0 B 212 203
1 B 627 620
2 B 885 874
3 B 935 952
4 B 169 182
0 B 385 414
1 B 330 341
2 B 707 732
3 B 991 960
4 B 817 814
0 B 196 219
1 B 925 898
2 B 84 75
3 B 450 477
4 B 336 335
0 B 331 340
1 B 601 582
2 B 241 238
3 B 782 785
4 B 344 327
0 B 521 534
1 B 329 342
2 B 994 1021
3 B 346 325
4 B 296 311
0 B 214 201
1 B 687 688
2 B 538 517
3 B 109 114
4 B 902 921
0 B 356 379
1 B 815 816
2 B 0 31
3 B 669 642
4 B 977 974
0 B 409 390
1 B 154 133
2 B 26 5
3 B 930 957
4 B 701 674
0 B 948 939
1 B 696 679
2 B 466 461
3 B 639 608
4 B 762 741
0 B 179 172
1 B 535 520
2 B 739 764
3 B 68 91
4 B 500 491
0 B 4 27
1 B 378 357
2 B 791 776
3 B 929 958
4 B 34 61
0 B 881 878
1 B 452 475
2 B 698 677
3 B 920 903
4 B 552 567
0 B 893 866
1 B 9 22
2 B 172 179
3 B 863 832
4 B 147 140
0 B 391 408
1 B 666 645
2 B 99 124
3 B 250 229
4 B 667 644
0 B 945 942
1 B 380 355
2 B 53 42
3 B 625 622
4 B 870 889
0 B 878 881
1 B 105 118
2 B 139 148
3 B 186 165
4 B 264 279
0 B 54 41
1 B 675 700
2 B 68 91
3 B 146 141
4 B 961 990
0 B 502 489
1 B 279 264
2 B 487 504
3 B 228 251
4 B 722 717
0 B 197 218
1 B 431 432
2 B 647 664
3 B 238 241
4 B 667 644
0 B 239 240
1 B 113 110
2 B 663 648
3 B 465 462
4 B 9 22
0 B 619 628
1 B 393 406
2 B 100 123
3 B 38 57
4 B 671 640
0 B 301 306
1 B 440 423
2 B 981 970
3 B 278 265
4 B 432 431
0 B 150 137
1 B 190 161
2 B 596 587
3 B 988 963
4 B 326 345
0 B 36 59
1 B 315 292
2 B 324 347
3 B 993 1022
4 B 538 517
0 B 546 573
1 B 979 972
2 B 805 826
3 B 26 5
4 B 991 960
0 B 909 914
1 B 903 920
2 B 289 318
3 B 410 389
4 B 693 682
0 B 657 654
1 B 199 216
2 B 537 518
3 B 870 889
4 B 370 365
0 B 697 678
1 B 231 248
2 B 380 355
3 B 870 889
4 B 495 496
0 B 503 488
1 B 787 780
2 B 589 594
3 B 193 222
4 B 470 457
0 B 477 450
1 B 434 429
2 B 594 589
3 B 742 761
4 B 742 761
0 B 660 651
1 B 167 184
2 B 732 707
3 B 691 684
4 B 472 455
0 B 926 897
1 B 256 287
2 B 106 117
3 B 802 829
4 B 961 990
0 B 203 212
1 B 54 41
2 B 403 396
3 B 288 319
4 B 749 754
0 B 878 881
1 B 986 965
2 B 129 158
3 B 170 181
4 B 514 541
0 B 902 921
1 B 948 939
2 B 690 685
3 B 932 955
4 B 151 136
0 B 258 285
1 B 186 165
2 B 729 710
3 B 864 895
4 B 646 665
0 B 157 130
1 B 498 493
2 B 170 181
3 B 422 441
4 B 96 127
0 B 620 627
1 B 641 670
2 B 977 974
3 B 546 573
4 B 372 363
0 B 396 403
1 B 441 422
2 B 10 21
3 B 73 86
4 B 74 85
0 B 319 288
1 B 122 101
2 B 374 361
3 B 247 232
4 B 855 840
0 B 906 917
1 B 972 979
2 B 681 694
3 B 36 59
4 B 935 952
0 B 706 733
1 B 329 342
2 B 242 237
3 B 847 848
4 B 84 75
0 B 899 924
1 B 898 925
2 B 484 507
3 B 580 603
4 B 542 513
0 B 729 710
1 B 639 608
2 B 313 294
3 B 517 538
4 B 41 54
0 B 394 405
1 B 502 489
2 B 530 525
3 B 130 157
4 B 961 990
0 B 894 865
1 B 867 892
2 B 771 796
3 B 248 231
4 B 671 640
0 B 580 603
1 B 115 108
2 B 296 311
3 B 991 960
4 B 613 634
0 B 32 63
1 B 296 311
2 B 766 737
3 B 196 219
4 B 784 783
0 B 30 1
1 B 803 828
2 B 498 493
3 B 42 53
4 B 367 368
0 B 225 254
1 B 550 569
2 B 610 637
3 B 272 271
4 B 481 510
0 B 166 185
1 B 788 779
2 B 444 419
3 B 103 120
4 B 298 309
0 B 513 542
1 B 159 128
2 B 292 315
3 B 3 28
4 B 113 110
0 B 167 184
1 B 146 141
2 B 802 829
3 B 63 32
4 B 556 563
0 B 269 274
1 B 79 80
2 B 589 594
3 B 313 294
4 B 352 383
0 B 195 220
1 B 848 847
2 B 494 497
3 B 275 268
4 B 91 68
0 B 202 213
1 B 236 243
2 B 627 620
3 B 542 513
4 B 623 624
0 B 826 805
1 B 32 63
2 B 716 723
3 B 800 831
4 B 455 472
0 B 488 503
1 B 571 548
2 B 938 949
3 B 948 939
4 B 582 601
0 B 941 946
1 B 920 903
2 B 207 208
3 B 487 504
4 B 369 366
0 B 620 627
1 B 929 958
2 B 26 5
3 B 905 918
4 B 822 809
0 B 395 404
1 B 204 211
2 B 980 971
3 B 654 657
4 B 597 586
0 B 865 894
1 B 403 396
2 B 177 174
3 B 25 6
4 B 449 478
0 B 162 189
1 B 74 85
2 B 601 582
3 B 349 322
4 B 818 813
0 B 591 592
1 B 443 420
2 B 715 724
3 B 886 873
4 B 842 853
0 B 771 796
1 B 303 304
2 B 380 355
3 B 569 550
4 B 857 838
0 B 895 864
1 B 647 664
2 B 992 1023
3 B 738 765
4 B 95 64
0 B 136 151
1 B 109 114
2 B 519 536
3 B 536 519
4 B 165 186
0 B 620 627
1 B 535 520
2 B 120 103
3 B 647 664
4 B 623 624
0 B 612 635
1 B 391 408
2 B 708 731
3 B 648 663
4 B 217 198
0 B 789 778
1 B 732 707
2 B 961 990
3 B 420 443
4 B 106 117
0 B 8 23
1 B 874 885
2 B 239 240
3 B 297 310
4 B 895 864
0 B 676 699
1 B 347 324
2 B 686 689
3 B 193 222
4 B 221 194
0 B 778 789
1 B 750 753
2 B 101 122
3 B 455 472
4 B 146 141
0 B 932 955
1 B 800 831
2 B 407 392
3 B 394 405
4 B 39 56
0 B 921 902
1 B 66 93
2 B 633 614
3 B 152 135
4 B 324 347
0 B 334 337
1 B 747 756
2 B 267 276
3 B 616 631
4 B 756 747
0 B 845 850
1 B 208 207
2 B 632 615
3 B 246 233
4 B 806 825
0 B 570 549
1 B 501 490
2 B 310 297
3 B 644 667
4 B 815 816
0 B 737 766
1 B 421 442
2 B 536 519
3 B 276 267
4 B 925 898
0 B 937 950
1 B 102 121
2 B 836 859
3 B 819 812
4 B 302 305
0 B 148 139
1 B 511 480
2 B 498 493
3 B 535 520
4 B 447 416
0 B 362 373
1 B 19 12
2 B 0 31
3 B 662 649
4 B 356 379
0 B 847 848
1 B 234 245
2 B 198 217
3 B 139 148
4 B 853 842
0 B 89 70
1 B 326 345
2 B 827 804
3 B 814 817
4 B 908 915
0 B 213 202
1 B 222 193
2 B 998 1017
3 B 631 616
4 B 182 169
0 B 54 41
1 B 146 141
2 B 491 500
3 B 638 609
4 B 339 332
0 B 308 299
1 B 913 910
2 B 741 762
3 B 59 36
4 B 359 376
0 B 270 273
1 B 604 579
2 B 599 584
3 B 975 976
4 B 454 473
0 B 636 611
1 B 766 737
2 B 313 294
3 B 723 716
4 B 914 909
0 B 869 890
1 B 962 989
2 B 47 48
3 B 598 585
4 B 204 211
0 B 498 493
1 B 270 273
2 B 368 367
3 B 883 876
4 B 822 809
0 B 806 825
1 B 435 428
2 B 581 602
3 B 77 82
4 B 902 921
0 B 673 702
1 B 142 145
2 B 44 51
3 B 213 202
4 B 541 514
0 B 432 431
1 B 94 65
2 B 724 715
3 B 547 572
4 B 863 832
0 B 443 420
1 B 169 182
2 B 306 301
3 B 732 707
4 B 110 113
0 B 644 667
1 B 620 627
2 B 124 99
3 B 194 221
4 B 734 705
0 B 953 934
1 B 250 229
2 B 990 961
3 B 252 227
4 B 225 254
0 B 283 260
1 B 861 834
2 B 380 355
3 B 663 648
4 B 769 798
0 B 1 30
1 B 826 805
2 B 389 410
3 B 418 445
4 B 949 938
0 B 871 888
1 B 902 921
2 B 582 601
3 B 427 436
4 B 843 852
0 B 568 551
1 B 248 231
2 B 580 603
3 B 495 496
4 B 295 312
0 B 455 472
1 B 420 443
2 B 707 732
3 B 68 91
4 B 10 21
0 B 913 910
1 B 224 255
2 B 325 346
3 B 482 509
4 B 175 176
0 B 522 533
1 B 457 470
2 B 709 730
3 B 343 328
4 B 35 60
0 B 148 139
1 B 15 16
2 B 444 419
3 B 397 402
4 B 540 515
0 B 711 728
1 B 223 192
2 B 821 810
3 B 741 762
4 B 891 868
0 B 266 277
1 B 884 875
2 B 367 368
3 B 351 320
4 B 557 562
0 B 684 691
1 B 411 388
2 B 515 540
3 B 956 931
4 B 432 431
0 B 260 283
1 B 790 777
2 B 231 248
3 B 846 849
4 B 957 930
0 B 209 206
1 B 964 987
2 B 934 953
3 B 522 533
4 B 62 33
0 B 304 303
1 C 74 53
2 C 660 747
3 C 844 819
4 C 153 230
0 C 758 649
1 C 128 255
2 C 677 730
3 C 931 988
4 C 765 642
0 C 790 873
1 C 157 226
2 C 183 200
3 C 814 849
4 C 955 964
0 C 130 253
1 C 164 219
2 C 721 686
3 C 479 416
4 C 921 998
0 C 501 394
1 C 910 1009
2 C 523 628
3 C 665 742
4 C 363 276
0 C 8 119
1 C 523 628
2 C 800 863
3 C 390 505
4 C 176 207
0 C 510 385
1 C 551 600
2 C 460 435
3 C 554 597
4 C 994 925
0 C 429 466
1 C 263 376
2 C 642 765
3 C 224 159
4 C 15 112
0 C 891 772
1 C 78 49
2 C 178 205
3 C 987 932
4 C 330 309
0 C 943 976
1 C 131 252
2 C 124 3
3 C 615 536
4 C 971 948
0 C 199 184
1 C 596 555
2 C 955 964
3 C 59 68
4 C 165 218
0 C 386 509
1 C 262 377
2 C 80 47
3 C 587 564
4 C 88 39
0 C 575 576
1 C 89 38
2 C 957 962
3 C 437 458
4 C 486 409
0 C 105 22
1 C 846 817
2 C 995 924
3 C 639 512
4 C 278 361
0 C 498 397
1 C 235 148
2 C 605 546
3 C 573 578
4 C 318 321
0 C 573 578
1 C 185 198
2 C 48 79
3 C 734 673
4 C 317 322
0 C 447 448
1 C 767 640
2 C 327 312
3 C 382 257
4 C 142 241
0 C 337 302
1 C 259 380
2 C 492 403
3 C 10 117
4 C 185 198
0 C 319 320
1 C 630 521
2 C 159 224
3 C 167 216
4 C 669 738
0 C 197 186
1 C 642 765
2 C 55 72
3 C 765 642
4 C 663 744
0 C 821 842
1 C 349 290
2 C 688 719
3 C 479 416
4 C 143 240
0 C 903 1016
1 C 418 477
2 C 563 588
3 C 549 602
4 C 754 653
0 C 214 169
1 C 330 309
2 C 199 184
3 C 377 262
4 C 223 160
0 C 212 171
1 C 233 150
2 C 785 878
3 C 323 316
4 C 488 407
0 C 553 598
1 C 687 720
2 C 889 774
3 C 390 505
4 C 19 108
0 C 467 428
1 C 784 879
2 C 834 829
3 C 808 855
4 C 398 497
0 C 93 34
1 C 292 347
2 C 849 814
3 C 867 796
4 C 649 758
0 C 18 109
1 C 509 386
2 C 256 383
3 C 982 937
4 C 168 215
0 C 213 170
1 C 286 353
2 C 250 133
3 C 574 577
4 C 202 181
0 C 875 788
1 C 370 269
2 C 969 950
3 C 567 584
4 C 840 823
0 C 16 111
1 C 843 820
2 C 501 394
3 C 269 370
4 C 800 863
0 C 200 183
1 C 779 884
2 C 317 322
3 C 815 848
4 C 168 215
0 C 165 218
1 C 669 738
2 C 843 820
3 C 834 829
4 C 294 345
0 C 899 1020
1 C 388 507
2 C 21 106
3 C 528 623
4 C 859 804
0 C 641 766
1 C 338 301
2 C 390 505
3 C 163 220
4 C 572 579
0 C 668 739
1 C 333 306
2 C 416 479
3 C 173 210
4 C 568 583
0 C 137 246
1 C 86 41
2 C 866 797
3 C 365 274
4 C 817 846
0 C 667 740
1 C 811 852
2 C 349 290
3 C 888 775
4 C 426 469
0 C 235 148
1 C 814 849
2 C 499 396
3 C 177 206
4 C 514 637
0 C 495 400
1 C 749 658
2 C 648 759
3 C 192 191
4 C 183 200
0 C 438 457
1 C 324 315
2 C 964 955
3 C 189 194
4 C 566 585
0 C 950 969
1 C 447 448
2 C 431 464
3 C 942 977
4 C 44 83
0 C 432 463
1 C 474 421
2 C 732 675
3 C 424 471
4 C 212 171
0 C 140 243
1 C 681 726
2 C 801 862
3 C 129 254
4 C 266 373
0 C 727 680
1 C 812 851
2 C 97 30
3 C 228 155
4 C 746 661
0 C 628 523
1 C 834 829
2 C 996 923
3 C 955 964
4 C 727 680
0 C 985 934
1 C 990 929
2 C 41 86
3 C 631 520
4 C 258 381
0 C 847 816
1 C 728 679
2 C 186 197
3 C 400 495
4 C 415 480
0 C 23 104
1 C 417 478
2 C 526 625
3 C 724 683
4 C 275 364
0 C 80 47
1 C 392 503
2 C 1 126
3 C 865 798
4 C 27 100
0 C 773 890
1 C 112 15
2 C 273 366
3 C 872 791
4 C 741 666
0 C 285 354
1 C 697 710
2 C 856 807
3 C 234 149
4 C 667 740
0 C 804 859
1 C 54 73
2 C 101 26
3 C 411 484
4 C 165 218
0 C 904 1015
1 C 782 881
2 C 739 668
3 C 589 562
4 C 360 279
0 C 363 276
1 C 99 28
2 C 261 378
3 C 820 843
4 C 364 275
0 C 679 728
1 C 819 844
2 C 526 625
3 C 517 634
4 C 624 527
0 C 827 836
1 C 820 843
2 C 910 1009
3 C 363 276
4 C 346 293
0 C 301 338
1 C 744 663
2 C 472 423
3 C 184 199
4 C 174 209
0 C 137 246
1 C 710 697
2 C 921 998
3 C 94 33
4 C 28 99
0 C 821 842
1 C 663 744
2 C 512 639
3 C 680 727
4 C 202 181
0 C 811 852
1 C 924 995
2 C 678 729
3 C 695 712
4 C 920 999
0 C 972 947
1 C 333 306
2 C 643 764
3 C 309 330
4 C 713 694
0 C 422 473
1 C 153 230
2 C 186 197
3 C 641 766
4 C 392 503
0 C 10 117
1 C 227 156
2 C 448 447
3 C 636 515
4 C 724 683
0 C 600 551
1 C 694 713
2 C 917 1002
3 C 938 981
4 C 489 406
0 C 74 53
1 C 450 445
2 C 196 187
3 C 887 776
4 C 562 589
0 C 445 450
1 C 316 323
2 C 645 762
3 C 792 871
4 C 540 611
0 C 713 694
1 C 456 439
2 C 273 366
3 C 794 869
4 C 219 164
0 C 51 76
1 C 104 23
2 C 836 827
3 C 692 715
4 C 650 757
0 C 969 950
1 C 331 308
2 C 852 811
3 C 569 582
4 C 351 288
0 C 486 409
1 C 146 237
2 C 391 504
3 C 907 1012
4 C 476 419
0 C 195 188
1 C 56 71
2 C 66 61
3 C 994 925
4 C 122 5
0 C 102 25
1 C 750 657
2 C 583 568
3 C 49 78
4 C 251 132
0 C 630 521
1 C 513 638
2 C 802 861
3 C 524 627
4 C 282 357
0 C 678 729
1 C 374 265
2 C 110 17
3 C 831 832
4 C 558 593
0 C 924 995
1 C 566 585
2 C 165 218
3 C 169 214
4 C 380 259
0 C 429 466
1 C 658 749
2 C 998 921
3 C 588 563
4 C 1000 919
0 C 321 318
1 C 866 797
2 C 272 367
3 C 876 787
4 C 107 20
0 C 908 1011
1 C 731 676
2 C 588 563
3 C 704 703
4 C 415 480
0 C 377 262
1 C 972 947
2 C 440 455
3 C 229 154
4 C 609 542
0 C 268 371
1 C 184 199
2 C 422 473
3 C 371 268
4 C 356 283
0 C 845 818
1 C 573 578
2 C 117 10
3 C 785 878
4 C 147 236
0 C 446 449
1 C 47 80
2 C 372 267
3 C 938 981
4 C 766 641
0 C 838 825
1 C 957 962
2 C 279 360
3 C 529 622
4 C 988 931
0 C 111 16
1 C 949 970
2 C 863 800
3 C 866 797
4 C 617 534
0 C 59 68
1 C 309 330
2 C 464 431
3 C 134 249
4 C 73 54
0 C 601 550
1 C 919 1000
2 C 709 698
3 C 239 144
4 C 81 46
0 C 984 935
1 C 317 322
2 C 57 70
3 C 156 227
4 C 358 281
0 C 510 385
1 C 918 1001
2 C 865 798
3 C 434 461
4 C 856 807
0 C 743 664
1 C 879 784
2 C 418 477
3 C 811 852
4 C 228 155
0 C 830 833
1 C 399 496
2 C 705 702
3 C 963 956
4 C 659 748
0 C 263 376
1 C 594 557
2 C 108 19
3 C 154 229
4 C 996 923
0 C 86 41
1 C 393 502
2 C 830 833
3 C 192 191
4 C 973 946
0 C 820 843
1 C 891 772
2 C 420 475
3 C 485 410
4 C 701 706
0 C 657 750
1 C 546 605
2 C 640 767
3 C 783 880
4 C 207 176
0 C 357 282
1 C 415 480
2 C 203 180
3 C 423 472
4 C 883 780
0 C 777 886
1 C 453 442
2 C 674 733
3 C 665 742
4 C 330 309
0 C 770 893
1 C 937 982
2 C 815 848
3 C 994 925
4 C 913 1006
0 C 680 727
1 C 941 978
2 C 44 83
3 C 477 418
4 C 373 266
0 C 907 1012
1 C 805 858
2 C 742 665
3 C 578 573
4 C 229 154
0 C 741 666
1 C 67 60
2 C 405 490
3 C 284 355
4 C 515 636
0 C 643 764
1 C 323 316
2 C 53 74
3 C 697 710
4 C 138 245
0 C 370 269
1 C 86 41
2 C 362 277
3 C 107 20
4 C 947 972
0 C 517 634
1 C 714 693
2 C 805 858
3 C 734 673
4 C 652 755
0 C 602 549
1 C 137 246
2 C 876 787
3 C 582 569
4 C 722 685
0 C 118 9
1 C 899 1020
2 C 251 132
3 C 841 822
4 C 646 761
0 C 964 955
1 C 931 988
2 C 67 60
3 C 755 652
4 C 24 103
0 C 153 230
1 C 591 560
2 C 882 781
3 C 807 856
4 C 587 564
0 C 409 486
1 C 113 14
2 C 277 362
3 C 173 210
4 C 772 891
0 C 308 331
1 C 941 978
2 C 441 454
3 C 689 718
4 C 656 751
0 C 943 976
1 C 124 3
2 C 285 354
3 C 903 1016
4 C 241 142
0 C 465 430
1 C 371 268
2 C 600 551
3 C 140 243
4 C 970 949
0 C 908 1011
1 C 13 114
2 C 780 883
3 C 997 922
4 C 839 824
0 C 779 884
1 C 129 254
2 C 197 186
3 C 841 822
4 C 330 309
0 C 802 861
1 C 319 320
2 C 700 707
3 C 288 351
4 C 400 495
0 C 117 10
1 C 810 853
2 C 983 936
3 C 958 961
4 C 876 787
0 C 806 857
1 C 757 650
2 C 358 281
3 C 944 975
4 C 85 42
0 C 289 350
1 C 43 84
2 C 757 650
3 C 462 433
4 C 673 734
0 C 888 775
1 C 178 205
2 C 174 209
3 C 490 405
4 C 881 782
0 C 770 893
1 C 799 864
2 C 994 925
3 C 316 323
4 C 926 993
0 C 701 706
1 C 710 697
2 C 801 862
3 C 851 812
4 C 777 886
0 C 151 232
1 C 70 57
2 C 413 482
3 C 100 27
4 C 27 100
0 C 755 652
1 C 226 157
2 C 113 14
3 C 693 714
4 C 468 427
0 C 437 458
1 C 779 884
2 C 28 99
3 C 267 372
4 C 669 738
0 C 551 600
1 C 525 626
2 C 702 705
3 C 72 55
4 C 888 775
0 C 343 296
1 C 407 488
2 C 0 127
3 C 551 600
4 C 387 508
0 C 258 381
1 C 241 142
2 C 589 562
3 C 292 347
4 C 883 780
0 C 741 666
1 C 3 124
2 C 6 121
3 C 403 492
4 C 628 523
0 C 956 963
1 C 731 676
2 C 314 325
3 C 50 77
4 C 704 703
0 C 638 513
1 C 874 789
2 C 429 466
3 C 338 301
4 C 862 801
0 C 696 711
1 C 969 950
2 C 131 252
3 C 516 635
4 C 227 156
0 C 494 401
1 C 179 204
2 C 747 660
3 C 546 605
4 C 76 51
0 C 508 387
1 C 928 991
2 C 793 870
3 C 44 83
4 C 559 592
0 C 405 490
1 C 184 199
2 C 960 959
3 C 401 494
4 C 607 544
0 C 881 782
1 C 992 927
2 C 994 925
3 C 980 939
4 C 825 838
0 C 691 716
1 C 180 203
2 C 863 800
3 C 112 15
4 C 517 634
0 C 665 742
1 C 98 29
2 C 803 860
3 C 840 823
4 C 356 283
0 C 974 945
1 C 918 1001
2 C 557 594
3 C 616 535
4 C 613 538
0 C 606 545
1 C 330 309
2 C 842 821
3 C 876 787
4 C 267 372
0 C 642 765
1 C 127 0
2 C 49 78
3 C 269 370
4 C 291 348
0 C 441 454
1 C 263 376
2 C 335 304
3 C 399 496
4 C 213 170
0 C 500 395
1 C 212 171
2 C 612 539
3 C 649 758
4 C 176 207
0 C 78 49
1 C 596 555
2 C 904 1015
3 C 902 1017
4 C 686 721
0 C 491 404
1 C 872 791
2 C 918 1001
3 C 852 811
4 C 589 562
0 C 554 597
1 C 98 29
2 C 959 960
3 C 884 779
4 C 59 68
0 C 718 689
1 C 157 226
2 C 724 683
3 C 748 659
4 C 542 609
0 C 637 514
1 C 131 252
2 C 682 725
3 C 325 314
4 C 598 553
0 C 850 813
1 C 882 781
2 C 596 555
3 C 897 1022
4 C 728 679
0 C 754 653
1 C 991 928
2 C 72 55
3 C 462 433
4 C 849 814
0 C 229 154
1 C 522 629
2 C 839 824
3 C 365 274
4 C 396 499
0 C 851 812
1 C 953 966
2 C 516 635
3 C 314 325
4 C 354 285
0 C 787 876
1 C 525 626
2 C 330 309
3 C 45 82
4 C 297 342
0 C 508 387
1 C 811 852
2 C 321 318
3 C 542 609
4 C 631 520
0 C 582 569
1 C 902 1017
2 C 1 126
3 C 152 231
4 C 129 254
0 C 654 753
1 C 534 617
2 C 968 951
3 C 247 136
4 C 110 17
0 C 313 326
1 C 446 449
2 C 711 696
3 C 482 413
4 C 282 357
0 C 808 855
1 C 484 411
2 C 939 980
3 C 771 892
4 C 828 835
0 C 203 180
1 C 278 361
2 C 602 549
3 C 633 518
4 C 606 545
0 C 319 320
1 C 164 219
2 C 996 923
3 C 179 204
4 C 977 942
0 C 377 262
1 C 801 862
2 C 809 854
3 C 603 548
4 C 624 527
0 C 381 258
1 C 844 819
2 C 256 383
3 C 986 933
4 C 738 669
0 C 315 324
1 C 192 191
2 C 256 383
3 C 750 657
4 C 245 138
0 C 746 661
1 C 279 360
2 C 815 848
3 C 408 487
4 C 618 533
0 C 622 529
1 C 664 743
2 C 451 444
3 C 450 445
4 C 16 111
0 C 124 3
1 C 193 190
2 C 978 941
3 C 573 578
4 C 81 46
0 C 400 495
1 C 416 479
2 C 761 646
3 C 665 742
4 C 499 396
0 C 8 119
1 C 921 998
2 C 808 855
3 C 491 404
4 C 819 844
0 C 415 480
1 C 975 944
2 C 342 297
3 C 191 192
4 C 912 1007
0 C 434 461
1 C 885 778
2 C 846 817
3 C 24 103
4 C 467 428
0 C 652 755
1 C 432 463
2 C 704 703
3 C 437 458
4 C 759 648
0 C 486 409
1 C 198 185
2 C 877 786
3 C 508 387
4 C 215 168
0 C 347 292
1 C 288 351
2 C 665 742
3 C 389 506
4 C 444 451
0 C 192 191
1 C 576 575
2 C 601 550
3 C 483 412
4 C 118 9
0 C 843 820
1 C 284 355
2 C 879 784
3 C 108 19
4 C 666 741
0 C 114 13
1 C 898 1021
2 C 295 344
3 C 852 811
4 C 153 230
0 C 413 482
1 C 916 1003
2 C 160 223
3 C 81 46
4 C 416 479
0 C 926 993
1 C 994 925
2 C 530 621
3 C 357 282
4 C 328 311
0 C 358 281
1 C 779 884
2 C 550 601
3 C 427 468
4 C 779 884
0 C 58 69
1 C 480 415
2 C 249 134
3 C 464 431
4 C 131 252
0 C 36 91
1 C 892 771
2 C 95 32
3 C 999 920
4 C 272 367
0 C 1 126
1 C 983 936
2 C 668 739
3 C 668 739
4 C 808 855
0 C 46 81
1 C 222 161
2 C 852 811
3 C 602 549
4 C 657 750
0 C 833 830
1 C 785 878
2 C 340 299
3 C 600 551
4 C 326 313
0 C 797 866
1 C 197 186
2 C 866 797
3 C 731 676
4 C 715 692
0 C 534 617
1 C 93 34
2 C 718 689
3 C 79 48
4 C 469 426
0 C 825 838
1 C 232 151
2 C 5 122
3 C 370 269
4 C 489 406
0 C 329 310
1 C 929 990
2 C 914 1005
3 C 485 410
4 C 629 522
0 C 598 553
1 C 231 152
2 C 279 360
3 C 116 11
4 C 266 373
0 C 547 604
1 C 200 183
2 C 447 448
3 C 261 378
4 C 117 10
0 C 71 56
1 C 96 31
2 C 863 800
3 C 180 203
4 C 866 797
0 C 980 939
1 C 822 841
2 C 242 141
3 C 957 962
4 C 538 613
0 C 613 538
1 C 211 172
2 C 970 949
3 C 626 525
4 C 192 191
0 C 256 383
1 C 515 636
2 C 462 433
3 C 56 71
4 C 600 551
0 C 58 69
1 C 965 954
2 C 646 761
3 C 92 35
4 C 903 1016
0 C 365 274
1 C 96 31
2 C 657 750
3 C 441 454
4 C 631 520
0 C 426 469
1 C 948 971
2 C 434 461
3 C 182 201
4 C 506 389
0 C 263 376
1 C 474 421
2 C 689 718
3 C 974 945
4 C 950 969
0 C 180 203
1 C 864 799
2 C 760 647
3 C 122 5
4 C 437 458
0 C 129 254
1 C 464 431
2 C 814 849
3 C 476 419
4 C 887 776
0 C 495 400
1 C 763 644
2 C 863 800
3 C 520 631
4 C 621 530
0 C 263 376
1 C 103 24
2 C 146 237
3 C 37 90
4 C 324 315
0 C 412 483
1 C 411 484
2 C 883 780
3 C 222 161
4 C 380 259
0 C 419 476
1 C 451 444
2 C 637 514
3 C 789 874
4 C 486 409
0 C 416 479
1 C 174 209
2 C 519 632
3 C 320 319
4 C 307 332
0 C 633 518
1 C 6 121
2 C 359 280
3 C 4 123
4 C 515 636
0 C 179 204
1 C 475 420
2 C 803 860
3 C 147 236
4 C 502 393
0 C 600 551
1 C 131 252
2 C 796 867
3 C 390 505
4 C 675 732
0 C 929 990
1 C 333 306
2 C 821 842
3 C 359 280
4 C 306 333
0 C 802 861
1 C 245 138
2 C 959 960
3 C 433 462
4 C 453 442
0 C 566 585
1 C 582 569
2 C 357 282
3 C 316 323
4 C 294 345
0 C 168 215
1 C 926 993
2 C 654 753
3 C 203 180
4 C 342 297
0 C 660 747
1 C 631 520
2 C 500 395
3 C 919 1000
4 C 382 257
0 C 412 483
1 C 86 41
2 C 801 862
3 C 921 998
4 C 728 679
0 C 41 86
1 C 389 506
2 C 28 99
3 C 386 509
4 C 884 779
0 C 295 344
1 C 453 442
2 C 95 32
3 C 363 276
4 C 579 572
0 C 158 225
1 C 131 252
2 C 561 590
3 C 619 532
4 C 36 91
0 C 219 164
1 C 24 103
2 C 582 569
3 C 812 851
4 C 230 153
0 C 781 882
1 C 387 508
2 C 226 157
3 C 731 676
4 C 714 693
0 C 903 1016
1 C 651 756
2 C 505 390
3 C 184 199
4 C 63 64
0 C 304 335
1 C 721 686
2 C 528 623
3 C 480 415
4 C 14 113
0 C 884 779
1 C 262 377
2 C 125 2
3 C 213 170
4 C 330 309
0 C 861 802
1 C 414 481
2 C 14 113
3 C 47 80
4 C 885 778
0 C 721 686
1 C 11 116
2 C 182 201
3 C 674 733
4 C 604 547
0 C 64 63
1 C 614 537
2 C 133 250
3 C 987 932
4 C 147 236
0 C 564 587
1 C 690 717
2 C 433 462
3 C 463 432
4 C 962 957
0 C 523 628
1 C 577 574
2 C 379 260
3 C 278 361
4 C 996 923
0 C 624 527
1 C 308 331
2 C 602 549
3 C 136 247
4 C 724 683
0 C 92 35
1 C 30 97
2 C 628 523
3 C 302 337
4 C 435 460
0 C 597 554
1 C 928 991
2 C 749 658
3 C 408 487
4 C 886 777
0 C 69 58
1 C 30 97
2 C 125 2
3 C 497 398
4 C 415 480
0 C 538 613
1 C 256 383
2 C 306 333
3 C 356 283
4 C 720 687
0 C 165 218
1 C 972 947
2 C 709 698
3 C 158 225
4 C 574 577
0 C 276 363
1 C 603 548
2 C 827 836
3 C 76 51
4 C 108 19
0 C 799 864
1 C 881 782
2 C 936 983
3 C 224 159
4 C 247 136
0 C 34 93
1 C 692 715
2 C 314 325
3 C 145 238
4 C 360 279
0 C 767 640
1 C 316 323
2 C 228 155
3 C 448 447
4 C 801 862
0 C 983 936
1 C 434 461
2 C 169 214
3 C 368 271
4 C 835 828
0 C 148 235
1 C 518 633
2 C 997 922
3 C 261 378
4 C 918 1001
0 C 616 535
1 C 3 124
2 C 346 293
3 C 990 929
4 C 480 415
0 C 892 771
1 C 911 1008
2 C 83 44
3 C 823 840
4 C 790 873
0 C 840 823
1 C 651 756
2 C 713 694
3 C 191 192
4 C 800 863
0 C 131 252
1 C 840 823
2 C 237 146
3 C 583 568
4 C 903 1016
0 C 633 518
1 C 129 254
2 C 557 594
3 C 820 843
4 C 517 634
0 C 702 705
1 C 679 728
2 C 455 440
3 C 192 191
4 C 862 801
0 C 442 453
1 C 163 220
2 C 374 265
3 C 348 291
4 C 157 226
0 C 802 861
1 C 790 873
2 C 544 607
3 C 6 121
4 C 296 343
0 C 658 749
1 C 119 8
2 C 943 976
3 C 984 935
4 C 150 233
0 C 821 842
1 C 853 810
2 C 914 1005
3 C 823 840
4 C 94 33
0 C 92 35
1 C 618 533
2 C 380 259
3 C 683 724
4 C 13 114
0 C 382 257
1 C 657 750
2 C 327 312
3 C 500 395
4 C 539 612
0 C 2 125
1 C 281 358
2 C 753 654
3 C 144 239
4 C 322 317
0 C 921 998
1 C 911 1008
2 C 668 739
3 C 156 227
4 C 462 433
0 C 390 505
1 C 239 144
2 C 579 572
3 C 524 627
4 C 860 803
0 C 893 770
1 C 821 842
2 C 864 799
3 C 475 420
4 C 266 373
0 C 713 694
1 C 86 41
2 C 432 463
3 C 46 81
4 C 871 792
0 C 129 254
1 C 565 586
2 C 765 642
3 C 453 442
4 C 975 944
0 C 44 83
1 C 758 649
2 C 996 923
3 C 62 65
4 C 60 67
0 C 100 27
1 C 891 772
2 C 883 780
3 C 77 50
4 C 628 523
0 C 862 801
1 C 591 560
2 C 496 399
3 C 81 46
4 C 676 731
0 C 618 533
1 C 974 945
2 C 353 286
3 C 30 97
4 C 600 551
0 C 216 167
1 C 825 838
2 C 148 235
3 C 977 942
4 C 75 52
0 C 49 78
1 C 622 529
2 C 312 327
3 C 386 509
4 C 668 739
0 C 961 958
1 C 686 721
2 C 93 34
3 C 929 990
4 C 889 774
0 C 730 677
1 C 68 59
2 C 835 828
3 C 280 359
4 C 140 243
0 C 604 547
1 C 836 827
2 C 6 121
3 C 571 580
4 C 388 507
0 C 824 839
1 C 594 557
2 C 907 1012
3 C 725 682
4 C 210 173
0 C 103 24
1 C 110 17
2 C 23 104
3 C 196 187
4 C 618 533
0 C 412 483
1 C 983 936
2 C 954 965
3 C 124 3
4 C 53 74
0 C 223 160
1 C 815 848
2 C 650 757
3 C 529 622
4 C 987 932
0 C 883 780
1 C 28 99
2 C 603 548
3 C 596 555
4 C 445 450
0 C 860 803
1 C 267 372
2 C 538 613
3 C 364 275
4 C 597 554
0 C 40 87
1 C 972 947
2 C 937 982
3 C 587 564
4 C 866 797
0 C 223 160
1 C 958 961
2 C 341 298
3 C 194 189
4 C 395 500
0 C 376 263
1 C 806 857
2 C 178 205
3 C 191 192
4 C 580 571
0 C 556 595
1 C 315 324
2 C 86 41
3 C 495 400
4 C 812 851
0 C 791 872
1 C 441 454
2 C 807 856
3 C 333 306
4 C 109 18
0 C 216 167
1 C 583 568
2 C 948 971
3 C 321 318
4 C 89 38
0 C 388 507
1 C 405 490
2 C 608 543
3 C 408 487
4 C 126 1
0 C 59 68
1 C 478 417
2 C 137 246
3 C 515 636
4 C 284 355
0 C 586 565
1 C 888 775
2 C 838 825
3 C 784 879
4 C 539 612
0 C 895 768
1 C 538 613
2 C 843 820
3 C 817 846
4 C 678 729
0 C 277 362
1 C 124 3
2 C 974 945
3 C 726 681
4 C 986 933
0 C 5 122
1 C 782 881
2 C 581 570
3 C 546 605
4 C 212 171
0 C 835 828
1 C 59 68
2 C 466 429
3 C 122 5
4 C 523 628
0 C 837 826
1 C 72 55
2 C 448 447
3 C 627 524
4 C 753 654
0 C 840 823
1 C 249 134
2 C 555 596
3 C 860 803
4 C 195 188
0 C 786 877
1 C 466 429
2 C 159 224
3 C 644 763
4 C 273 366
0 C 124 3
1 C 625 526
2 C 18 109
3 C 562 589
4 C 435 460
0 C 977 942
1 C 993 926
2 C 447 448
3 C 883 780
4 C 203 180
0 C 272 367
1 C 711 696
2 C 977 942
3 C 782 881
4 C 831 832
0 C 322 317
1 C 823 840
2 C 308 331
3 C 497 398
4 C 185 198
0 C 539 612
1 C 803 860
2 C 981 938
3 C 1000 919
4 C 874 789
0 C 728 679
1 C 633 518
2 C 646 761
3 C 329 310
4 C 60 67
0 C 580 571
1 C 732 675
2 C 664 743
3 C 669 738
4 C 908 1011
0 C 25 102
1 C 588 563
2 C 367 272
3 C 827 836
4 C 77 50
0 C 901 1018
1 C 11 116
2 C 986 933
3 C 223 160
4 C 529 622
0 C 885 778
1 C 885 778
2 C 608 543
3 C 659 748
4 C 119 8
0 C 151 232
1 C 27 100
2 C 545 606
3 C 728 679
4 C 179 204
0 C 78 49
1 C 236 147
2 C 126 1
3 C 662 745
4 C 338 301
0 C 805 858
1 C 48 79
2 C 807 856
3 C 65 62
4 C 795 868
0 C 59 68
1 C 636 515
2 C 954 965
3 C 92 35
4 C 510 385
0 C 780 883
1 C 419 476
2 C 152 231
3 C 63 64
4 C 532 619
0 C 150 233
1 C 529 622
2 C 892 771
3 C 174 209
4 C 837 826
0 C 868 795
1 C 924 995
2 C 906 1013
3 C 860 803
4 C 971 948
0 C 441 454
1 C 259 380
2 C 666 741
3 C 864 799
4 C 244 139
0 C 594 557
1 C 960 959
2 C 65 62
3 C 242 141
4 C 410 485
0 C 835 828
1 C 824 839
2 C 494 401
3 C 566 585
4 C 751 656
0 C 712 695
1 C 502 393
2 C 673 734
3 C 487 408
4 C 5 122
0 C 619 532
1 C 240 143
2 C 313 326
3 C 288 351
4 C 282 357
0 C 69 58
1 C 811 852
2 C 601 550
3 C 535 616
4 C 574 577
0 C 708 699
1 C 803 860
2 C 769 894
3 C 732 675
4 C 439 456
0 C 37 90
1 C 84 43
2 C 100 27
3 C 100 27
4 C 792 871
0 C 10 117
1 C 117 10
2 C 646 761
3 C 713 694
4 C 797 866
0 C 324 315
1 C 997 922
2 C 768 895
3 C 349 290
4 C 564 587
0 C 497 398
1 C 881 782
2 C 991 928
3 C 417 478
4 C 155 228
0 C 858 805
1 C 701 706
2 C 605 546
3 C 861 802
4 C 270 369
0 C 248 135
1 C 732 675
2 C 847 816
3 C 729 678
4 C 734 673
0 C 403 492
1 C 81 46
2 C 482 413
3 C 852 811
4 C 833 830
0 C 600 551
1 C 903 1016
2 C 673 734
3 C 267 372
4 C 91 36
0 C 628 523
1 C 837 826
2 C 29 98
3 C 629 522
4 C 683 724
0 C 135 248
1 C 321 318
2 C 724 683
3 C 811 852
4 C 102 25
0 C 537 614
1 C 784 879
2 C 188 195
3 C 966 953
4 C 592 559
0 C 886 777
1 C 938 981
2 C 350 289
3 C 89 38
4 C 149 234
0 C 91 36
1 C 564 587
2 C 535 616
3 C 374 265
4 C 708 699
0 C 758 649
1 C 858 805
2 C 415 480
3 C 834 829
4 C 794 869
0 C 317 322
1 C 996 923
2 C 46 81
3 C 337 302
4 C 987 932
0 C 955 964
1 C 679 728
2 C 576 575
3 C 178 205
4 C 698 709
0 C 838 825
1 C 356 283
2 C 886 777
3 C 170 213
4 C 240 143
0 C 234 149
1 C 709 698
2 C 998 921
3 C 27 100
4 C 748 659
0 C 159 224
1 C 125 2
2 C 656 751
3 C 690 717
4 C 361 278
0 C 670 737
1 C 21 106
2 C 710 697
3 C 379 260
4 C 456 439
0 C 887 776
1 C 687 720
2 C 594 557
3 C 576 575
4 C 240 143
0 C 17 110
1 C 393 502
2 C 183 200
3 C 228 155
4 C 720 687
0 C 797 866
1 C 714 693
2 C 297 342
3 C 20 107
4 C 818 845
0 C 736 671
1 C 484 411
2 C 766 641
3 C 358 281
4 C 894 769
0 C 440 455
1 C 310 329
2 C 772 891
3 C 502 393
4 C 622 529
0 C 979 940
1 C 563 588
2 C 622 529
3 C 404 491
4 C 816 847
0 C 350 289
1 C 433 462
2 C 152 231
3 C 925 994
4 C 122 5
0 C 424 471
1 C 777 886
2 C 512 639
3 C 48 79
4 C 546 605
0 C 50 77
1 C 912 1007
2 C 849 814
3 C 2 125
4 C 129 254
0 C 636 515
1 C 656 751
2 C 737 670
3 C 546 605
4 C 725 682
0 C 444 451
1 C 779 884
2 C 860 803
3 C 350 289
4 C 661 746
0 C 94 33
1 C 915 1004
2 C 662 745
3 C 751 656
4 C 75 52
0 C 566 585
1 C 954 965
2 C 539 612
3 C 472 423
4 C 871 792
0 C 501 394
1 C 641 766
2 C 251 132
3 C 342 297
4 C 838 825
0 C 242 141
1 C 192 191
2 C 858 805
3 C 387 508
4 C 57 70
0 C 952 967
1 C 272 367
2 C 496 399
3 C 414 481
4 C 161 222
0 C 629 522
1 C 575 576
2 C 284 355
3 C 787 876
4 C 44 83
0 C 362 277
1 C 355 284
2 C 728 679
3 C 338 301
4 C 605 546
0 C 725 682
1 C 200 183
2 C 248 135
3 C 932 987
4 C 384 511
0 C 83 44
1 C 375 264
2 C 986 933
3 C 34 93
4 C 302 337
0 C 484 411
1 C 551 600
2 C 634 517
3 C 899 1020
4 C 34 93
0 C 17 110
1 C 601 550
2 C 154 229
3 C 236 147
4 C 682 725
0 C 381 258
1 C 252 131
2 C 965 954
3 C 262 377
4 C 290 349
0 C 113 14
1 C 429 466
2 C 507 388
3 C 376 263
4 C 309 330
0 C 705 702
1 C 689 718
2 C 369 270
3 C 915 1004
4 C 963 956
0 C 932 987
1 C 895 768
2 C 364 275
3 C 574 577
4 C 793 870
0 C 115 12
1 C 81 46
2 C 50 77
3 C 926 993
4 C 318 321
0 C 653 754
1 C 331 308
2 C 146 237
3 C 172 211
4 C 67 60
0 C 835 828
1 C 638 513
2 C 876 787
3 C 444 451
4 C 860 803
0 C 773 890
1 C 841 822
2 C 142 241
3 C 138 245
4 C 792 871
0 C 997 922
1 C 860 803
2 C 497 398
3 C 400 495
4 C 924 995
0 C 478 417
1 C 870 793
2 C 962 957
3 C 535 616
4 C 610 541
0 C 33 94
1 C 23 104
2 C 516 635
3 C 350 289
4 C 119 8
0 C 579 572
1 C 508 387
2 C 365 274
3 C 886 777
4 C 636 515
0 C 450 445
1 C 337 302
2 C 146 237
3 C 146 237
4 C 368 271
0 C 408 487
1 C 715 692
2 C 35 92
3 C 455 440
4 C 350 289
0 C 630 521
1 C 715 692
2 C 756 651
3 C 765 642
4 C 174 209
0 C 556 595
1 C 144 239
2 C 641 766
3 C 207 176
4 C 74 53
0 C 556 595
1 C 86 41
2 C 750 657
3 C 127 0
4 C 857 806
0 C 461 434
1 C 603 548
2 C 676 731
3 C 486 409
4 C 190 193
0 C 31 96
1 C 333 306
2 C 612 539
3 C 726 681
4 C 238 145
0 C 51 76
1 C 99 28
2 C 730 677
3 C 387 508
4 C 695 712
0 C 787 876
1 C 971 948
2 C 485 410
3 C 281 358
4 C 500 395
0 C 651 756
1 C 546 605
2 C 839 824
3 C 77 50
4 C 686 721
0 C 0 127
1 C 732 675
2 C 89 38
3 C 674 733
4 C 278 361
0 C 257 382
1 C 227 156
2 C 656 751
3 D 574 961
4 D 726 809
0 D 224 287
1 D 814 721
2 D 449 62
3 D 235 276
4 D 374 137
0 D 438 73
1 D 395 116
2 D 800 735
3 D 936 599
4 D 244 267
0 D 202 309
1 D 722 813
2 D 395 116
3 D 831 704
4 D 536 999
0 D 833 702
1 D 174 337
2 D 747 788
3 D 72 439
4 D 11 500
0 D 941 594
1 D 449 62
2 D 712 823
3 D 448 63
4 D 57 454
0 D 205 306
1 D 951 584
2 D 227 284
3 D 438 73
4 D 534 1001
0 D 549 986
1 D 990 545
2 D 426 85
3 D 466 45
4 D 608 927
0 D 385 126
1 D 964 571
2 D 4 507
3 D 267 244
4 D 187 324
0 D 8 503
1 D 401 110
2 D 51 460
3 D 44 467
4 D 932 603
0 D 304 207
1 D 931 604
2 D 396 115
3 D 883 652
4 D 343 168
0 D 768 767
1 D 451 60
2 D 545 990
3 D 633 902
4 D 501 10
0 D 19 492
1 D 449 62
2 D 405 106
3 D 52 459
4 D 660 875
0 D 79 432
1 D 880 655
2 D 203 308
3 D 429 82
4 D 314 197
0 D 714 821
1 D 908 627
2 D 13 498
3 D 365 146
4 D 675 860
0 D 284 227
1 D 911 624
2 D 364 147
3 D 118 393
4 D 398 113
0 D 494 17
1 D 440 71
2 D 607 928
3 D 127 384
4 D 578 957
0 D 759 776
1 D 896 639
2 D 926 609
3 D 596 939
4 D 829 706
0 D 424 87
1 D 735 800
2 D 940 595
3 D 375 136
4 D 948 587
0 D 273 238
1 D 655 880
2 D 931 604
3 D 888 647
4 D 357 154
0 D 265 246
1 D 693 842
2 D 706 829
3 D 173 338
4 D 967 568
0 D 586 949
1 D 531 1004
2 D 578 957
3 D 144 367
4 D 238 273
0 D 917 618
1 D 452 59
2 D 611 924
3 D 15 496
4 D 940 595
0 D 993 542
1 D 266 245
2 D 423 88
3 D 257 254
4 D 943 592
0 D 269 242
1 D 640 895
2 D 979 556
3 D 327 184
4 D 472 39
0 D 336 175
1 D 568 967
2 D 13 498
3 D 598 937
4 D 784 751
0 D 917 618
1 D 990 545
2 D 9 502
3 D 308 203
4 D 24 487
0 D 557 978
1 D 7 504
2 D 78 433
3 D 234 277
4 D 17 494
0 D 687 848
1 D 429 82
2 D 899 636
3 D 160 351
4 D 423 88
0 D 612 923
1 D 28 483
2 D 263 248
3 D 330 181
4 D 332 179
0 D 598 937
1 D 999 536
2 D 434 77
3 D 89 422
4 D 495 16
0 D 878 657
1 D 394 117
2 D 501 10
3 D 719 816
4 D 920 615
0 D 187 324
1 D 673 862
2 D 932 603
3 D 920 615
4 D 395 116
0 D 112 399
1 D 863 672
2 D 635 900
3 D 821 714
4 D 262 249
0 D 891 644
1 D 541 994
2 D 140 371
3 D 72 439
4 D 835 700
0 D 873 662
1 D 863 672
2 D 409 102
3 D 640 895
4 D 676 859
0 D 831 704
1 D 488 23
2 D 214 297
3 D 611 924
4 D 525 1010
0 D 761 774
1 D 714 821
2 D 777 758
3 D 895 640
4 D 367 144
0 D 352 159
1 D 271 240
2 D 145 366
3 D 233 278
4 D 417 94
0 D 106 405
1 D 771 764
2 D 145 366
3 D 754 781
4 D 788 747
0 D 747 788
1 D 325 186
2 D 837 698
3 D 773 762
4 D 332 179
0 D 422 89
1 D 387 124
2 D 298 213
3 D 759 776
4 D 433 78
0 D 365 146
1 D 738 797
2 D 854 681
3 D 329 182
4 D 344 167
0 D 230 281
1 D 499 12
2 D 780 755
3 D 844 691
4 D 587 948
0 D 227 284
1 D 16 495
2 D 963 572
3 D 388 123
4 D 305 206
0 D 875 660
1 D 727 808
2 D 894 641
3 D 130 381
4 D 763 772
0 D 553 982
1 D 193 318
2 D 982 553
3 D 921 614
4 D 49 462
0 D 20 491
1 D 24 487
2 D 670 865
3 D 224 287
4 D 326 185
0 D 74 437
1 D 613 922
2 D 600 935
3 D 296 215
4 D 37 474
0 D 1 510
1 D 910 625
2 D 371 140
3 D 524 1011
4 D 491 20
0 D 460 51
1 D 535 1000
2 D 188 323
3 D 294 217
4 D 56 455
0 D 384 127
1 D 111 400
2 D 159 352
3 D 880 655
4 D 799 736
0 D 579 956
1 D 427 84
2 D 933 602
3 D 50 461
4 D 680 855
0 D 193 318
1 D 684 851
2 D 603 932
3 D 298 213
4 D 483 28
0 D 71 440
1 D 515 1020
2 D 270 241
3 D 926 609
4 D 369 142
0 D 976 559
1 D 538 997
2 D 124 387
3 D 762 773
4 D 141 370
0 D 149 362
1 D 387 124
2 D 29 482
3 D 6 505
4 D 304 207
0 D 502 9
1 D 962 573
2 D 730 805
3 D 249 262
4 D 423 88
0 D 875 660
1 D 878 657
2 D 116 395
3 D 748 787
4 D 908 627
0 D 459 52
1 D 119 392
2 D 936 599
3 D 540 995
4 D 582 953
0 D 943 592
1 D 655 880
2 D 484 27
3 D 212 299
4 D 412 99
0 D 145 366
1 D 657 878
2 D 1 510
3 D 647 888
4 D 173 338
0 D 499 12
1 D 302 209
2 D 154 357
3 D 290 221
4 D 153 358
0 D 743 792
1 D 359 152
2 D 971 564
3 D 552 983
4 D 61 450
0 D 787 748
1 D 464 47
2 D 74 437
3 D 758 777
4 D 95 416
0 D 912 623
1 D 754 781
2 D 555 980
3 D 479 32
4 D 348 163
0 D 642 893
1 D 245 266
2 D 488 23
3 D 106 405
4 D 384 127
0 D 695 840
1 D 891 644
2 D 972 563
3 D 750 785
4 D 961 574
0 D 118 393
1 D 69 442
2 D 831 704
3 D 442 69
4 D 434 77
0 D 514 1021
1 D 163 348
2 D 988 547
3 D 538 997
4 D 906 629
0 D 118 393
1 D 497 14
2 D 166 345
3 D 462 49
4 D 806 729
0 D 69 442
1 D 114 397
2 D 452 59
3 D 923 612
4 D 703 832
0 D 317 194
1 D 652 883
2 D 767 768
3 D 238 273
4 D 982 553
0 D 730 805
1 D 104 407
2 D 926 609
3 D 836 699
4 D 1 510
0 D 81 430
1 D 623 912
2 D 78 433
3 D 992 543
4 D 780 755
0 D 783 752
1 D 900 635
2 D 601 934
3 D 255 256
4 D 637 898
0 D 507 4
1 D 610 925
2 D 818 717
3 D 441 70
4 D 828 707
0 D 24 487
1 D 365 146
2 D 774 761
3 D 778 757
4 D 306 205
0 D 472 39
1 D 658 877
2 D 877 658
3 D 819 716
4 D 102 409
0 D 168 343
1 D 903 632
2 D 746 789
3 D 673 862
4 D 662 873
0 D 907 628
1 D 133 378
2 D 60 451
3 D 861 674
4 D 327 184
0 D 299 212
1 D 282 229
2 D 540 995
3 D 490 21
4 D 760 775
0 D 698 837
1 D 196 315
2 D 675 860
3 D 625 910
4 D 709 826
0 D 15 496
1 D 796 739
2 D 507 4
3 D 3 508
4 D 129 382
0 D 245 266
1 D 158 353
2 D 585 950
3 D 666 869
4 D 111 400
0 D 694 841
1 D 393 118
2 D 358 153
3 D 618 917
4 D 590 945
0 D 448 63
1 D 767 768
2 D 149 362
3 D 596 939
4 D 398 113
0 D 260 251
1 D 348 163
2 D 510 1
3 D 35 476
4 D 945 590
0 D 356 155
1 D 450 61
2 D 591 944
3 D 241 270
4 D 196 315
0 D 2 509
1 D 372 139
2 D 65 446
3 D 94 417
4 D 320 191
0 D 738 797
1 D 107 404
2 D 548 987
3 D 585 950
4 D 106 405
0 D 491 20
1 D 271 240
2 D 675 860
3 D 527 1008
4 D 472 39
0 D 147 364
1 D 446 65
2 D 696 839
3 D 85 426
4 D 559 976
0 D 993 542
1 D 507 4
2 D 968 567
3 D 740 795
4 D 426 85
0 D 809 726
1 D 175 336
2 D 497 14
3 D 386 125
4 D 566 969
0 D 172 339
1 D 359 152
2 D 879 656
3 D 892 643
4 D 38 473
0 D 741 794
1 D 70 441
2 D 617 918
3 D 847 688
4 D 345 166
0 D 989 546
1 D 418 93
2 D 366 145
3 D 898 637
4 D 940 595
0 D 664 871
1 D 256 255
2 D 940 595
3 D 617 918
4 D 45 466
0 D 846 689
1 D 326 185
2 D 646 889
3 D 605 930
4 D 568 967
0 D 720 815
1 D 489 22
2 D 130 381
3 D 436 75
4 D 434 77
0 D 531 1004
1 D 864 671
2 D 411 100
3 D 753 782
4 D 506 5
0 D 894 641
1 D 481 30
2 D 79 432
3 D 12 499
4 D 958 577
0 D 264 247
1 D 965 570
2 D 862 673
3 D 895 640
4 D 401 110
0 D 167 344
1 D 89 422
2 D 494 17
3 D 179 332
4 D 884 651
0 D 508 3
1 D 529 1006
2 D 15 496
3 D 494 17
4 D 245 266
0 D 287 224
1 D 15 496
2 D 117 394
3 D 124 387
4 D 945 590
0 D 547 988
1 D 90 421
2 D 660 875
3 D 204 307
4 D 869 666
0 D 204 307
1 D 397 114
2 D 408 103
3 D 907 628
4 D 77 434
0 D 19 492
1 D 416 95
2 D 974 561
3 D 361 150
4 D 608 927
0 D 118 393
1 D 970 565
2 D 684 851
3 D 479 32
4 D 92 419
0 D 169 342
1 D 867 668
2 D 377 134
3 D 321 190
4 D 671 864
0 D 460 51
1 D 347 164
2 D 44 467
3 D 906 629
4 D 476 35
0 D 726 809
1 D 368 143
2 D 436 75
3 D 280 231
4 D 875 660
0 D 763 772
1 D 763 772
2 D 238 273
3 D 614 921
4 D 605 930
0 D 131 380
1 D 295 216
2 D 818 717
3 D 733 802
4 D 429 82
0 D 302 209
1 D 59 452
2 D 188 323
3 D 701 834
4 D 867 668
0 D 158 353
1 D 989 546
2 D 620 915
3 D 578 957
4 D 609 926
0 D 396 115
1 D 800 735
2 D 405 106
3 D 9 502
4 D 246 265
0 D 217 294
1 D 894 641
2 D 725 810
3 D 975 560
4 D 847 688
0 D 890 645
1 D 369 142
2 D 94 417
3 D 419 92
4 D 946 589
0 D 60 451
1 D 322 189
2 D 879 656
3 D 659 876
4 D 773 762
0 D 354 157
1 D 493 18
2 D 808 727
3 D 278 233
4 D 289 222
0 D 459 52
1 D 511 0
2 D 299 212
3 D 387 124
4 D 507 4
0 D 194 317
1 D 728 807
2 D 18 493
3 D 837 698
4 D 836 699
0 D 933 602
1 D 164 347
2 D 237 274
3 D 688 847
4 D 503 8
0 D 282 229
1 D 776 759
2 D 774 761
3 D 546 989
4 D 581 954
0 D 851 684
1 D 594 941
2 D 900 635
3 D 240 271
4 D 989 546
0 D 130 381
1 D 588 947
2 D 683 852
3 D 878 657
4 D 829 706
0 D 261 250
1 D 86 425
2 D 936 599
3 D 906 629
4 D 315 196
0 D 850 685
1 D 918 617
2 D 651 884
3 D 594 941
4 D 767 768
0 D 878 657
1 D 212 299
2 D 529 1006
3 D 136 375
4 D 76 435
0 D 83 428
1 D 766 769
2 D 147 364
3 D 842 693
4 D 226 285
0 D 407 104
1 D 107 404
2 D 902 633
3 D 163 348
4 D 222 289
0 D 656 879
1 D 502 9
2 D 605 930
3 D 50 461
4 D 254 257
0 D 203 308
1 D 5 506
2 D 775 760
3 D 409 102
4 D 899 636
0 D 168 343
1 D 48 463
2 D 619 916
3 D 427 84
4 D 296 215
0 D 389 122
1 D 408 103
2 D 214 297
3 D 452 59
4 D 560 975
0 D 44 467
1 D 819 716
2 D 782 753
3 D 162 349
4 D 773 762
0 D 765 770
1 D 213 298
2 D 320 191
3 D 351 160
4 D 162 349
0 D 918 617
1 D 807 728
2 D 122 389
3 D 628 907
4 D 313 198
0 D 747 788
1 D 870 665
2 D 838 697
3 D 527 1008
4 D 338 173
0 D 216 295
1 D 825 710
2 D 553 982
3 D 444 67
4 D 624 911
0 D 375 136
1 D 655 880
2 D 936 599
3 D 264 247
4 D 561 974
0 D 952 583
1 D 923 612
2 D 491 20
3 D 804 731
4 D 99 412
0 D 253 258
1 D 851 684
2 D 832 703
3 D 606 929
4 D 300 211
0 D 877 658
1 D 901 634
2 D 861 674
3 D 380 131
4 D 634 901
0 D 154 357
1 D 897 638
2 D 188 323
3 D 542 993
4 D 970 565
0 D 950 585
1 D 749 786
2 D 677 858
3 D 548 987
4 D 79 432
0 D 246 265
1 D 600 935
2 D 812 723
3 D 35 476
4 D 543 992
0 D 206 305
1 D 554 981
2 D 568 967
3 D 670 865
4 D 747 788
0 D 279 232
1 D 682 853
2 D 323 188
3 D 506 5
4 D 793 742
0 D 19 492
1 D 184 327
2 D 28 483
3 D 864 671
4 D 962 573
0 D 96 415
1 D 995 540
2 D 962 573
3 D 861 674
4 D 822 713
0 D 785 750
1 D 655 880
2 D 399 112
3 D 67 444
4 D 276 235
0 D 908 627
1 D 686 849
2 D 332 179
3 D 441 70
4 D 580 955
0 D 910 625
1 D 845 690
2 D 293 218
3 D 88 423
4 D 199 312
0 D 848 687
1 D 988 547
2 D 356 155
3 D 470 41
4 D 350 161
0 D 190 321
1 D 451 60
2 D 327 184
3 D 968 567
4 D 255 256
0 D 816 719
1 D 326 185
2 D 670 865
3 D 921 614
4 D 236 275
0 D 917 618
1 D 919 616
2 D 634 901
3 D 911 624
4 D 977 558
0 D 751 784
1 D 792 743
2 D 636 899
3 D 386 125
4 D 114 397
0 D 429 82
1 D 418 93
2 D 243 268
3 D 795 740
4 D 451 60
0 D 722 813
1 D 760 775
2 D 922 613
3 D 669 866
4 D 504 7
0 D 830 705
1 D 379 132
2 D 123 388
3 D 421 90
4 D 463 48
0 D 789 746
1 D 408 103
2 D 758 777
3 D 965 570
4 D 150 361
0 D 540 995
1 D 991 544
2 D 39 472
3 D 106 405
4 D 283 228
0 D 604 931
1 D 927 608
2 D 671 864
3 D 644 891
4 D 653 882
0 D 350 161
1 D 255 256
2 D 947 588
3 D 543 992
4 D 301 210
0 D 570 965
1 D 104 407
2 D 732 803
3 D 332 179
4 D 600 935
0 D 585 950
1 D 684 851
2 D 49 462
3 D 954 581
4 D 242 269
0 D 661 874
1 D 437 74
2 D 30 481
3 D 294 217
4 D 816 719
0 D 813 722
1 D 760 775
2 D 824 711
3 D 657 878
4 D 912 623
0 D 767 768
1 D 894 641
2 D 380 131
3 D 567 968
4 D 219 292
0 D 440 71
1 D 917 618
2 D 980 555
3 D 512 1023
4 D 547 988
0 D 923 612
1 D 786 749
2 D 547 988
3 D 248 263
4 D 45 466
0 D 883 652
1 D 219 292
2 D 946 589
3 D 119 392
4 D 33 478
0 D 69 442
1 D 74 437
2 D 982 553
3 D 997 538
4 D 348 163
0 D 993 542
1 D 159 352
2 D 641 894
3 D 181 330
4 D 886 649
0 D 362 149
1 D 995 540
2 D 760 775
3 D 163 348
4 D 967 568
0 D 334 177
1 D 116 395
2 D 372 139
3 D 304 207
4 D 117 394
0 D 16 495
1 D 125 386
2 D 225 286
3 D 508 3
4 D 467 44
0 D 461 50
1 D 289 222
2 D 593 942
3 D 241 270
4 D 705 830
0 D 692 843
1 D 694 841
2 D 92 419
3 D 96 415
4 D 225 286
0 D 967 568
1 D 106 405
2 D 738 797
3 D 537 998
4 D 433 78
0 D 492 19
1 D 919 616
2 D 173 338
3 D 498 13
4 D 994 541
0 D 845 690
1 D 624 911
2 D 799 736
3 D 757 778
4 D 413 98
0 D 500 11
1 D 354 157
2 D 725 810
3 D 916 619
4 D 52 459
0 D 882 653
1 D 292 219
2 D 73 438
3 D 218 293
4 D 210 301
0 D 323 188
1 D 447 64
2 D 896 639
3 D 286 225
4 D 530 1005
0 D 92 419
1 D 165 346
2 D 834 701
3 D 553 982
4 D 900 635
0 D 328 183
1 D 809 726
2 D 716 819
3 D 471 40
4 D 740 795
0 D 658 877
1 D 775 760
2 D 294 217
3 D 950 585
4 D 372 139
0 D 969 566
1 D 621 914
2 D 903 632
3 D 883 652
4 D 158 353
0 D 960 575
1 D 719 816
2 D 790 745
3 D 532 1003
4 D 523 1012
0 D 663 872
1 D 588 947
2 D 101 410
3 D 655 880
4 D 871 664
0 D 623 912
1 D 252 259
2 D 549 986
3 D 271 240
4 D 129 382
0 D 857 678
1 D 658 877
2 D 317 194
3 D 932 603
4 D 442 69
0 D 30 481
1 D 85 426
2 D 570 965
3 D 280 231
4 D 95 416
0 D 323 188
1 D 735 800
2 D 738 797
3 D 391 120
4 D 70 441
0 D 307 204
1 D 906 629
2 D 150 361
3 D 313 198
4 D 430 81
0 D 535 1000
1 D 666 869
2 D 829 706
3 D 600 935
4 D 309 202
0 D 475 36
1 D 583 952
2 D 328 183
3 D 524 1011
4 D 733 802
0 D 240 271
1 D 452 59
2 D 254 257
3 D 380 131
4 D 656 879
0 D 909 626
1 D 678 857
2 D 753 782
3 D 27 484
4 D 422 89
0 D 999 536
1 D 108 403
2 D 439 72
3 D 230 281
4 D 163 348
0 D 76 435
1 D 510 1
2 D 393 118
3 D 347 164
4 D 979 556
0 D 507 4
1 D 148 363
2 D 831 704
3 D 860 675
4 D 84 427
0 D 147 364
1 D 821 714
2 D 164 347
3 D 781 754
4 D 109 402
0 D 608 927
1 D 415 96
2 D 803 732
3 D 991 544
4 D 350 161
0 D 882 653
1 D 516 1019
2 D 166 345
3 D 44 467
4 D 607 928
0 D 80 431
1 D 490 21
2 D 0 511
3 D 586 949
4 D 150 361
0 D 14 497
1 D 107 404
2 D 818 717
3 D 337 174
4 D 435 76
0 D 26 485
1 D 433 78
2 D 510 1
3 D 802 733
4 D 279 232
0 D 281 230
1 D 883 652
2 D 203 308
3 D 883 652
4 D 718 817
0 D 52 459
1 D 72 439
2 D 558 977
3 D 534 1001
4 D 451 60
0 D 534 1001
1 D 686 849
2 D 729 806
3 D 130 381
4 D 848 687
0 D 871 664
1 D 939 596
2 D 833 702
3 D 162 349
4 D 979 556
0 D 903 632
1 D 272 239
2 D 487 24
3 D 97 414
4 D 161 350
0 D 58 453
1 D 571 964
2 D 846 689
3 D 686 849
4 D 932 603
0 D 320 191
1 D 202 309
2 D 660 875
3 D 482 29
4 D 474 37
0 D 719 816
1 D 945 590
2 D 602 933
3 D 780 755
4 D 138 373
0 D 151 360
1 D 277 234
2 D 355 156
3 D 341 170
4 D 847 688
0 D 951 584
1 D 187 324
2 D 217 294
3 D 955 580
4 D 366 145
0 D 620 915
1 D 514 1021
2 D 64 447
3 D 58 453
4 D 334 177
0 D 123 388
1 D 928 607
2 D 909 626
3 D 792 743
4 D 416 95
0 D 298 213
1 D 380 131
2 D 537 998
3 D 568 967
4 D 52 459
0 D 280 231
1 D 892 643
2 D 430 81
3 D 16 495
4 D 761 774
0 D 419 92
1 D 548 987
2 D 278 233
3 D 402 109
4 D 604 931
0 D 502 9
1 D 37 474
2 D 541 994
3 D 730 805
4 D 724 811
0 D 282 229
1 D 428 83
2 D 299 212
3 D 936 599
4 D 531 1004
0 D 430 81
1 D 723 812
2 D 83 428
3 D 193 318
4 D 88 423
0 D 131 380
1 D 513 1022
2 D 993 542
3 D 375 136
4 D 383 128
0 D 954 581
1 D 998 537
2 D 906 629
3 D 583 952
4 D 362 149
0 D 608 927
1 D 500 11
2 D 207 304
3 D 77 434
4 D 285 226
0 D 943 592
1 D 390 121
2 D 11 500
3 D 438 73
4 D 669 866
0 D 393 118
1 D 858 677
2 D 912 623
3 D 169 342
4 D 238 273
0 D 425 86
1 D 937 598
2 D 129 382
3 D 464 47
4 D 505 6
0 D 589 946
1 D 144 367
2 D 691 844
3 D 575 960
4 D 837 698
0 D 945 590
1 D 492 19
2 D 134 377
3 D 258 253
4 D 575 960
0 D 469 42
1 D 677 858
2 D 822 713
3 D 305 206
4 D 897 638
0 D 66 445
1 D 678 857
2 D 224 287
3 D 500 11
4 D 242 269
0 D 731 804
1 D 316 195
2 D 86 425
3 D 359 152
4 D 88 423
0 D 946 589
1 D 405 106
2 D 925 610
3 D 693 842
4 D 198 313
0 D 746 789
1 D 902 633
2 D 323 188
3 D 181 330
4 D 146 365
0 D 930 605
1 D 31 480
2 D 937 598
3 D 781 754
4 D 201 310
0 D 938 597
1 D 333 178
2 D 663 872
3 D 9 502
4 D 611 924
0 D 908 627
1 D 662 873
2 D 293 218
3 D 452 59
4 D 56 455
0 D 768 767
1 D 380 131
2 D 863 672
3 D 836 699
4 D 388 123
0 D 94 417
1 D 630 905
2 D 443 68
3 D 999 536
4 D 420 91
0 D 15 496
1 D 542 993
2 D 923 612
3 D 664 871
4 D 129 382
0 D 112 399
1 D 191 320
2 D 700 835
3 D 180 331
4 D 765 770
0 D 75 436
1 D 982 553
2 D 837 698
3 D 288 223
4 D 606 929
0 D 496 15
1 D 614 921
2 D 767 768
3 D 529 1006
4 D 715 820
0 D 941 594
1 D 362 149
2 D 608 927
3 D 346 165
4 D 689 846
0 D 297 214
1 D 890 645
2 D 309 202
3 D 102 409
4 D 347 164
0 D 752 783
1 D 505 6
2 D 70 441
3 D 383 128
4 D 321 190
0 D 892 643
1 D 253 258
2 D 953 582
3 D 708 827
4 D 213 298
0 D 558 977
1 D 236 275
2 D 677 858
3 D 625 910
4 D 195 316
0 D 139 372
1 D 203 308
2 D 26 485
3 D 114 397
4 D 884 651
0 D 20 491
1 D 538 997
2 D 866 669
3 D 242 269
4 D 46 465
0 D 668 867
1 D 638 897
2 D 825 710
3 D 234 277
4 D 365 146
0 D 83 428
1 D 23 488
2 D 758 777
3 D 309 202
4 D 136 375
0 D 64 447
1 D 624 911
2 D 943 592
3 D 1000 535
4 D 436 75
0 D 229 282
1 D 288 223
2 D 0 511
3 D 722 813
4 D 278 233
0 D 711 824
1 D 724 811
2 D 23 488
3 D 199 312
4 D 698 837
0 D 22 489
1 D 589 946
2 D 465 46
3 D 109 402
4 D 770 765
0 D 425 86
1 D 989 546
2 D 669 866
3 D 196 315
4 D 359 152
0 D 390 121
1 D 188 323
2 D 301 210
3 D 440 71
4 D 861 674
0 D 161 350
1 D 464 47
2 D 997 538
3 D 965 570
4 D 927 608
0 D 463 48
1 D 647 888
2 D 982 553
3 D 538 997
4 D 701 834
0 D 282 229
1 D 14 497
2 D 540 995
3 D 583 952
4 D 407 104
0 D 602 933
1 D 956 579
2 D 352 159
3 D 801 734
4 D 691 844
0 D 494 17
1 D 614 921
2 D 603 932
3 D 512 1023
4 D 365 146
0 D 292 219
1 D 870 665
2 D 991 544
3 D 105 406
4 D 842 693
0 D 788 747
1 D 505 6
2 D 673 862
3 D 700 835
4 D 945 590
0 D 999 536
1 D 326 185
2 D 690 845
3 D 834 701
4 D 785 750
0 D 380 131
1 D 215 296
2 D 829 706
3 D 863 672
4 D 789 746
0 D 53 458
1 D 681 854
2 D 617 918
3 D 969 566
4 D 118 393
0 D 994 541
1 D 758 777
2 D 121 390
3 D 943 592
4 D 967 568
0 D 104 407
1 D 128 383
2 D 178 333
3 D 448 63
4 D 551 984
0 D 281 230
1 D 981 554
2 D 531 1004
3 D 716 819
4 D 183 328
0 D 710 825
1 D 900 635
2 D 56 455
3 D 308 203
4 D 357 154
0 D 700 835
1 D 218 293
2 D 739 796
3 D 376 135
4 D 921 614
0 D 558 977
1 D 227 284
2 D 104 407
3 D 509 2
4 D 366 145
0 D 907 628
1 D 495 16
2 D 282 229
3 D 19 492
4 D 10 501
0 D 901 634
1 D 695 840
2 D 22 489
3 D 652 883
4 D 847 688
0 D 926 609
1 D 145 366
2 D 139 372
3 D 439 72
4 D 882 653
0 D 554 981
1 D 736 799
2 D 216 295
3 D 886 649
4 D 662 873
0 D 437 74
1 D 241 270
2 D 10 501
3 D 983 552
4 D 917 618
0 D 398 113
1 D 623 912
2 D 639 896
3 D 406 105
4 D 308 203
0 D 572 963
1 D 735 800
2 D 911 624
3 D 477 34
4 D 379 132
0 D 787 748
1 D 721 814
2 D 543 992
3 D 998 537
4 D 379 132
0 D 205 306
1 D 81 430
2 D 34 477
3 D 981 554
4 D 425 86
0 D 364 147
1 D 937 598
2 D 852 683
3 D 312 199
4 D 281 230
0 D 6 505
1 D 324 187
2 D 425 86
3 D 127 384
4 D 8 503
0 D 413 98
1 D 99 412
2 D 429 82
3 D 968 567
4 D 495 16
0 D 564 971
1 D 110 401
2 D 490 21
3 D 557 978
4 D 215 296
0 D 198 313
1 D 78 433
2 D 846 689
3 D 524 1011
4 D 698 837
0 D 444 67
1 D 604 931
2 D 409 102
3 D 578 957
4 D 837 698
0 D 186 325
1 D 251 260
2 D 956 579
3 D 660 875
4 D 422 89
0 D 602 933
1 D 151 360
2 D 155 356
3 D 871 664
4 D 883 652
0 D 884 651
1 D 456 55
2 D 571 964
3 D 992 543
4 D 536 999
0 D 70 441
1 D 843 692
2 D 636 899
3 D 221 290
4 D 651 884
0 D 266 245
1 D 200 311
2 D 995 540
3 D 54 457
4 D 269 242
0 D 607 928
1 D 139 372
2 D 524 1011
3 D 206 305
4 D 435 76
0 D 110 401
1 D 263 248
2 D 215 296
3 D 374 137
4 D 681 854
0 D 311 200
1 D 52 459
2 D 575 960
3 D 838 697
4 D 226 285
0 D 996 539
1 D 143 368
2 D 655 880
3 D 572 963
4 D 668 867
0 D 663 872
1 D 868 667
2 D 898 637
3 D 283 228
4 D 598 937
0 D 861 674
1 D 445 66
2 D 699 836
3 D 921 614
4 D 960 575
0 D 878 657
1 D 130 381
2 D 346 165
3 D 871 664
4 D 179 332
0 D 110 401
1 D 721 814
2 D 156 355
3 D 29 482
4 D 311 200
0 D 534 1001
1 D 384 127
2 D 296 215
3 D 353 158
4 D 233 278
0 D 36 475
1 D 431 80
2 D 874 661
3 D 104 407
4 D 274 237
0 D 136 375
1 D 346 165
2 D 443 68
3 D 133 378
4 D 63 448
0 D 977 558
1 D 881 654
2 D 78 433
3 D 12 499
4 D 697 838
0 D 877 658
1 D 719 816
2 D 895 640
3 D 452 59
4 D 243 268
0 D 719 816
1 D 358 153
2 D 464 47
3 D 811 724
4 D 300 211
0 D 469 42
1 D 342 169
2 D 473 38
3 D 433 78
4 D 893 642
0 D 538 997
1 D 84 427
2 D 368 143
3 D 83 428
4 D 888 647
0 D 433 78
1 D 612 923
2 D 859 676
3 D 503 8
4 D 915 620
0 D 447 64
1 D 115 396
2 D 902 633
3 D 980 555
4 D 323 188
0 D 45 466
1 D 817 718
2 D 970 565
3 D 140 371
4 D 842 693
0 D 802 733
1 D 819 716
2 D 56 455
3 D 618 917
4 D 7 504
0 D 67 444
1 D 750 785
2 D 103 408
3 D 956 579
4 D 852 683
0 D 323 188
1 D 177 334
2 D 622 913
3 D 464 47
4 D 115 396
0 D 893 642
1 D 294 217
2 D 616 919
3 D 398 113
4 D 592 943
0 D 954 581
1 D 393 118
2 D 592 943
3 D 992 543
4 D 822 713
0 D 71 440
1 D 540 995
2 D 959 576
3 D 818 717
4 D 419 92
0 D 325 186
1 D 701 834
2 D 96 415
3 D 626 909
4 D 991 544
0 D 431 80
1 D 712 823
2 D 433 78
3 D 104 407
4 D 77 434
0 D 924 611
1 D 143 368
2 D 574 961
3 D 930 605
4 D 268 243
0 D 34 477
1 D 195 316
2 D 467 44
3 D 699 836
4 D 575 960
0 D 745 790
1 D 169 342
2 D 297 214
3 D 1000 535
4 D 656 879
0 D 69 442
1 D 226 285
2 D 769 766
3 D 61 450
4 D 982 553
0 D 799 736
1 D 315 196
2 D 319 192
3 D 989 546
4 D 816 719
0 D 834 701
1 D 652 883
2 D 908 627
3 D 963 572
4 D 689 846
0 D 223 288
1 D 631 904
2 D 744 791
3 D 250 261
4 D 201 310
0 D 785 750
1 D 95 416
2 D 105 406
3 D 594 941
4 D 44 467
0 D 168 343
1 D 718 817
2 D 77 434
3 D 689 846
4 D 702 833
0 D 17 494
1 D 626 909
2 D 907 628
3 D 31 480
4 D 30 481
0 D 182 329
1 D 571 964
2 D 857 678
3 D 563 972
4 D 166 345
0 D 281 230
1 D 197 314
2 D 302 209
3 D 763 772
4 D 867 668
0 D 168 343
1 D 713 822
2 D 663 872
3 D 124 387
4 D 471 40
0 D 542 993
1 D 576 959
2 D 952 583
3 D 347 164
4 D 637 898
0 D 9 502
1 D 658 877
2 D 858 677
3 D 77 434
4 D 532 1003
0 D 322 189
1 D 509 2
2 D 422 89
3 D 89 422
4 D 764 771
0 D 417 94
1 D 878 657
2 D 98 413
3 D 41 470
4 D 966 569
0 D 947 588
1 D 963 572
2 D 705 830
3 D 458 53
4 D 726 809
0 D 303 208
1 D 120 391
2 D 506 5
3 D 955 580
4 D 701 834
0 D 791 744
1 D 716 819
2 D 45 466
3 D 550 985
4 D 594 941
0 D 255 256
1 D 191 320
2 D 643 892
3 D 170 341
4 D 428 83
0 D 802 733
1 D 582 953
2 D 425 86
3 D 337 174
4 D 417 94
0 D 935 600
1 D 597 938
2 D 469 42
3 D 22 489
4 D 750 785
0 D 611 924
1 D 869 666
2 D 877 658
3 D 417 94
4 D 328 183
0 D 459 52
1 D 803 732
2 D 916 619
3 D 807 728
4 D 218 293
0 D 669 866
1 D 566 969
2 D 255 256
3 D 738 797
4 D 681 854
0 D 725 810
1 D 684 851
2 D 20 491
3 D 42 469
4 D 891 644
0 D 221 290
total time of producer and consumer measured by clock(2):
producer takes -2040117296 clicks 2254.850098 seconds.
consumer takes -2040317296 clicks 2254.650146 seconds.
total time of producer and consumer measured by time(2):
producer takes 2255.000000 seconds.
consumer takes 2255.000000 seconds.
