B 384 391 399
C 203 212 202
B 210 173 209
A 940 595 939
B 921 926 920
B 796 771 795
A 347 292 346
B 845 842 844
A 183 168 182
C 501 10 500
C 526 521 525
C 90 69 89
C 422 473 421
C 779 780 778
B 756 779 755
D 579 604 578
B 603 548 602
A 60 59 59
D 335 336 334
B 845 690 844
A 344 351 359
C 932 955 931
C 115 12 114
B 885 882 884
A 332 339 331
C 32 479 31
B 792 871 791
D 102 97 101
C 415 384 414
B 267 268 266
D 160 351 159
C 610 637 609
C 315 324 314
A 29 26 28
D 301 306 300
D 996 923 995
D 927 608 926
A 122 125 121
A 123 100 122
B 444 443 443
B 499 396 498
C 845 850 844
C 979 556 978
D 191 184 190
A 446 417 445
A 358 281 357
D 795 796 794
A 973 562 972
D 244 235 243
C 716 691 715
C 871 864 870
C 487 504 486
D 402 109 401
D 855 848 854
B 378 357 377
B 563 588 562
A 226 229 225
B 486 505 485
D 75 436 74
B 614 537 613
D 218 221 217
A 283 260 282
B 341 338 340
B 832 703 831
B 664 647 663
C 152 231 151
B 244 243 243
A 45 50 44
A 105 22 104
A 973 562 972
B 908 907 907
B 274 269 273
D 839 832 838
C 883 876 882
B 164 219 163
A 897 638 896
C 595 596 594
A 169 182 168
D 730 677 729
C 683 684 682
C 233 278 232
B 48 47 47
A 256 263 271
B 784 879 783
B 92 67 91
B 812 723 811
D 614 609 613
D 275 268 274
D 307 332 306
D 108 107 107
B 95 64 94
C 918 617 917
A 835 836 834
D 799 864 798
C 903 920 902
C 261 258 260
D 162 349 161
A 213 202 212
A 855 808 854
B 760 767 775
D 174 177 173
B 886 881 885
A 135 376 134
D 829 834 828
A 180 171 179
B 842 845 841
A 591 592 590
A 361 278 360
B 839 696 838
A 12 11 11
B 211 204 210
C 794 869 793
D 433 438 432
C 170 181 169
D 515 1020 490
B 425 430 424
B 201 214 200
B 257 382 256
D 915 916 914
D 449 62 448
B 74 85 73
B 594 557 593
B 781 778 780
B 400 399 399
C 189 322 188
B 397 394 396
B 399 496 398
D 613 634 612
C 350 345 349
B 848 847 847
B 282 229 281
A 719 688 718
D 233 238 232
D 638 609 637
D 467 44 466
D 39 32 38
C 309 330 308
D 125 98 124
D 618 621 617
D 677 698 676
A 666 741 665
D 601 934 600
D 543 536 542
D 336 335 335
D 951 968 950
A 927 920 926
B 887 872 886
A 437 74 436
D 707 708 706
A 863 832 862
C 607 544 606
B 765 770 764
C 508 507 507
A 569 550 568
B 358 281 357
B 534 529 533
B 899 924 898
D 350 161 349
A 47 40 46
D 695 712 694
A 749 754 748
C 492 491 491
D 442 421 441
A 156 355 155
A 996 923 995
A 298 301 297
C 965 986 964
D 128 383 127
A 206 201 205
A 712 695 711
B 963 988 962
C 526 521 525
A 355 380 354
A 848 815 847
C 257 254 256
A 115 116 114
D 15 16 14
A 135 248 134
C 864 871 879
A 497 494 496
C 608 927 607
D 80 87 95
D 541 514 540
D 856 807 855
C 727 808 726
C 461 458 460
B 129 158 128
C 537 614 536
D 479 472 478
C 748 755 747
B 280 231 279
B 721 726 720
B 247 232 246
C 949 970 948
C 738 741 737
D 892 867 891
C 401 110 400
A 260 379 259
D 689 694 688
B 452 475 451
D 816 719 815
D 468 467 467
D 445 450 444
A 402 397 401
D 420 419 419
C 193 222 192
B 93 34 92
C 156 355 155
D 181 178 180
D 237 242 236
A 85 42 84
C 32 39 47
C 232 247 231
B 424 87 423
C 132 131 131
D 925 898 924
D 183 200 182
B 433 78 432
C 52 51 51
A 433 430 432
B 427 468 426
A 284 283 283
B 396 403 395
D 27 484 26
D 165 162 164
C 576 607 639
D 435 460 434
D 713 718 712
A 707 732 706
B 526 1009 501
D 685 722 684
B 165 162 164
A 519 536 518
C 315 196 314
C 744 751 759
A 72 87 71
D 774 889 773
C 598 593 597
B 177 174 176
B 146 365 145
C 416 479 415
D 92 91 91
B 221 194 220
D 775 768 774
B 987 932 986
C 703 672 702
C 152 359 151
A 835 836 834
A 398 401 397
B 370 269 369
C 914 621 913
A 516 515 515
D 649 662 648
C 587 588 586
C 330 309 329
A 769 798 768
B 254 257 253
C 459 460 458
B 910 913 909
C 160 223 159
B 275 276 274
A 913 910 912
B 594 941 593
D 92 35 91
A 118 113 117
D 512 543 575
B 688 847 687
A 947 948 946
D 815 816 814
C 282 357 281
D 374 369 373
A 550 569 549
C 389 122 388
B 53 74 52
C 530 533 529
A 994 1021 9
C 638 633 637
D 506 485 505
B 740 667 739
B 193 318 192
D 339 340 338
B 797 770 796
B 596 555 595
A 44 467 43
B 204 203 203
B 106 117 105
B 571 572 570
A 958 961 957
B 780 787 779
C 938 597 937
D 864 871 879
C 993 1022 8
D 675 732 674
D 363 364 362
A 546 573 545
B 18 493 17
C 302 297 301
A 363 276 362
B 491 500 490
B 539 996 538
D 634 637 633
A 975 976 974
C 893 770 892
A 785 790 784
C 72 87 71
A 467 44 466
B 677 730 676
A 638 633 637
D 38 57 37
D 220 219 219
C 730 709 729
A 628 907 627
C 224 159 223
D 742 737 741
D 978 973 977
B 394 501 393
C 126 385 125
D 219 220 218
D 699 676 698
B 190 185 189
D 301 306 300
A 859 804 858
B 114 397 113
B 797 794 796
D 116 107 115
B 18 109 17
D 60 59 59
D 95 64 94
A 639 896 638
B 197 194 196
D 827 804 826
D 316 323 315
A 332 179 331
D 719 712 718
A 352 383 415
A 745 662 744
D 413 410 412
D 816 815 815
A 278 233 277
A 73 78 72
C 580 571 579
C 551 568 550
D 681 686 680
D 402 397 401
D 816 719 815
D 530 621 529
C 787 788 786
A 81 78 80
B 756 651 755
D 84 427 83
D 610 613 609
B 470 457 469
C 140 139 139
C 200 215 199
D 746 661 745
B 245 266 244
B 234 237 233
B 877 882 876
D 915 1004 122
C 915 916 914
B 985 966 984
A 791 744 790
A 831 824 830
B 517 538 516
A 72 55 71
A 102 409 101
D 123 124 122
D 499 492 498
D 455 440 454
D 730 733 729
C 523 532 522
B 715 820 714
D 416 423 431
C 979 972 978
B 512 639 767
C 866 869 865
C 891 868 890
C 340 171 339
A 424 471 423
B 296 303 311
D 279 264 278
C 107 108 106
B 842 693 841
D 174 177 173
D 579 572 578
B 641 646 640
C 844 851 843
C 614 537 613
C 846 689 845
B 677 674 676
B 683 692 682
D 370 269 369
D 815 808 814
A 976 975 975
D 337 174 336
B 951 944 950
B 911 912 910
A 275 364 274
A 5 2 4
B 665 870 664
C 639 608 638
C 703 704 702
B 782 777 781
B 873 886 872
B 116 395 115
A 699 700 698
D 310 297 309
A 587 564 586
C 452 451 451
B 88 71 87
D 303 208 302
D 106 21 105
C 357 354 356
B 265 278 264
B 752 759 767
A 676 859 675
A 865 894 864
B 393 502 392
D 759 752 758
A 48 47 47
B 932 987 931
D 824 711 823
D 639 632 638
B 250 229 249
D 480 487 495
B 158 129 157
C 861 802 860
C 462 49 461
C 596 595 595
A 144 143 143
D 547 604 546
D 548 547 547
B 729 806 728
B 974 977 973
D 411 484 410
D 754 757 753
B 526 529 525
C 81 430 80
D 626 629 625
A 824 807 823
B 167 216 166
C 802 805 801
C 606 577 605
D 182 329 181
B 100 27 99
A 658 661 657
A 494 497 493
C 120 391 119
B 529 534 528
A 481 510 480
B 826 837 825
B 884 883 883
B 415 384 414
D 423 88 422
B 253 130 252
C 790 785 789
A 421 442 420
D 292 291 291
C 875 884 874
B 675 732 674
B 283 228 282
C 331 332 330
B 903 920 902
B 9 118 8
C 42 469 41
B 333 330 332
B 225 254 224
D 347 324 346
D 91 92 90
A 715 692 714
D 168 343 167
D 458 469 457
D 522 525 521
D 171 212 170
A 566 553 565
B 954 957 953
C 35 476 34
C 963 956 962
A 605 578 604
A 402 405 401
D 285 258 284
D 139 372 138
C 763 764 762
B 777 886 776
A 15 16 14
D 573 570 572
B 930 605 929
A 872 791 871
A 195 220 194
A 846 841 845
C 274 269 273
A 686 681 685
C 209 174 208
D 89 422 88
B 918 905 917
A 625 630 624
A 622 529 621
D 553 566 552
C 13 498 12
B 96 103 111
C 409 390 408
A 788 787 787
D 554 597 553
B 61 450 60
C 646 665 645
C 785 790 784
A 61 66 60
B 613 634 612
D 773 770 772
A 836 699 835
B 291 316 290
A 196 195 195
C 945 974 944
D 293 314 292
C 992 999 7
D 438 73 437
A 25 102 24
A 441 422 440
D 33 38 32
A 492 19 491
A 154 133 153
B 514 637 513
B 564 563 563
D 482 509 481
C 187 188 186
D 180 331 179
A 751 656 750
C 486 505 485
A 761 766 760
A 438 425 437
B 337 302 336
B 445 442 444
C 970 565 969
D 103 120 102
A 61 58 60
A 642 765 641
C 306 205 305
B 216 199 215
A 513 518 512
C 585 598 584
D 485 410 484
C 477 474 476
A 390 121 389
A 100 123 99
B 913 918 912
C 391 504 390
B 983 968 982
A 529 1006 504
B 244 243 243
A 324 315 323
D 623 624 622
B 348 347 347
C 665 646 664
B 294 217 293
D 247 240 246
A 489 406 488
A 530 525 529
B 26 29 25
C 101 410 100
C 133 250 132
C 646 665 645
A 809 814 808
D 152 135 151
A 785 878 784
A 372 139 371
C 951 944 950
C 454 473 453
D 17 22 16
A 300 339 299
A 787 780 786
D 14 497 13
A 795 796 794
D 176 175 175
A 963 956 962
C 962 965 961
B 554 981 553
A 389 410 388
A 616 623 631
D 631 520 630
C 315 292 314
A 22 489 21
C 799 792 798
D 442 421 441
B 566 585 565
B 854 849 853
B 311 200 310
D 959 928 958
B 373 370 372
B 572 579 571
A 158 129 157
A 805 802 804
C 99 412 98
D 574 577 573
C 96 415 95
B 317 322 316
C 713 694 712
A 616 919 615
B 242 141 241
C 550 985 549
D 944 975 943
A 606 929 605
C 139 244 138
A 704 831 703
A 850 813 849
D 81 430 80
D 197 186 196
C 36 475 35
D 81 46 80
B 795 740 794
C 346 293 345
C 711 696 710
A 786 749 785
D 325 314 324
C 699 836 698
B 279 360 278
C 353 158 352
B 753 654 752
D 743 792 742
A 328 311 327
A 150 361 149
D 236 147 235
B 599 936 598
C 925 994 924
C 993 926 992
D 646 889 645
B 134 249 133
C 925 610 924
A 257 382 256
C 564 971 563
A 182 201 181
A 965 570 964
D 918 1001 125
B 428 83 427
D 376 263 375
A 464 47 463
B 800 863 799
C 983 552 982
B 277 362 276
B 671 736 670
A 830 705 829
A 259 380 258
A 777 758 776
D 392 503 391
B 487 24 486
A 699 708 698
D 118 393 117
C 136 247 135
D 935 600 934
B 71 56 70
C 151 360 150
B 981 938 980
A 202 181 201
C 945 590 944
D 17 110 16
B 948 587 947
C 600 551 599
D 384 127 383
B 355 284 354
A 344 167 343
C 864 799 863
A 519 1016 494
B 675 732 674
B 324 187 323
D 621 530 620
A 471 40 470
D 606 545 605
A 817 846 816
D 956 579 955
B 661 746 660
B 981 554 980
A 45 82 44
A 439 72 438
A 664 743 663
D 820 715 819
B 944 975 943
B 38 473 37
C 468 427 467
C 433 78 432
C 110 17 109
C 213 170 212
B 153 358 152
B 21 106 20
D 238 273 237
B 562 589 561
A 149 362 148
C 986 933 985
A 280 231 279
A 62 65 61
B 394 117 393
D 2 125 1
D 247 264 246
D 377 262 376
C 400 111 399
B 523 628 522
A 463 432 462
C 323 188 322
C 936 599 935
D 486 25 485
B 967 568 966
A 189 322 188
A 1 510 0
D 816 719 815
B 809 726 808
B 591 944 590
C 579 956 578
B 531 1004 506
A 70 441 69
C 685 850 684
D 604 931 603
D 500 11 499
A 14 497 13
D 562 973 561
D 745 790 744
C 865 670 864
A 962 573 961
A 382 129 381
D 492 19 491
D 974 561 973
C 651 884 650
D 803 732 802
the wall time of producer is: 112.005254
the wall time of consumer is: 111.850982


real	1m15.873s
user	0m0.025s
sys	0m0.051s


-----------------------
Resources requested:
nodes=1:ppn=28
-----------------------
Resources used:
cput=00:06:17
walltime=00:01:18
mem=0.078GB
vmem=0.894GB
-----------------------
Resource units charged (estimate):
0.060 RUs
-----------------------
