A 426 429 425
D 504 487 503
D 508 3 507
C 417 478 416
C 288 295 303
C 511 480 510
C 273 278 272
C 819 716 818
C 528 527 527
C 850 813 849
C 522 525 521
A 358 377 357
A 118 393 117
A 657 662 656
D 842 821 841
D 756 747 755
B 617 622 616
B 372 139 371
D 906 917 905
B 105 22 104
C 209 214 208
D 419 444 418
B 662 873 661
B 628 627 627
B 648 759 647
A 937 950 936
D 184 191 199
C 779 756 778
B 558 561 557
C 914 1005 121
D 731 732 730
D 757 746 756
D 478 33 477
D 111 104 110
A 825 838 824
D 201 214 200
D 26 29 25
A 799 736 798
C 820 811 819
A 3 124 2
C 198 217 197
A 463 456 462
C 594 941 593
D 643 668 642
B 705 710 704
A 938 981 937
C 584 951 583
B 535 520 534
D 5 2 4
D 669 642 668
A 627 524 626
C 741 738 740
D 903 632 902
C 707 732 706
A 946 949 945
A 694 713 693
C 657 878 656
A 306 301 305
C 706 709 705
C 304 335 303
C 856 679 855
B 525 1010 500
A 941 978 940
D 554 981 553
B 113 14 112
B 355 156 354
A 825 838 824
C 408 103 407
C 923 996 922
D 515 1020 490
A 881 782 880
D 823 840 822
the wall time of producer is: 12.852137
the wall time of consumer is: 0.000000
