A 291 292 290
A 579 604 578
C 303 336 302
A 347 164 346
C 201 206 200
D 822 809 821
C 598 553 597
D 461 458 460
B 301 306 300
B 4 507 3
D 83 84 82
C 846 849 845
D 425 470 424
C 292 291 291
D 685 690 684
C 721 814 720
D 492 403 491
B 780 779 779
D 258 285 257
B 340 171 339
A 925 922 924
C 34 61 33
C 128 255 383
B 930 933 929
B 654 657 653
A 666 869 665
C 5 122 4
B 650 653 649
A 2 29 1
B 193 198 192
D 637 610 636
A 287 352 286
B 592 943 591
D 580 579 579
B 482 509 481
D 882 781 881
D 293 218 292
C 88 95 103
A 253 226 252
C 80 47 79
A 124 123 123
B 706 733 705
C 462 49 461
A 504 511 519
A 322 349 321
A 500 395 499
C 287 280 286
C 497 494 496
D 738 797 737
C 708 699 707
A 624 631 639
B 663 648 662
C 317 194 316
D 218 221 217
B 815 816 814
A 988 931 987
D 387 388 386
C 982 969 981
D 437 74 436
B 961 958 960
B 440 447 455
A 709 730 708
A 235 236 234
A 939 948 938
D 206 177 205
D 940 595 939
A 962 965 961
D 736 767 799
A 950 969 949
D 103 408 102
C 779 780 778
B 819 812 818
C 105 110 104
A 313 326 312
C 722 717 721
C 91 420 90
B 136 143 151
C 64 95 127
D 682 725 681
C 723 724 722
C 768 799 831
A 548 987 547
D 197 186 196
C 407 400 406
C 898 925 897
B 303 208 302
B 763 764 762
B 610 637 609
C 498 397 497
D 13 10 12
B 967 984 966
C 223 288 222
D 124 3 123
A 76 75 75
B 11 20 10
D 908 907 907
B 156 131 155
A 675 860 674
B 604 547 603
A 638 633 637
A 585 598 584
A 589 562 588
B 990 545 989
A 464 471 479
A 247 232 246
C 156 155 155
C 809 822 808
D 635 516 634
A 657 878 656
D 472 479 487
A 244 235 243
D 616 535 615
C 289 294 288
D 47 48 46
A 129 382 128
B 735 728 734
A 559 592 558
A 125 98 124
A 695 840 694
A 360 367 375
B 114 109 113
C 172 211 171
C 104 111 119
C 331 340 330
D 158 353 157
C 969 950 968
B 671 664 670
B 127 96 126
D 48 55 63
B 357 378 356
D 65 446 64
A 944 975 943
A 787 788 786
D 858 837 857
A 49 78 48
B 638 897 637
A 1000 1007 15
C 889 870 888
D 289 294 288
A 596 587 595
D 39 88 38
C 960 575 959
B 688 695 703
D 942 945 941
C 122 5 121
B 510 505 509
D 962 989 961
D 638 897 637
A 681 686 680
D 166 185 165
D 980 939 979
A 312 199 311
C 503 496 502
D 571 548 570
A 708 699 707
A 507 508 506
D 422 441 421
D 577 958 576
B 382 377 381
C 552 567 551
A 379 260 378
D 558 553 557
B 748 755 747
B 821 714 820
D 183 200 182
B 978 981 977
B 557 562 556
C 39 472 38
A 318 321 317
D 828 827 827
A 94 65 93
D 704 711 719
C 201 214 200
A 389 506 388
A 483 28 482
C 742 737 741
D 775 792 774
B 824 839 823
D 966 985 965
C 462 457 461
A 207 304 206
B 270 273 269
A 125 122 124
D 443 452 442
A 139 372 138
B 817 814 816
D 101 98 100
D 781 882 780
C 36 59 35
B 581 578 580
D 317 194 316
A 0 31 63
D 176 183 191
D 4 123 3
A 250 229 249
A 626 629 625
D 185 326 184
C 214 169 213
A 447 416 446
A 485 482 484
A 475 452 474
B 519 1016 494
B 914 917 913
D 402 493 401
B 200 215 199
A 735 728 734
A 840 823 839
A 604 931 603
A 916 907 915
D 915 916 914
A 971 980 970
C 728 679 727
A 492 491 491
C 576 959 575
D 365 370 364
B 917 914 916
D 130 253 129
C 981 970 980
D 512 1023 487
B 680 687 695
D 219 196 218
D 520 631 519
A 158 153 157
A 942 945 941
C 760 775 759
D 902 897 901
A 724 683 723
A 609 638 608
D 397 394 396
A 201 310 200
B 709 730 708
B 277 362 276
B 402 405 401
A 435 428 434
D 796 739 795
B 230 225 229
B 131 252 130
D 221 194 220
A 912 919 927
A 57 38 56
A 700 835 699
B 267 372 266
D 147 148 146
C 139 148 138
A 602 605 601
B 669 738 668
D 264 247 263
C 880 879 879
A 262 257 261
A 17 14 16
C 75 52 74
A 221 290 220
D 542 537 541
B 966 985 965
D 916 1003 123
B 925 922 924
B 300 307 299
D 412 99 411
A 513 518 512
D 561 558 560
D 532 619 531
A 860 859 859
B 211 204 210
D 384 127 383
D 351 288 350
B 528 535 543
A 920 903 919
D 439 72 438
A 956 955 955
C 236 243 235
D 132 251 131
C 852 851 851
A 685 690 684
B 178 333 177
A 233 150 232
B 833 838 832
D 269 274 268
D 447 440 446
D 146 141 145
A 186 197 185
C 145 366 144
B 872 879 887
A 361 374 360
A 610 541 609
C 276 235 275
B 653 650 652
C 125 98 124
A 301 298 300
C 1000 919 999
C 203 212 202
C 434 77 433
D 118 113 117
D 307 300 306
A 639 512 638
C 729 734 728
C 343 328 342
C 142 369 141
B 663 744 662
C 662 657 661
B 529 526 528
A 557 978 556
D 637 634 636
D 687 688 686
D 476 419 475
C 904 911 919
D 726 713 725
C 798 737 797
B 267 372 266
A 564 563 563
D 179 172 178
A 626 629 625
D 108 115 107
A 150 361 149
D 327 312 326
C 35 36 34
D 496 495 495
C 7 120 6
D 603 932 602
B 86 81 85
B 947 940 946
D 828 827 827
A 988 963 987
C 871 792 870
D 624 911 623
B 166 161 165
B 985 966 984
A 451 444 450
B 564 563 563
B 785 782 784
B 386 125 385
D 869 866 868
D 991 928 990
D 204 211 203
A 672 863 671
B 753 758 752
C 298 309 297
D 322 317 321
C 607 600 606
D 920 903 919
C 676 859 675
B 422 473 421
D 382 377 381
B 600 583 599
B 477 474 476
A 847 848 846
A 5 506 4
C 222 161 221
C 407 400 406
B 953 934 952
D 819 844 818
C 238 273 237
B 750 745 749
A 798 769 797
A 293 290 292
A 659 652 658
D 808 855 807
B 917 618 916
D 695 688 694
C 476 451 475
C 960 959 959
A 771 772 770
C 757 746 756
D 704 831 703
B 72 79 87
C 809 822 808
A 174 209 173
B 845 690 844
D 350 345 349
D 774 793 773
C 248 135 247
C 781 778 780
D 730 709 729
B 304 207 303
A 376 383 391
C 117 10 116
B 827 804 826
D 728 735 743
A 902 921 901
C 528 1007 503
C 332 307 331
A 913 918 912
D 988 963 987
B 686 849 685
A 12 115 11
B 721 726 720
B 87 72 86
B 136 143 151
D 748 755 747
C 783 880 782
A 675 860 674
A 29 26 28
D 253 226 252
D 806 857 805
A 357 354 356
C 640 671 703
D 888 647 887
B 816 823 831
D 250 229 249
D 218 165 217
C 186 325 185
B 870 865 869
D 553 566 552
A 968 951 967
C 278 273 277
D 739 764 738
A 484 27 483
A 417 422 416
D 846 849 845
C 678 729 677
D 772 771 771
D 557 562 556
A 808 727 807
D 498 397 497
A 964 963 963
A 661 650 660
C 545 990 544
D 663 656 662
A 957 930 956
C 740 667 739
B 908 907 907
B 429 434 428
B 142 241 141
D 540 995 539
A 857 862 856
C 399 400 398
A 800 863 799
A 641 646 640
A 687 688 686
D 534 1001 509
D 46 41 45
A 138 149 137
D 838 825 837
A 749 786 748
C 808 815 823
B 953 934 952
C 702 705 701
A 718 713 717
D 803 828 802
B 128 383 127
D 959 952 958
C 891 868 890
A 908 1011 115
B 258 261 257
B 322 349 321
C 987 548 986
A 532 619 531
A 482 485 481
A 684 691 683
C 68 443 67
A 485 482 484
A 411 388 410
B 672 735 671
B 933 930 932
A 872 887 871
D 362 149 361
B 340 299 339
A 880 887 895
B 182 169 181
A 468 467 467
B 801 830 800
A 636 515 635
B 952 583 951
B 696 703 711
B 45 50 44
D 217 166 216
C 324 187 323
A 111 104 110
A 149 138 148
C 993 998 992
A 323 316 322
A 463 464 462
C 112 399 111
A 442 445 441
D 173 178 172
D 83 44 82
B 588 587 587
C 516 539 515
A 773 762 772
A 455 440 454
B 296 303 311
B 608 639 671
B 978 557 977
C 575 568 574
C 710 729 709
C 81 46 80
C 493 490 492
A 378 357 377
A 300 211 299
C 340 299 339
C 22 17 21
D 863 832 862
B 96 103 111
C 881 878 880
D 46 81 45
C 685 850 684
C 802 805 801
C 1000 1015 15
B 564 587 563
D 73 78 72
D 401 110 400
D 588 595 587
C 486 481 485
D 163 188 162
D 587 564 586
D 584 951 583
C 754 757 753
A 332 339 331
B 449 446 448
B 950 945 949
C 131 156 130
A 591 944 590
B 831 824 830
A 681 726 680
C 460 467 459
C 205 202 204
A 183 328 182
D 426 437 425
A 92 35 91
D 534 529 533
B 234 245 233
C 212 299 211
B 385 390 384
B 64 63 63
A 700 675 699
D 372 371 371
B 654 657 653
A 10 501 9
D 291 348 290
A 298 301 297
B 894 865 893
C 542 609 541
C 749 746 748
C 244 267 243
A 85 74 84
A 630 625 629
B 27 4 26
B 267 372 266
A 680 855 679
B 630 625 629
A 327 344 326
B 322 317 321
B 283 284 282
C 16 15 15
A 640 895 639
D 810 813 809
A 896 927 959
B 390 505 389
D 295 288 294
D 546 989 545
C 71 88 70
B 653 754 652
C 829 826 828
C 8 23 7
B 841 694 840
B 345 350 344
C 429 466 428
B 577 606 576
D 660 659 659
D 284 259 283
B 622 913 621
B 269 370 268
A 184 191 199
A 585 598 584
C 652 651 651
D 482 413 481
A 111 400 110
B 21 10 20
C 170 173 169
A 950 937 949
A 671 736 670
C 640 895 639
B 666 669 665
D 195 220 194
A 696 711 695
C 938 941 937
D 320 351 383
C 551 984 550
B 226 229 225
D 586 597 585
C 840 823 839
A 168 175 183
D 157 354 156
C 276 267 275
A 83 44 82
A 158 153 157
D 987 964 986
A 881 654 880
B 303 296 302
D 72 87 71
D 846 817 845
C 985 990 984
A 913 910 912
D 177 334 176
C 64 63 63
C 167 160 166
B 660 651 659
A 662 657 661
B 353 158 352
A 226 157 225
A 354 381 353
B 513 518 512
B 0 31 63
D 831 832 830
A 632 903 631
A 125 122 124
D 814 817 813
C 860 859 859
B 284 355 283
C 642 669 641
B 338 173 337
C 898 901 897
A 417 446 416
D 545 606 544
D 841 846 840
D 874 661 873
A 328 343 327
B 41 86 40
B 214 209 213
D 95 64 94
B 183 328 182
D 209 214 208
B 840 855 839
C 868 795 867
C 969 974 968
C 160 191 223
B 153 358 152
D 350 289 349
D 909 906 908
C 437 426 436
D 305 310 304
A 954 581 953
D 452 475 451
C 214 169 213
B 222 217 221
A 834 861 833
C 646 761 645
C 391 120 390
B 478 473 477
D 762 741 761
C 651 652 650
D 941 978 940
C 160 191 223
D 950 585 949
B 192 199 207
C 241 238 240
B 353 286 352
C 305 310 304
B 307 204 306
B 971 980 970
D 837 834 836
A 192 191 191
B 265 278 264
C 101 410 100
A 581 578 580
C 112 111 111
B 65 62 64
C 630 625 629
C 631 616 630
D 268 243 267
A 804 859 803
B 10 13 9
D 799 768 798
C 733 802 732
D 319 312 318
A 807 824 806
A 724 683 723
D 105 110 104
B 633 614 632
B 102 409 101
C 552 599 551
B 249 254 248
C 179 172 178
C 295 288 294
B 737 766 736
A 61 66 60
D 877 658 876
B 418 421 417
C 690 685 689
A 182 201 181
A 261 201 181
D 940 595 939
B 973 970 972
B 720 719 719
C 538 541 537
A 62 33 61
D 85 426 84
C 237 234 236
A 3 28 2
A 938 981 937
D 190 185 189
C 111 112 110
A 762 773 761
B 567 584 566
B 706 709 705
C 368 367 367
B 678 857 677
C 691 692 690
D 260 283 259
A 116 11 115
C 90 93 89
A 525 530 524
B 907 628 906
B 451 444 450
B 450 453 449
D 176 175 175
C 354 357 353
D 567 552 566
B 367 272 366
C 350 161 349
C 131 132 130
A 126 97 125
A 459 436 458
D 692 843 691
D 826 829 825
D 666 645 665
C 65 70 64
C 822 841 821
C 224 255 287
B 651 884 650
D 947 948 946
D 198 217 197
D 65 62 64
A 98 101 97
C 287 256 286
A 368 143 367
B 626 525 625
B 235 236 234
D 769 798 768
C 723 812 722
C 764 763 763
B 424 439 423
B 879 784 878
A 396 395 395
C 532 523 531
C 143 368 142
C 420 475 419
B 681 686 680
A 520 535 519
B 894 889 893
A 297 310 296
C 59 452 58
A 649 758 648
C 494 489 493
A 988 963 987
B 64 63 63
C 833 702 832
B 759 752 758
B 278 265 277
B 170 173 169
A 626 621 625
A 475 420 474
B 163 348 162
C 958 953 957
B 701 674 700
D 934 985 933
B 628 627 627
C 722 717 721
B 612 923 611
A 327 320 326
C 410 485 409
A 629 618 628
D 299 212 298
D 944 951 959
C 906 917 905
D 57 70 56
B 33 38 32
A 274 269 273
B 16 495 15
B 548 547 547
C 311 328 310
B 470 457 469
D 952 959 967
A 226 253 225
B 874 661 873
C 593 558 592
D 726 721 725
C 902 921 901
D 329 310 328
C 953 958 952
A 47 464 46
A 395 404 394
D 809 814 808
B 728 711 727
C 835 828 834
C 775 760 774
C 461 458 460
B 507 484 506
B 212 171 211
A 38 33 37
D 862 833 861
A 768 767 767
A 715 716 714
D 464 463 463
C 668 739 667
B 558 553 557
B 325 186 324
D 944 943 943
A 928 991 927
D 166 161 165
A 951 936 950
A 897 638 896
C 611 612 610
B 214 201 213
A 907 1012 114
B 611 612 610
D 731 708 730
D 485 26 484
B 712 695 711
B 168 175 183
D 318 289 317
D 691 289 317
C 377 382 376
C 861 674 860
D 434 461 433
D 928 935 943
A 732 707 731
D 725 682 724
A 384 127 383
C 605 602 604
B 260 283 259
A 875 876 874
D 636 515 635
C 826 805 825
D 543 992 542
B 780 779 779
B 506 485 505
C 116 11 115
D 890 893 889
C 465 46 464
D 544 575 607
D 994 925 993
C 544 551 559
A 844 851 843
B 319 192 318
D 478 473 477
B 946 941 945
A 756 651 755
D 233 238 232
D 239 240 238
D 659 876 658
C 393 502 392
D 762 765 761
B 568 551 567
C 12 11 11
D 600 935 599
D 328 343 327
A 754 653 753
D 945 950 944
A 98 125 97
A 823 840 822
A 315 196 314
C 519 512 518
A 326 345 325
D 758 753 757
B 878 881 877
D 875 788 874
D 728 807 727
A 423 416 422
C 955 932 954
C 904 1015 111
D 102 97 101
B 279 232 278
C 717 722 716
B 495 488 494
A 800 863 799
D 441 422 440
A 191 320 190
A 205 202 204
D 213 202 212
D 730 677 729
B 137 142 136
B 213 202 212
D 720 815 719
C 538 613 537
B 694 689 693
D 935 952 934
B 704 711 719
A 518 1017 493
C 443 420 442
B 449 446 448
C 472 479 487
C 160 191 223
B 661 874 660
C 134 249 133
D 539 540 538
C 785 782 784
C 223 216 222
D 167 184 166
D 357 282 356
C 96 415 95
A 127 120 126
C 244 235 243
A 347 292 346
D 775 768 774
B 972 563 971
D 485 506 484
B 939 940 938
B 87 72 86
B 774 889 773
B 166 345 165
B 119 112 118
B 172 179 171
D 390 505 389
B 944 951 959
A 539 516 538
C 937 598 936
D 534 529 533
A 226 157 225
C 502 489 501
D 446 441 445
D 251 260 250
D 817 814 816
A 678 729 677
C 969 974 968
A 403 396 402
B 816 719 815
D 722 725 721
A 619 532 618
A 18 13 17
C 573 570 572
C 813 818 812
A 908 1011 115
A 44 467 43
B 753 758 752
B 902 921 901
C 953 966 952
A 108 107 107
D 448 63 447
D 234 245 233
D 551 544 550
B 63 32 62
B 635 516 634
A 588 947 587
C 200 207 215
A 687 688 686
D 652 755 651
B 906 909 905
D 375 360 374
D 619 916 618
D 742 737 741
B 212 203 211
D 437 458 436
A 568 575 583
D 93 66 92
C 187 324 186
B 813 850 812
D 919 912 918
B 332 339 331
B 686 849 685
B 551 544 550
C 280 359 279
D 101 122 100
C 533 530 532
B 837 858 836
D 711 824 710
D 774 889 773
D 819 820 818
A 440 423 439
B 858 861 857
B 426 469 425
C 702 833 701
A 958 929 957
B 275 276 274
A 560 559 559
C 58 69 57
D 146 365 145
A 18 21 17
A 24 7 23
C 845 818 844
C 577 582 576
B 906 917 905
C 197 314 196
A 840 847 855
A 55 40 54
D 122 5 121
A 169 174 168
D 935 600 934
A 213 202 212
B 844 819 843
B 504 511 519
D 647 664 646
D 133 378 132
B 712 719 727
B 576 607 639
C 904 1015 111
B 478 473 477
D 416 447 479
C 932 603 931
A 206 177 205
C 402 405 401
A 279 264 278
B 761 766 760
B 562 589 561
B 847 688 846
D 859 836 858
A 603 604 602
D 774 793 773
B 870 793 869
D 863 672 862
B 326 321 325
B 826 805 825
D 225 230 224
D 148 235 147
B 433 430 432
C 875 660 874
A 661 658 660
D 159 128 158
D 404 491 403
A 199 192 198
D 515 1020 490
B 391 408 390
B 538 613 537
B 133 130 132
B 812 819 811
A 907 628 906
D 487 480 486
D 666 645 665
C 579 572 578
B 156 155 155
C 13 18 12
A 967 568 966
D 480 415 479
B 416 423 431
B 847 848 846
C 491 492 490
B 663 872 662
A 379 356 378
D 722 685 721
C 663 656 662
B 71 88 70
A 517 634 516
A 961 574 960
B 376 383 391
D 650 661 649
A 656 663 671
A 64 63 63
A 428 435 427
D 69 442 68
B 812 811 811
D 163 188 162
C 174 209 173
D 280 287 295
D 437 74 436
A 327 344 326
B 999 920 998
C 181 178 180
C 746 757 745
D 261 250 260
C 217 222 216
D 789 778 788
D 553 598 552
B 956 955 955
A 275 268 274
A 366 145 365
D 186 197 185
D 313 318 312
D 600 583 599
C 913 918 912
C 294 217 293
C 882 877 881
C 441 454 440
C 718 713 717
D 538 517 537
B 357 282 356
D 259 252 258
C 313 318 312
D 691 684 690
D 992 999 7
C 71 88 70
D 288 351 287
D 796 739 795
D 871 864 870
C 704 735 767
B 88 39 87
B 149 146 148
C 563 972 562
D 788 779 787
D 356 355 355
C 434 461 433
D 110 113 109
A 698 837 697
B 11 12 10
C 24 7 23
B 238 145 237
D 379 380 378
C 175 176 174
D 69 442 68
A 115 12 114
B 333 330 332
A 328 343 327
D 860 859 859
C 775 760 774
C 485 506 484
A 961 958 960
C 930 933 929
A 838 857 837
D 295 216 294
B 37 90 36
C 7 0 6
A 184 167 183
C 275 276 274
D 140 147 139
B 846 817 845
B 375 136 374
B 180 179 179
B 346 325 345
B 593 558 592
A 341 338 340
C 899 636 898
C 537 518 536
A 849 854 848
B 538 517 537
A 619 532 618
C 920 615 919
C 428 427 427
C 9 22 8
A 29 98 28
C 498 501 497
A 642 669 641
A 533 1002 508
B 567 560 566
A 252 131 251
A 409 390 408
D 697 702 696
B 690 845 689
D 112 111 111
D 265 374 264
A 524 523 523
B 609 638 608
D 84 427 83
B 425 470 424
D 586 589 585
A 971 980 970
A 998 993 997
B 634 613 633
A 959 960 958
C 188 323 187
D 268 267 267
D 778 789 777
B 777 886 776
D 976 983 991
B 667 868 666
D 744 759 743
C 961 966 960
D 80 79 79
D 437 458 436
D 339 172 338
C 810 813 809
D 162 189 161
D 413 482 412
B 549 546 548
A 740 763 739
C 126 385 125
B 980 979 979
A 684 691 683
C 409 486 408
C 919 912 918
B 13 498 12
C 951 936 950
D 656 751 655
C 82 85 81
A 2 29 1
C 988 547 987
C 141 138 140
A 298 341 297
B 608 639 671
C 488 495 503
D 637 610 636
C 737 798 736
D 248 135 247
D 936 943 951
A 230 249 229
C 981 938 980
B 908 907 907
A 676 859 675
B 128 159 191
D 675 676 674
A 760 743 759
B 781 882 780
A 419 92 418
A 611 612 610
A 711 728 710
C 270 369 269
B 543 536 542
C 397 402 396
A 506 5 505
A 712 719 727
B 222 193 221
A 685 722 684
A 596 595 595
C 123 388 122
B 79 80 78
B 90 37 89
B 931 932 930
D 60 35 59
D 15 496 14
A 924 923 923
C 916 1003 123
C 545 574 544
C 609 614 608
C 816 815 815
C 405 106 404
C 339 300 338
C 592 599 607
A 467 460 466
B 406 401 405
B 142 241 141
C 683 852 682
B 903 920 902
A 556 555 555
B 504 487 503
D 889 774 888
A 353 158 352
D 311 304 310
A 302 305 301
B 282 357 281
C 83 84 82
A 507 484 506
D 144 367 143
C 975 968 974
A 738 765 737
B 757 650 756
D 337 342 336
D 874 661 873
D 876 883 875
B 751 656 750
A 23 16 22
C 630 617 629
B 56 455 55
D 543 536 542
D 812 819 811
C 589 562 588
D 696 703 711
A 979 972 978
D 120 391 119
C 440 455 439
A 315 316 314
B 63 32 62
D 698 701 697
B 944 975 943
B 943 592 942
B 781 786 780
A 827 828 826
B 320 351 383
B 146 237 145
B 250 261 249
A 742 737 741
A 577 606 576
C 382 377 381
A 89 38 88
B 540 515 539
D 239 272 238
A 520 527 535
B 368 367 367
C 126 1 125
B 60 59 59
A 198 313 197
B 138 149 137
A 847 816 846
B 867 868 866
D 34 61 33
A 529 1006 504
D 242 245 241
C 597 586 596
C 439 456 438
D 959 952 958
B 139 148 138
A 472 39 471
A 996 923 995
C 939 940 938
C 250 229 249
A 435 436 434
B 581 954 580
B 603 580 602
C 220 163 219
A 927 920 926
A 365 370 364
A 990 929 989
C 646 889 645
B 652 651 651
D 997 1018 12
C 658 661 657
B 562 589 561
A 629 618 628
A 750 785 749
D 385 390 384
D 254 225 253
D 763 644 762
C 332 331 331
D 298 213 297
A 48 47 47
D 202 205 201
D 461 434 460
C 940 947 939
B 795 740 794
A 394 397 393
D 73 86 72
D 715 692 714
D 772 771 771
D 425 438 424
C 96 415 95
B 339 340 338
D 452 443 451
D 422 441 421
C 855 848 854
A 540 995 539
C 336 335 335
B 818 845 817
A 986 989 985
A 459 468 458
D 272 367 271
D 482 29 481
B 324 323 323
D 630 617 629
C 472 479 487
C 826 805 825
D 218 165 217
B 520 1015 495
A 337 342 336
B 279 264 278
D 601 550 600
B 474 477 473
C 558 561 557
B 658 877 657
A 188 187 187
A 178 205 177
A 59 36 58
C 524 1011 499
C 341 338 340
A 772 795 771
A 522 629 521
D 22 17 21
B 291 316 290
D 75 436 74
D 687 680 686
C 791 872 790
C 877 882 876
C 522 525 521
C 293 314 292
C 489 22 488
A 176 207 175
B 434 437 433
D 469 458 468
A 842 845 841
B 931 604 930
B 256 383 511
C 663 648 662
C 445 442 444
D 846 849 845
C 163 220 162
B 827 708 826
D 240 247 255
D 654 657 653
C 71 56 70
B 380 379 379
C 759 744 758
C 485 26 484
C 413 410 412
A 813 818 812
C 720 687 719
D 189 186 188
B 905 630 904
C 627 620 626
C 457 438 456
B 386 389 385
A 930 957 929
C 929 606 928
D 11 12 10
A 26 101 25
C 423 440 422
D 768 775 783
C 261 282 260
C 530 1005 505
C 463 432 462
A 755 756 754
B 771 796 770
C 730 733 729
A 718 817 717
C 525 626 524
D 474 453 473
A 750 745 749
B 803 828 802
A 907 1012 114
A 41 470 40
D 452 451 451
B 649 662 648
C 124 123 123
C 908 1011 115
B 185 166 184
B 663 872 662
C 410 413 409
B 56 39 55
A 495 400 494
C 237 234 236
C 994 541 993
B 682 693 681
A 355 284 354
C 313 318 312
C 642 669 641
B 872 663 871
A 997 994 996
D 420 443 419
A 238 145 237
B 672 679 687
D 181 170 180
A 981 554 980
C 194 189 193
C 213 210 212
B 431 432 430
A 231 224 230
C 385 126 384
D 538 517 537
D 712 695 711
C 119 112 118
B 712 727 711
C 466 45 465
A 725 682 724
A 106 109 105
B 717 722 716
B 326 321 325
B 497 398 496
A 616 631 615
D 588 947 587
D 203 204 202
D 825 806 824
A 331 308 330
B 102 97 101
D 141 370 140
C 200 215 199
B 175 168 174
B 21 106 20
A 787 780 786
B 123 388 122
C 694 689 693
A 617 630 616
B 596 555 595
C 70 65 69
A 834 861 833
D 265 246 264
D 466 429 465
A 616 623 631
B 100 123 99
C 949 946 948
C 644 891 643
D 181 170 180
A 437 458 436
B 540 539 539
C 284 259 283
A 170 341 169
C 911 1008 118
A 785 790 784
C 681 694 680
A 404 403 403
A 305 302 304
A 444 451 443
D 47 464 46
A 112 119 127
D 761 742 760
C 665 742 664
C 715 716 714
A 533 1002 508
C 609 638 608
C 71 64 70
D 659 652 658
A 973 946 972
A 114 397 113
C 481 486 480
C 732 707 731
D 699 708 698
A 233 238 232
D 917 906 916
B 312 199 311
D 669 666 668
C 114 13 113
A 255 224 254
C 132 131 131
D 916 619 915
A 497 494 496
C 713 694 712
C 1000 1007 15
C 153 134 152
B 868 667 867
C 312 319 327
B 628 523 627
A 230 249 229
A 630 625 629
C 919 904 918
C 238 273 237
B 238 145 237
D 610 613 609
C 883 876 882
A 374 265 373
C 668 667 667
D 930 605 929
D 437 426 436
A 365 362 364
A 268 275 267
D 73 54 72
C 85 426 84
C 981 978 980
D 217 198 216
A 594 557 593
A 906 909 905
B 940 947 939
D 634 901 633
D 833 838 832
D 898 925 897
B 110 17 109
C 608 615 623
B 346 165 345
B 382 353 381
B 828 835 827
A 31 24 30
A 366 369 365
B 831 704 830
B 383 376 382
C 58 69 57
C 572 547 571
C 175 168 174
A 723 716 722
C 661 874 660
C 581 570 580
B 658 661 657
C 439 424 438
C 987 988 986
C 1 126 0
D 883 652 882
A 477 450 476
D 177 182 176
C 127 96 126
B 576 575 575
B 931 604 930
C 538 541 537
B 377 358 376
D 360 279 359
D 897 902 896
D 671 640 670
B 232 279 231
C 214 209 213
D 354 381 353
A 140 243 139
C 878 873 877
D 668 867 667
A 507 484 506
B 174 209 173
D 812 811 811
B 847 848 846
D 959 576 958
C 279 272 278
B 335 336 334
D 383 256 382
B 35 36 34
A 368 367 367
A 4 507 3
A 469 426 468
D 288 295 303
A 498 493 497
C 353 358 352
C 108 403 107
C 680 727 679
B 749 754 748
C 308 307 307
A 431 432 430
C 274 365 273
B 230 281 229
D 764 763 763
B 463 464 462
A 597 594 596
D 897 1022 104
A 801 830 800
C 223 288 222
A 129 134 128
D 720 719 719
D 935 984 934
C 417 422 416
C 479 32 478
C 848 847 847
A 644 763 643
C 645 642 644
A 56 39 55
B 26 485 25
A 113 118 112
D 280 263 279
C 493 402 492
C 379 380 378
A 922 901 921
A 336 175 335
A 489 406 488
A 786 789 785
B 573 546 572
C 785 790 784
C 109 402 108
D 776 791 775
A 552 599 551
B 778 781 777
D 147 140 146
D 770 893 769
A 606 929 605
A 979 980 978
A 414 385 413
D 494 489 493
D 574 545 573
C 721 686 720
B 782 753 781
A 886 881 885
D 214 201 213
C 45 82 44
C 833 838 832
B 408 103 407
A 873 886 872
D 432 439 447
A 941 978 940
A 293 314 292
D 505 6 504
A 179 180 178
B 626 621 625
C 40 87 39
A 714 717 713
B 875 884 874
D 160 351 159
B 922 997 921
B 329 334 328
C 996 1019 11
C 16 23 31
A 862 673 861
A 942 945 941
A 997 922 996
D 69 66 68
B 27 4 26
A 770 765 769
C 886 777 885
A 878 873 877
B 232 247 231
D 34 37 33
D 274 269 273
B 488 407 487
B 180 331 179
D 229 226 228
C 615 632 614
C 13 114 12
A 257 262 256
A 12 499 11
B 580 603 579
D 624 631 639
B 888 871 887
A 97 30 96
B 293 218 292
D 130 133 129
D 837 858 836
C 560 591 559
C 664 671 679
C 633 614 632
A 878 657 877
B 63 56 62
D 944 975 943
B 103 120 102
D 228 227 227
A 587 948 586
A 378 357 377
B 269 370 268
B 421 418 420
D 417 446 416
D 207 304 206
C 851 852 850
D 230 153 229
D 286 257 285
D 93 90 92
A 404 395 403
A 813 722 812
A 535 616 534
D 884 883 883
C 363 372 362
D 584 567 583
C 505 510 504
D 646 889 645
D 732 707 731
A 407 400 406
A 848 847 847
D 422 473 421
D 827 708 826
A 323 324 322
A 484 507 483
D 159 224 158
D 141 138 140
A 635 612 634
D 894 641 893
B 179 180 178
A 357 378 356
D 578 573 577
D 436 435 435
B 325 186 324
C 520 535 519
A 223 160 222
B 431 424 430
A 664 647 663
B 160 351 159
C 412 411 411
C 366 273 365
A 24 7 23
D 562 565 561
B 420 443 419
C 228 283 227
D 749 658 748
D 312 319 327
D 979 972 978
C 866 869 865
D 639 512 638
B 45 466 44
C 176 175 175
B 257 262 256
B 423 440 422
A 497 398 496
C 197 314 196
A 463 456 462
D 162 189 161
C 159 224 158
A 612 611 611
D 3 28 2
B 373 138 372
B 671 664 670
C 610 637 609
D 959 960 958
B 648 655 663
D 777 758 776
D 888 871 887
C 793 870 792
C 191 184 190
D 251 228 250
A 686 849 685
B 971 972 970
A 249 230 248
D 637 514 636
B 742 737 741
B 137 150 136
D 414 97 413
A 241 142 240
D 849 854 848
A 165 186 164
C 892 891 891
B 539 996 538
B 61 34 60
D 881 782 880
B 514 517 513
C 982 969 981
A 154 229 153
D 146 365 145
C 764 763 763
C 972 979 971
A 671 664 670
B 305 334 304
D 600 583 599
C 3 508 2
B 418 421 417
A 122 101 121
B 394 501 393
B 510 505 509
D 838 697 837
A 205 210 204
B 884 883 883
D 501 394 500
D 41 54 40
A 933 602 932
D 343 336 342
D 77 82 76
A 520 631 519
C 972 971 971
D 124 99 123
B 540 995 539
B 169 214 168
A 249 254 248
C 755 748 754
D 613 610 612
B 274 237 273
B 602 581 601
B 468 427 467
D 682 685 681
C 168 183 167
A 106 21 105
B 612 923 611
C 739 740 738
A 356 379 355
D 274 277 273
B 847 848 846
A 130 253 129
D 666 869 665
C 666 669 665
C 104 119 103
D 249 134 248
B 435 436 434
D 194 317 193
B 105 118 104
D 869 866 868
D 359 376 358
D 36 91 35
C 855 680 854
A 365 362 364
D 825 806 824
A 429 466 428
D 799 792 798
A 416 447 479
C 90 421 89
D 249 254 248
D 639 512 638
D 477 450 476
A 507 508 506
B 626 909 625
D 495 496 494
D 161 222 160
D 579 580 578
A 688 687 687
B 266 245 265
D 776 887 775
B 217 222 216
B 922 901 921
C 157 154 156
A 768 799 831
A 556 595 555
C 952 583 951
D 130 133 129
C 122 101 121
B 302 337 301
D 36 35 35
B 296 311 295
A 732 803 731
B 383 376 382
A 454 473 453
C 948 971 947
C 833 702 832
B 38 33 37
A 987 964 986
D 736 671 735
C 292 291 291
C 848 847 847
B 607 928 606
C 814 817 813
C 131 132 130
C 454 441 453
D 844 851 843
B 983 976 982
A 539 996 538
A 533 618 532
B 909 914 908
D 888 895 903
A 634 901 633
B 612 635 611
C 691 692 690
C 170 213 169
A 306 301 305
C 591 584 590
D 305 206 304
C 951 968 950
A 810 821 809
D 364 363 363
A 303 304 302
B 281 358 280
B 134 129 133
B 525 1010 500
D 814 817 813
A 809 814 808
B 743 664 742
D 549 986 548
A 194 221 193
A 605 602 604
D 17 110 16
A 531 524 530
B 620 619 619
B 209 302 208
B 769 798 768
D 725 722 724
D 886 777 885
A 181 170 180
D 418 421 417
B 221 290 220
D 432 463 431
B 720 719 719
B 918 913 917
A 698 837 697
D 254 225 253
B 126 121 125
B 978 941 977
A 571 548 570
B 761 766 760
A 538 997 537
A 865 798 864
D 756 747 755
D 943 936 942
A 418 445 417
A 107 108 106
D 438 457 437
C 805 730 804
A 719 720 718
B 878 873 877
B 11 116 10
A 961 574 960
D 737 766 736
C 233 238 232
B 138 149 137
C 282 357 281
D 569 574 568
B 143 368 142
A 134 153 133
D 416 423 431
D 540 611 539
A 351 320 350
D 308 307 307
B 818 717 817
B 140 147 139
C 832 831 831
A 954 957 953
B 295 312 294
C 514 1021 489
C 726 721 725
D 880 783 879
A 928 959 991
C 470 465 469
C 26 485 25
A 682 725 681
C 23 8 22
C 357 354 356
D 431 432 430
A 712 719 727
B 690 845 689
D 110 17 109
B 514 541 513
D 197 194 196
D 482 413 481
D 309 298 308
D 171 340 170
A 491 492 490
C 97 126 96
C 663 656 662
B 336 303 335
A 335 176 334
B 851 844 850
D 17 22 16
A 567 584 566
B 500 491 499
A 359 352 358
A 546 989 545
D 408 391 407
B 370 269 369
C 73 78 72
D 982 969 981
A 703 832 702
A 831 824 830
D 33 94 32
A 708 731 707
A 185 190 184
A 296 215 295
B 814 817 813
A 776 887 775
C 169 174 168
C 222 193 221
C 200 207 215
A 230 281 229
C 797 866 796
B 202 213 201
A 460 459 459
A 609 542 608
C 718 721 717
B 779 756 778
D 701 698 700
D 987 964 986
B 245 242 244
A 347 292 346
C 984 551 983
A 929 958 928
D 547 548 546
D 111 16 110
B 863 832 862
A 426 429 425
C 835 700 834
A 119 104 118
A 214 209 213
B 76 51 75
A 880 879 879
A 212 299 211
C 69 66 68
B 868 795 867
A 566 553 565
B 998 993 997
C 377 134 376
C 342 329 341
C 906 1013 113
D 461 458 460
B 54 41 53
B 697 702 696
D 616 919 615
D 8 119 7
B 53 42 52
C 68 67 67
D 26 5 25
C 453 442 452
C 530 1005 505
B 30 25 29
B 273 270 272
C 700 699 699
C 934 985 933
C 497 14 496
B 973 978 972
B 361 366 360
A 318 321 317
A 600 583 599
C 317 314 316
C 763 772 762
D 461 466 460
D 519 512 518
B 853 810 852
C 613 634 612
A 355 156 354
D 414 409 413
B 472 423 471
C 556 563 555
C 457 462 456
B 496 15 495
B 294 313 293
C 657 662 656
A 326 313 325
D 286 257 285
C 950 945 949
C 744 791 743
A 859 804 858
B 101 122 100
D 52 51 51
A 728 711 727
C 770 765 769
C 914 917 913
A 500 395 499
D 867 892 866
C 654 649 653
A 403 492 402
A 962 573 961
D 539 516 538
C 754 757 753
A 798 769 797
B 905 1014 112
B 522 525 521
C 508 3 507
A 127 96 126
B 615 608 614
C 457 438 456
A 21 10 20
D 478 33 477
A 289 294 288
D 936 983 935
B 474 453 473
C 103 96 102
B 590 945 589
D 793 774 792
C 917 914 916
A 561 590 560
D 391 408 390
C 78 73 77
B 26 485 25
C 696 711 695
C 967 984 966
D 112 119 127
D 710 729 709
D 214 297 213
C 379 380 378
D 433 462 432
B 407 392 406
C 622 617 621
A 492 19 491
A 926 993 925
D 633 614 632
D 795 614 632
D 438 433 437
D 526 521 525
D 525 626 524
A 631 904 630
D 817 814 816
B 345 350 344
D 956 963 955
A 198 217 197
A 474 37 473
D 666 669 665
C 15 16 14
A 705 710 704
D 106 21 105
C 776 759 775
C 183 168 182
B 848 855 863
A 264 375 263
A 974 977 973
D 753 758 752
C 99 412 98
B 114 109 113
A 652 651 651
A 732 675 731
A 28 3 27
A 421 90 420
D 964 963 963
B 773 890 772
D 241 238 240
D 398 393 397
B 535 1000 510
A 790 777 789
B 966 953 965
B 155 156 154
D 499 492 498
A 369 374 368
C 856 679 855
A 273 366 272
C 821 810 820
A 519 512 518
A 671 640 670
A 205 178 204
D 235 276 234
A 437 434 436
A 169 182 168
D 970 973 969
B 540 611 539
B 907 628 906
A 508 483 507
A 132 131 131
D 665 646 664
A 741 666 740
C 480 487 495
D 322 189 321
C 861 834 860
D 278 273 277
B 808 855 807
C 995 1020 10
D 586 949 585
C 841 846 840
B 842 853 841
D 301 338 300
D 615 608 614
A 314 197 313
D 484 507 483
C 918 913 917
A 25 102 24
A 457 470 456
D 182 177 181
A 329 182 328
B 253 130 252
B 642 669 641
C 481 486 480
C 364 371 363
B 940 595 939
D 566 585 565
B 98 101 97
D 108 115 107
B 50 53 49
C 687 720 686
A 282 261 281
A 274 237 273
B 619 620 618
C 930 957 929
D 768 895 1023
D 2 5 1
C 973 562 972
B 956 931 955
C 356 355 355
C 35 92 34
C 652 659 651
A 552 983 551
A 919 912 918
D 24 7 23
A 211 172 210
C 738 741 737
B 370 365 369
A 215 296 214
B 718 713 717
D 902 1017 109
C 993 1022 8
A 942 937 941
D 418 93 417
B 23 8 22
C 811 852 810
B 586 589 585
B 898 925 897
A 728 807 727
D 727 720 726
B 288 351 287
D 923 900 922
B 276 275 275
C 776 791 775
D 443 452 442
B 378 133 377
A 607 600 606
D 470 457 469
C 6 121 5
C 333 330 332
A 419 92 418
C 140 147 139
C 883 884 882
D 319 320 318
D 713 726 712
C 884 651 883
B 348 347 347
A 705 734 704
B 200 183 199
D 782 777 781
C 592 591 591
B 994 541 993
C 464 471 479
B 49 78 48
B 46 49 45
D 84 83 83
D 998 537 997
D 505 486 504
D 299 340 298
A 294 289 293
B 195 220 194
A 143 368 142
D 252 251 251
B 885 778 884
B 318 289 317
D 612 611 611
B 92 67 91
C 447 64 446
B 518 633 517
C 638 633 637
C 760 743 759
A 760 767 775
C 474 421 473
A 222 289 221
B 489 502 488
D 647 640 646
C 480 511 543
C 889 774 888
C 874 661 873
A 738 741 737
C 890 869 889
B 167 160 166
A 868 795 867
D 953 934 952
B 566 969 565
D 371 372 370
B 870 793 869
A 596 587 595
A 155 156 154
B 591 944 590
C 430 433 429
B 807 856 806
C 612 611 611
A 822 809 821
C 138 373 137
D 447 440 446
C 245 138 244
C 322 349 321
D 472 479 487
D 936 951 935
D 218 293 217
A 67 60 66
D 902 897 901
D 622 625 621
D 384 391 399
C 816 847 815
A 960 575 959
B 780 787 779
D 385 390 384
B 537 518 536
C 477 418 476
C 291 220 290
D 283 284 282
A 557 562 556
A 599 592 598
D 60 67 59
B 878 881 877
D 919 616 918
A 408 415 423
B 211 204 210
B 945 974 944
B 894 889 893
C 865 670 864
A 872 887 871
A 891 892 890
A 355 284 354
A 551 568 550
B 421 90 420
D 167 160 166
B 116 107 115
A 579 572 578
A 400 407 415
A 203 212 202
C 1000 535 999
D 931 988 930
C 927 920 926
D 42 53 41
D 881 886 880
A 602 933 601
A 828 835 827
B 425 438 424
D 512 519 527
D 227 252 226
C 257 382 256
D 69 442 68
A 369 374 368
B 959 928 958
D 787 788 786
A 368 271 367
D 99 124 98
B 679 856 678
A 257 262 256
A 172 179 171
D 886 777 885
C 849 854 848
D 278 233 277
B 351 320 350
A 104 111 119
B 271 368 270
A 874 885 873
C 430 81 429
C 494 489 493
B 40 55 39
D 245 138 244
D 990 985 989
A 204 211 203
C 674 861 673
A 716 715 715
A 745 662 744
B 309 298 308
C 554 557 553
B 573 962 572
D 116 107 115
A 224 159 223
B 304 311 319
B 426 437 425
D 941 978 940
D 134 377 133
B 690 693 689
A 889 870 888
B 545 550 544
D 863 832 862
B 212 171 211
A 864 671 863
C 111 104 110
C 299 308 298
B 207 176 206
B 72 79 87
D 23 488 22
A 429 434 428
C 213 210 212
C 230 153 229
A 974 977 973
A 850 685 849
C 982 977 981
C 125 98 124
C 12 115 11
D 389 386 388
A 438 425 437
C 354 157 353
D 540 539 539
A 230 153 229
D 37 58 36
D 361 366 360
B 363 148 362
C 553 566 552
A 606 545 605
C 249 254 248
B 477 450 476
A 820 715 819
B 962 965 961
A 552 599 551
D 930 957 929
C 490 493 489
B 911 912 910
C 455 440 454
D 257 254 256
B 274 277 273
A 191 160 190
D 139 244 138
B 550 545 549
C 513 1022 488
B 643 668 642
A 35 36 34
C 412 387 411
A 659 748 658
B 837 698 836
D 680 687 695
C 308 299 307
C 786 877 785
A 468 467 467
B 915 908 914
D 776 759 775
D 467 468 466
D 844 819 843
D 155 132 154
B 834 837 833
B 362 149 361
A 535 520 534
A 382 257 381
D 642 645 641
B 398 401 397
A 133 378 132
C 745 750 744
B 3 124 2
B 115 108 114
B 981 978 980
D 732 707 731
D 32 479 31
A 661 746 660
C 891 892 890
A 454 473 453
A 685 682 684
B 236 147 235
B 57 454 56
D 16 15 15
D 811 812 810
D 805 826 804
B 917 1002 124
C 406 105 405
D 727 720 726
B 485 506 484
A 45 82 44
D 387 388 386
B 650 661 649
C 622 913 621
A 192 199 207
C 174 177 173
D 643 764 642
B 768 775 783
D 565 970 564
B 77 82 76
C 3 124 2
D 139 140 138
D 670 641 669
A 884 651 883
B 574 569 573
A 935 952 934
C 938 981 937
C 479 472 478
C 248 231 247
A 898 637 897
A 142 241 141
C 349 346 348
D 914 909 913
D 920 927 935
A 989 930 988
C 845 850 844
A 15 496 14
D 226 229 225
B 881 878 880
D 372 267 371
B 786 749 785
B 321 326 320
D 238 241 237
D 116 115 115
B 922 997 921
C 517 538 516
A 504 7 503
C 43 44 42
B 551 568 550
C 874 789 873
A 887 880 886
A 943 944 942
B 619 916 618
A 488 407 487
A 828 827 827
B 987 964 986
C 282 229 281
B 610 613 609
D 705 734 704
B 101 26 100
B 795 796 794
C 57 38 56
B 722 813 721
C 315 324 314
A 159 152 158
B 541 514 540
C 677 674 676
B 385 414 384
C 433 78 432
A 45 82 44
C 315 316 314
C 138 149 137
B 74 53 73
B 564 971 563
B 449 454 448
A 354 381 353
A 797 794 796
B 955 964 954
A 980 971 979
B 210 301 209
C 685 682 684
B 31 0 30
B 672 735 671
A 963 964 962
C 10 21 9
D 56 455 55
B 783 776 782
C 506 389 505
D 32 63 95
C 792 743 791
A 223 216 222
B 517 538 516
A 999 920 998
A 387 388 386
D 853 842 852
D 817 718 816
A 467 468 466
D 871 792 870
A 790 777 789
D 905 910 904
B 996 1019 11
D 964 571 963
D 446 449 445
B 108 107 107
A 556 563 555
D 253 130 252
A 30 481 29
D 908 907 907
D 112 111 111
C 421 418 420
C 54 41 53
B 537 614 536
A 871 664 870
C 241 246 240
A 867 892 866
C 12 115 11
C 699 700 698
D 517 538 516
C 453 58 452
B 135 128 134
D 451 476 450
C 92 35 91
B 191 320 190
A 381 378 380
C 715 724 714
C 116 11 115
B 164 163 163
D 484 507 483
A 147 364 146
A 891 892 890
A 971 948 970
A 858 837 857
A 228 227 227
C 73 86 72
B 891 644 890
C 501 394 500
C 261 258 260
C 499 492 498
C 800 735 799
B 783 776 782
D 611 540 610
B 872 887 871
B 274 277 273
A 799 768 798
B 869 794 868
A 252 259 251
C 498 501 497
C 727 712 726
C 89 38 88
A 407 400 406
B 350 321 349
D 958 577 957
C 380 379 379
D 215 200 214
A 949 970 948
A 753 782 752
B 739 740 738
C 837 858 836
A 446 449 445
D 317 314 316
D 825 806 824
A 102 409 101
A 819 820 818
C 110 113 109
D 748 659 747
C 239 232 238
D 332 339 331
A 425 86 424
D 626 525 625
C 613 610 612
A 940 947 939
A 45 42 44
C 993 542 992
C 406 489 405
D 343 328 342
B 826 829 825
B 172 179 171
A 905 1014 112
B 87 424 86
A 900 899 899
D 466 461 465
A 495 488 494
B 202 181 201
A 194 221 193
A 551 984 550
B 384 391 399
C 362 373 361
A 998 921 997
B 160 167 175
B 169 342 168
B 807 824 806
B 270 369 269
A 593 598 592
B 82 77 81
B 164 347 163
C 50 53 49
C 914 909 913
C 837 826 836
A 987 988 986
B 369 366 368
D 570 965 569
C 72 55 71
A 48 55 63
A 315 292 314
B 75 76 74
A 676 859 675
C 297 310 296
D 116 11 115
B 498 501 497
D 549 570 548
B 752 783 751
D 946 973 945
C 51 52 50
C 195 220 194
A 922 925 921
B 265 374 264
B 615 632 614
D 572 963 571
D 251 252 250
C 635 612 634
A 130 253 129
C 84 83 83
B 360 151 359
A 378 357 377
A 416 423 431
A 74 53 73
C 538 517 537
C 689 846 688
B 407 400 406
D 412 387 411
B 35 92 34
A 251 252 250
C 970 981 969
A 496 15 495
C 411 484 410
D 213 210 212
B 225 254 224
D 224 231 239
D 943 592 942
C 768 799 831
D 921 998 920
B 257 262 256
A 204 211 203
C 353 158 352
B 968 951 967
A 969 974 968
C 346 325 345
C 453 450 452
C 322 349 321
A 775 888 774
D 50 461 49
C 288 295 303
D 139 148 138
C 265 374 264
B 933 930 932
C 48 463 47
B 123 100 122
A 367 360 366
A 876 883 875
A 980 939 979
C 883 652 882
C 281 286 280
D 57 38 56
C 380 259 379
D 836 835 835
D 26 5 25
A 454 57 453
A 199 192 198
D 819 844 818
B 376 359 375
A 925 922 924
B 357 154 356
C 106 117 105
A 273 366 272
C 733 730 732
B 209 206 208
D 478 33 477
C 537 614 536
A 549 546 548
C 430 433 429
C 346 349 345
C 147 140 146
C 501 10 500
D 908 1011 115
C 678 673 677
D 647 664 646
B 252 131 251
C 906 909 905
B 353 158 352
C 105 118 104
A 531 532 530
B 168 183 167
B 40 87 39
C 867 668 866
D 796 795 795
B 883 876 882
A 481 414 480
B 963 964 962
A 597 586 596
B 631 904 630
C 355 356 354
B 847 848 846
C 674 733 673
D 993 998 992
B 482 29 481
A 876 883 875
B 667 740 666
B 246 241 245
D 557 562 556
A 169 342 168
D 52 51 51
B 35 92 34
D 882 877 881
B 267 268 266
A 61 34 60
B 822 713 821
D 370 269 369
A 422 417 421
B 230 249 229
B 666 741 665
A 111 104 110
C 881 654 880
C 520 535 519
C 557 554 556
C 639 608 638
A 332 307 331
A 168 343 167
D 721 726 720
B 29 2 28
C 846 817 845
C 176 183 191
B 634 613 633
C 994 541 993
A 417 422 416
B 668 643 667
C 421 474 420
B 266 269 265
B 179 332 178
C 960 991 1023
C 236 147 235
C 831 824 830
B 773 794 772
B 891 644 890
C 181 178 180
B 854 841 853
C 937 982 936
B 449 454 448
C 505 486 504
C 821 714 820
D 185 198 184
A 154 157 153
C 32 63 95
C 850 853 849
C 341 298 340
A 806 729 805
C 278 265 277
C 618 621 617
C 167 184 166
D 880 783 879
D 693 842 692
B 944 951 959
B 289 318 288
C 442 453 441
C 981 978 980
B 597 586 596
D 491 20 490
B 917 914 916
C 17 14 16
C 464 431 463
D 17 22 16
B 644 891 643
B 348 323 347
B 619 532 618
C 756 755 755
D 475 452 474
D 778 757 777
C 530 533 529
B 435 428 434
B 367 272 366
B 817 822 816
D 852 843 851
C 844 691 843
D 391 504 390
C 689 694 688
D 377 358 376
A 842 845 841
A 257 254 256
D 174 177 173
B 0 127 255
B 355 356 354
B 505 486 504
A 10 117 9
A 722 813 721
D 35 36 34
A 793 774 792
D 21 18 20
D 155 228 154
B 756 747 755
D 978 557 977
C 75 76 74
C 244 235 243
D 309 330 308
B 173 170 172
D 228 283 227
A 879 880 878
C 896 1023 103
A 490 493 489
B 917 906 916
D 519 1016 494
C 4 3 3
C 255 224 254
A 398 497 397
C 540 539 539
C 250 229 249
B 702 833 701
C 20 107 19
C 281 286 280
A 282 261 281
D 189 186 188
B 935 600 934
A 389 410 388
A 158 225 157
C 894 889 893
B 584 599 583
A 867 796 866
A 467 44 466
D 188 187 187
D 609 638 608
B 789 786 788
D 45 50 44
C 357 282 356
A 529 1006 504
A 871 864 870
B 119 104 118
B 821 842 820
A 657 662 656
C 731 804 730
A 698 677 697
A 269 266 268
D 899 1020 106
C 548 571 547
B 292 219 291
A 225 230 224
B 664 647 663
D 255 128 254
B 760 767 775
C 431 432 430
A 211 300 210
C 266 373 265
D 679 672 678
D 192 223 255
C 381 378 380
C 125 386 124
D 850 845 849
C 17 110 16
C 241 246 240
A 741 762 740
C 59 452 58
C 706 701 705
C 943 936 942
D 950 937 949
C 924 923 923
C 102 121 101
C 726 681 725
A 630 905 629
D 909 906 908
B 196 219 195
A 957 962 956
B 627 628 626
C 27 484 26
A 68 91 67
A 591 584 590
A 214 201 213
C 992 927 991
C 795 740 794
D 413 410 412
C 801 830 800
D 7 120 6
D 960 967 975
B 533 522 532
B 229 282 228
B 220 219 219
B 45 82 44
C 788 779 787
B 544 551 559
B 778 757 777
C 529 526 528
C 824 839 823
A 509 506 508
B 815 816 814
C 321 190 320
A 21 18 20
C 812 851 811
C 814 817 813
A 967 960 966
C 211 204 210
D 1000 535 999
B 658 749 657
A 146 149 145
B 952 935 951
B 81 46 80
A 483 484 482
D 373 138 372
A 402 397 401
C 824 831 839
B 265 278 264
B 214 169 213
B 335 176 334
C 377 382 376
A 165 186 164
C 243 140 242
A 26 29 25
C 579 604 578
A 467 44 466
A 9 14 8
C 56 39 55
B 817 846 816
D 103 96 102
A 634 901 633
D 63 32 62
A 936 983 935
D 802 805 801
A 489 502 488
A 996 539 995
C 922 925 921
B 296 343 295
C 523 532 522
A 350 345 349
D 374 361 373
B 548 987 547
C 854 809 853
A 815 808 814
B 272 271 271
C 890 893 889
C 324 315 323
C 28 483 27
B 275 268 274
A 991 984 990
D 387 412 386
D 866 797 865
C 420 91 419
C 48 55 63
D 969 982 968
C 71 56 70
C 899 900 898
D 873 886 872
A 907 628 906
C 254 249 253
D 934 953 933
B 431 464 430
B 71 64 70
C 1 510 0
C 375 360 374
C 629 522 628
A 52 51 51
C 86 73 85
D 576 959 575
D 201 206 200
A 846 849 845
B 993 926 992
B 682 685 681
A 446 417 445
B 521 1014 496
D 862 801 861
C 148 147 147
A 503 488 502
A 957 954 956
D 214 297 213
D 170 181 169
D 405 490 404
D 843 844 842
B 812 819 811
B 173 210 172
A 611 924 610
A 662 657 661
A 428 435 427
D 834 837 833
C 901 1018 108
C 174 177 173
B 259 252 258
C 605 602 604
C 531 524 530
A 11 116 10
A 91 92 90
A 463 48 462
B 371 364 370
A 202 181 201
D 739 740 738
D 262 281 261
D 372 139 371
B 991 984 990
D 75 84 74
A 879 784 878
B 757 754 756
B 449 754 756
C 743 760 742
B 28 483 27
C 480 415 479
C 288 319 351
A 95 88 94
B 706 829 705
A 787 780 786
C 780 883 779
C 633 638 632
C 94 65 93
C 879 784 878
D 87 424 86
D 623 616 622
D 949 938 948
C 211 212 210
C 841 854 840
D 887 776 886
A 941 594 940
D 842 845 841
C 595 556 594
B 283 284 282
B 939 596 938
C 844 819 843
B 538 997 537
C 256 383 511
D 718 817 717
B 817 846 816
D 220 291 219
A 628 523 627
B 449 62 448
B 867 796 866
C 307 332 306
D 756 779 755
C 680 727 679
A 904 631 903
D 284 355 283
B 363 148 362
A 493 402 492
C 0 511 1023
D 565 586 564
C 18 493 17
D 74 53 73
A 306 205 305
A 809 854 808
A 339 300 338
C 833 702 832
B 273 366 272
A 642 893 641
A 92 35 91
A 335 176 334
B 786 877 785
B 227 284 226
B 553 598 552
A 380 131 379
B 209 174 208
B 628 907 627
A 311 328 310
B 212 299 211
B 870 793 869
C 152 231 151
C 175 336 174
D 399 496 398
D 136 375 135
C 901 1018 108
C 741 794 740
D 922 997 921
A 864 671 863
D 986 933 985
A 118 393 117
D 368 271 367
D 649 886 648
C 706 701 705
B 691 844 690
D 768 895 1023
C 712 695 711
A 392 119 391
C 1 126 0
C 512 1023 487
C 932 987 931
C 65 446 64
D 440 455 439
A 281 230 280
B 463 432 462
C 709 826 708
C 792 871 791
D 435 76 434
C 194 189 193
D 799 864 798
B 854 681 853
C 885 778 884
A 36 475 35
C 339 300 338
B 733 802 732
B 393 502 392
A 281 230 280
B 795 868 794
A 840 695 839
D 177 206 176
B 350 161 349
B 576 575 575
A 205 306 204
D 858 805 857
C 655 752 654
C 692 843 691
D 624 527 623
A 769 766 768
D 934 985 933
B 478 33 477
A 158 225 157
D 911 624 910
A 611 540 610
D 384 127 383
D 587 564 586
C 506 5 505
D 371 268 370
B 414 481 413
D 249 262 248
A 22 105 21
C 312 199 311
A 146 237 145
B 815 720 814
D 504 391 503
C 164 347 163
A 352 287 351
D 430 81 429
D 109 18 108
D 37 474 36
C 442 453 441
B 651 884 650
C 695 712 694
C 641 766 640
B 117 394 116
B 892 771 891
B 863 672 862
A 177 206 176
A 528 1007 503
C 515 636 514
B 676 859 675
C 822 841 821
B 636 899 635
C 129 254 128
D 823 712 822
C 16 111 15
B 73 438 72
B 728 679 727
D 356 283 355
B 540 995 539
D 768 895 1023
D 249 262 248
C 649 758 648
B 283 228 282
D 223 160 222
C 683 852 682
B 699 708 698
D 788 747 787
D 486 409 485
D 660 875 659
B 978 941 977
C 910 1009 117
C 497 14 496
D 609 542 608
D 225 286 224
B 348 291 347
A 525 1010 500
D 483 412 482
C 623 912 622
D 877 786 876
B 627 908 626
C 86 41 85
D 734 801 733
B 879 784 878
B 793 742 792
B 992 927 991
A 789 874 788
C 711 824 710
A 633 518 632
A 637 898 636
C 121 6 120
D 283 228 282
C 881 782 880
C 818 717 817
B 593 558 592
A 701 834 700
D 673 734 672
C 450 61 449
C 701 706 700
A 21 490 20
D 528 623 527
B 73 54 72
D 486 25 485
C 677 730 676
B 971 564 970
A 807 856 806
D 683 852 682
B 447 448 446
D 127 384 126
B 164 219 163
C 9 502 8
A 778 885 777
C 111 400 110
B 775 888 774
A 140 371 139
C 278 361 277
D 722 685 721
B 413 98 412
C 188 195 187
C 310 201 309
C 995 924 994
B 327 184 326
C 85 42 84
C 972 563 971
B 218 165 217
C 896 639 895
B 63 64 62
D 70 441 69
C 812 851 811
C 399 112 398
B 739 668 738
A 450 445 449
D 261 250 260
C 723 684 722
C 124 387 123
C 805 858 804
B 69 442 68
C 766 641 765
A 224 287 223
A 995 924 994
A 147 364 146
C 904 1015 111
A 150 361 149
B 408 487 407
B 885 778 884
B 448 63 447
A 178 205 177
B 591 944 590
B 103 24 102
C 249 262 248
D 675 732 674
C 25 486 24
A 923 996 922
B 64 447 63
C 889 774 888
C 838 697 837
A 433 462 432
C 319 192 318
B 440 455 439
A 116 11 115
B 998 537 997
A 918 1001 125
D 500 11 499
A 210 173 209
B 50 461 49
C 287 352 286
D 832 703 831
D 983 936 982
D 780 755 779
B 439 456 438
B 594 941 593
D 79 48 78
B 514 637 513
A 636 899 635
D 901 1018 108
D 259 252 258
A 490 405 489
B 287 224 286
A 102 25 101
C 602 933 601
D 597 554 596
D 793 742 792
C 757 650 756
A 75 436 74
C 223 160 222
D 852 683 851
C 858 805 857
C 789 874 788
D 617 918 616
A 336 303 335
C 310 201 309
A 945 974 944
A 348 163 347
D 584 567 583
A 593 942 592
D 132 251 131
A 72 439 71
A 642 765 641
A 509 2 508
C 320 319 319
D 321 190 320
B 143 240 142
B 619 532 618
D 384 127 383
A 234 149 233
A 566 969 565
A 719 688 718
C 129 382 128
A 497 398 496
B 112 399 111
A 787 876 786
D 0 511 1023
B 769 894 768
A 749 786 748
B 853 810 852
B 969 566 968
D 79 48 78
B 717 690 716
A 445 66 444
D 696 711 695
C 249 262 248
D 886 777 885
C 603 932 602
B 376 263 375
A 138 373 137
B 5 122 4
C 697 838 696
B 157 226 156
D 91 420 90
B 861 802 860
D 819 716 818
C 81 46 80
A 133 250 132
C 527 1008 502
B 89 38 88
C 169 342 168
A 558 593 557
B 6 505 5
C 184 199 183
D 234 277 233
A 790 873 789
A 170 341 169
D 920 999 127
C 596 939 595
A 120 7 119
B 223 160 222
A 353 158 352
C 879 784 878
B 622 913 621
D 31 96 30
C 146 365 145
B 243 140 242
D 13 498 12
B 539 612 538
B 999 536 998
B 389 506 388
C 359 152 358
A 489 406 488
C 49 78 48
B 660 875 659
D 306 333 305
C 423 88 422
D 674 733 673
C 371 140 370
C 837 826 836
C 369 142 368
C 167 216 166
D 760 775 759
A 125 2 124
B 337 174 336
D 546 605 545
D 894 641 893
B 323 316 322
D 827 836 826
D 2 509 1
A 364 275 363
D 567 968 566
C 862 801 861
B 67 444 66
D 747 660 746
C 497 14 496
C 922 997 921
D 273 238 272
D 941 978 940
A 931 604 930
D 730 677 729
A 497 14 496
C 136 247 135
D 422 473 421
B 199 312 198
C 396 499 395
D 276 235 275
B 130 253 129
D 296 215 295
C 255 128 254
C 116 395 115
B 299 340 298
D 365 146 364
C 959 960 958
D 754 781 753
B 206 177 205
A 636 515 635
C 387 124 386
D 424 471 423
D 99 412 98
A 731 676 730
B 494 17 493
D 203 180 202
C 340 171 339
D 467 428 466
A 828 707 827
C 142 241 141
C 818 717 817
D 542 609 541
A 730 805 729
B 674 733 673
D 207 176 206
B 998 537 997
C 571 580 570
D 222 289 221
D 575 576 574
C 296 215 295
C 820 843 819
C 31 480 30
B 947 972 946
C 436 75 435
C 557 594 556
D 932 603 931
B 620 531 619
B 914 621 913
B 798 865 797
A 198 185 197
C 555 980 554
C 811 852 810
D 575 960 574
A 187 196 186
A 372 139 371
D 377 262 376
D 159 352 158
A 340 299 339
A 405 106 404
D 427 468 426
A 794 741 793
C 227 156 226
A 726 809 725
C 644 763 643
B 497 398 496
B 149 362 148
B 777 886 776
D 194 317 193
A 232 151 231
B 789 746 788
B 791 872 790
D 158 353 157
C 186 197 185
B 739 796 738
D 244 139 243
B 887 648 886
C 165 218 164
A 343 168 342
D 543 608 542
C 422 473 421
D 225 286 224
D 156 227 155
A 109 402 108
A 981 938 980
C 762 773 761
B 760 647 759
B 579 956 578
C 787 876 786
A 11 500 10
D 492 403 491
C 788 747 787
C 499 396 498
D 674 733 673
C 148 363 147
D 138 245 137
B 541 994 540
D 859 804 858
A 283 228 282
B 197 186 196
B 589 946 588
B 255 128 254
A 256 255 255
A 459 436 458
C 901 634 900
A 296 343 295
A 337 174 336
C 692 715 691
D 358 281 357
C 258 253 257
A 587 564 586
B 650 885 649
A 527 624 526
A 0 511 1023
C 826 837 825
D 114 397 113
A 879 784 878
C 96 415 95
C 105 22 104
A 203 308 202
C 667 740 666
A 426 469 425
C 27 484 26
A 400 495 399
B 716 819 715
B 990 929 989
C 44 467 43
D 217 166 216
D 0 511 1023
C 564 587 563
A 370 141 369
D 360 279 359
C 910 625 909
A 468 427 467
B 799 736 798
A 107 20 106
C 16 111 15
A 946 589 945
A 325 314 324
A 743 792 742
A 860 803 859
C 823 712 822
C 896 1023 103
C 114 397 113
C 370 269 369
B 727 808 726
C 949 970 948
D 982 553 981
A 674 733 673
B 806 729 805
A 758 649 757
A 738 669 737
D 952 583 951
C 203 180 202
B 482 29 481
C 657 750 656
C 427 84 426
B 498 397 497
C 826 709 825
C 521 630 520
D 216 295 215
D 879 784 878
C 549 986 548
B 118 9 117
D 710 825 709
B 873 790 872
B 96 31 95
B 988 547 987
B 634 517 633
C 754 781 753
C 914 1005 121
B 211 300 210
A 1000 919 999
A 195 316 194
A 442 453 441
A 492 19 491
B 768 895 1023
C 745 790 744
B 645 762 644
D 76 435 75
B 76 51 75
C 126 1 125
B 787 748 786
C 413 98 412
D 388 123 387
C 66 445 65
C 80 431 79
C 785 750 784
C 839 696 838
D 581 954 580
D 575 960 574
A 585 950 584
B 878 657 877
D 559 976 558
C 68 443 67
B 51 460 50
D 905 630 904
B 320 191 319
B 905 630 904
D 787 748 786
D 970 565 969
B 988 547 987
C 702 833 701
A 335 176 334
D 91 420 90
B 561 974 560
A 586 949 585
C 319 192 318
D 552 983 551
B 305 206 304
A 213 298 212
D 75 436 74
D 699 836 698
B 411 100 410
B 94 417 93
B 619 916 618
A 766 769 765
D 473 38 472
C 194 317 193
D 8 503 7
A 415 96 414
A 163 348 162
B 59 452 58
D 496 15 495
D 367 144 366
B 462 49 461
B 586 949 585
C 836 699 835
B 3 508 2
B 484 27 483
B 336 175 335
B 425 86 424
A 844 691 843
D 574 961 573
C 52 459 51
B 748 787 747
A 364 147 363
B 291 220 290
D 475 36 474
A 639 896 638
C 279 232 278
D 742 793 741
B 945 590 944
B 226 285 225
D 454 57 453
C 216 295 215
D 980 555 979
B 830 705 829
A 358 153 357
B 850 685 849
C 306 205 305
D 67 444 66
A 641 894 640
C 770 765 769
C 216 295 215
B 534 1001 509
A 940 595 939
D 133 378 132
B 508 3 507
C 66 445 65
A 248 263 247
A 620 915 619
A 280 231 279
A 993 542 992
C 821 714 820
A 609 926 608
B 852 683 851
D 853 682 852
C 541 994 540
C 754 781 753
A 736 799 735
C 606 929 605
A 630 905 629
B 565 970 564
A 924 611 923
B 704 831 703
B 184 327 183
D 209 302 208
B 75 436 74
C 767 768 766
A 829 706 828
A 524 1011 499
C 160 351 159
B 705 830 704
C 598 937 597
D 610 925 609
B 411 100 410
D 691 844 690
C 350 161 349
A 425 86 424
A 785 750 784
C 742 793 741
C 147 364 146
D 71 440 70
A 807 728 806
D 847 688 846
B 897 638 896
C 757 778 756
D 160 351 159
D 266 245 265
B 489 22 488
D 437 74 436
C 785 750 784
C 974 561 973
the wall time of producer is: 568.342830
the wall time of consumer is: 568.170732

real	6m23.461s
user	0m0.081s
sys	0m0.213s

-----------------------
Resources requested:
nodes=1:ppn=28
-----------------------
Resources used:
cput=00:31:55
walltime=00:06:25
mem=0.077GB
vmem=0.894GB
-----------------------
Resource units charged (estimate):
0.299 RUs
-----------------------
