0 D 686 219
0 C 686 329
1 D 850 718
0 C 686 822
1 D 850 718
4 B 122 780
3 A 669 20
0 D 686 849
3 A 669 666
1 B 850 718
3 A 669 20
3 D 669 666
2 A 922 248
4 B 591 101
2 A 922 250
3 A 669 666
4 C 591 101
1 D 850 685
4 D 591 592
2 B 922 925
2 A 922 925
4 D 591 592
0 C 218 359
1 D 657 578
2 A 499 217
1 D 657 874
0 C 433 165
4 B 955 48
2 A 499 217
0 C 433 34
3 C 322 122
2 A 499 500
1 A 657 738
4 D 955 925
3 B 322 754
3 B 322 317
4 D 955 932
3 A 322 317
0 C 699 462
1 A 250 878
0 A 699 462
1 A 250 253
1 A 250 77
0 A 39 708
0 A 39 708
3 C 511 384
2 D 305 802
3 B 36 384
2 D 305 802
4 A 352 415
4 A 352 950
0 A 398 32
4 D 352 359
2 D 305 802
1 A 318 624
0 C 398 393
4 D 352 359
0 B 398 548
1 A 318 624
2 C 305 206
3 A 304 384
1 A 318 313
3 A 816 384
3 A 676 311
3 A 676 675
4 B 961 842
0 A 937 416
0 A 937 235
4 B 961 990
2 D 387 218
4 C 961 990
1 B 579 649
2 B 387 218
0 D 586 942
2 B 387 218
1 B 579 986
1 B 579 986
2 D 387 114
3 A 688 129
2 C 151 124
3 A 884 792
3 A 884 695
3 A 884 883
4 D 900 723
4 C 900 723
3 C 884 883
4 B 900 723
4 B 900 723
0 C 895 286
4 B 900 489
4 B 900 635
0 C 895 64
1 A 552 559
2 C 488 1000
1 A 552 559
0 C 895 449
2 B 488 723
1 D 552 559
0 A 895 768
2 B 488 542
1 A 552 559
2 A 984 542
4 D 897 300
3 C 959 898
4 B 897 300
3 D 950 960
3 D 950 514
2 D 75 542
4 B 897 300
1 A 54 312
3 A 950 960
1 A 54 501
2 A 633 436
3 A 590 585
0 D 472 584
4 C 131 638
0 C 472 491
2 C 633 953
4 C 5 853
3 A 471 628
3 A 471 585
0 D 472 491
3 A 471 464
0 D 472 39
3 A 471 464
2 A 707 483
1 D 555 423
4 A 200 122
1 D 555 423
4 A 200 853
4 A 200 252
2 B 707 708
1 A 555 271
4 A 380 207
0 A 140 228
0 A 140 228
1 D 555 980
0 A 39 139
4 A 380 379
3 A 350 244
0 B 39 139
2 B 704 841
3 A 328 244
0 C 39 32
3 A 328 125
2 B 704 735
4 C 367 379
2 B 704 735
1 B 326 294
1 B 326 463
1 D 326 221
1 D 326 114
4 C 23 509
4 C 23 272
4 C 23 272
0 C 308 615
1 D 326 221
0 C 308 331
4 D 23 509
3 C 575 548
2 B 68 671
4 C 23 509
2 A 68 357
3 C 575 548
0 C 788 331
2 D 68 91
3 D 575 31
3 D 575 576
1 A 677 456
1 A 677 757
0 C 169 875
1 D 677 674
0 A 169 760
4 D 507 512
1 A 677 1000
2 D 739 305
4 D 507 761
2 D 739 940
0 B 847 760
2 D 739 940
3 B 687 114
3 B 687 688
2 D 739 940
4 D 507 289
0 A 481 760
4 D 507 4
0 A 481 848
4 D 507 4
2 A 739 796
3 C 687 688
0 D 481 486
1 C 679 708
1 C 679 708
1 B 679 728
1 B 679 708
4 A 508 570
4 A 508 378
2 D 99 293
4 A 508 507
3 B 353 716
3 B 353 407
4 B 964 507
3 B 353 382
2 B 99 412
0 C 599 904
0 C 599 904
2 B 99 412
3 A 353 382
2 D 755 166
0 B 599 0
0 C 599 552
4 B 276 131
0 C 599 552
1 D 977 245
4 B 276 978
1 C 977 439
4 C 276 267
1 C 977 439
2 D 707 338
1 C 977 558
2 D 707 973
1 C 977 558
2 D 707 973
3 D 831 422
0 C 182 765
2 D 707 973
3 A 831 422
3 A 831 422
0 B 182 276
0 B 182 201
0 B 182 145
3 D 831 704
1 C 433 75
4 A 1003 458
4 D 1003 620
2 D 569 775
4 D 1003 125
2 D 569 775
1 D 433 742
2 D 569 775
1 D 433 462
3 D 160 981
1 B 433 142
2 C 569 966
3 A 160 981
2 C 569 966
0 C 273 366
3 A 160 981
0 A 865 366
1 D 602 742
0 A 865 366
3 D 238 351
0 A 865 366
0 A 189 870
2 A 7 0
4 D 932 721
4 D 932 366
1 D 335 933
3 A 911 273
2 B 91 0
4 A 932 366
4 A 932 366
1 A 335 132
1 A 679 176
2 B 413 68
2 B 413 618
3 B 909 634
4 A 476 603
1 A 679 132
2 B 413 386
0 C 253 130
4 A 476 447
3 A 909 634
1 D 679 672
2 A 413 386
4 A 476 447
0 C 919 130
3 D 909 509
0 B 919 130
0 D 919 130
0 D 919 130
1 A 620 639
0 D 919 1000
2 B 906 908
1 A 620 208
3 D 35 509
2 B 906 979
4 B 145 711
4 B 145 711
1 C 620 619
2 C 906 917
3 B 35 804
4 A 145 142
4 D 145 267
3 B 35 804
3 A 35 476
4 A 145 142
0 D 831 629
3 A 937 853
4 A 452 158
1 D 292 840
0 A 831 327
4 B 452 158
3 D 937 942
0 A 831 365
1 B 292 840
2 C 623 7
0 D 831 704
1 B 292 597
1 B 292 219
2 A 623 871
2 A 623 871
0 B 614 327
2 D 623 528
4 B 689 614
2 C 436 528
0 A 189 633
4 B 689 686
1 B 397 402
3 B 441 109
1 B 397 402
0 A 189 254
3 B 441 575
1 D 397 402
0 C 189 186
3 B 441 422
1 D 397 402
3 A 441 422
4 A 605 686
2 A 483 640
2 A 483 293
2 A 483 166
4 A 169 262
0 C 244 65
0 C 244 1000
3 B 22 816
4 D 169 262
0 A 244 1000
3 C 22 577
0 A 244 880
1 D 995 819
1 C 995 819
3 D 22 925
0 A 518 139
1 B 995 540
0 A 746 513
1 A 159 542
0 C 746 749
1 A 307 808
4 D 1001 550
4 D 1001 550
2 B 527 152
2 B 527 836
4 D 1001 550
0 A 746 749
2 B 527 528
3 D 974 501
4 C 1001 534
4 C 1001 534
3 D 974 501
1 A 11 203
2 C 527 528
4 D 1001 534
3 D 974 561
1 D 11 12
1 D 11 12
3 A 974 561
1 D 11 12
3 A 974 561
0 C 880 964
0 C 880 964
2 B 147 36
0 B 880 964
2 D 147 833
2 D 147 833
1 B 149 952
3 A 242 685
1 B 149 138
4 D 293 806
0 C 315 783
3 D 242 71
4 D 293 724
1 B 149 138
3 A 242 968
4 D 293 218
0 C 315 987
4 D 293 218
0 C 15 324
3 B 145 309
4 A 293 806
2 B 973 710
2 D 973 797
3 B 393 18
1 C 667 749
1 C 667 749
0 C 180 112
0 C 180 112
2 C 973 370
1 C 667 749
2 C 973 978
0 C 180 125
3 B 393 406
1 D 667 740
1 D 667 740
0 C 180 125
0 C 180 203
3 B 526 824
3 B 526 824
4 C 678 340
4 C 678 340
4 C 678 340
3 A 526 529
2 D 951 307
4 A 678 340
2 A 951 215
0 C 705 662
1 C 1015 17
2 A 951 637
4 A 584 729
1 B 1015 17
0 D 705 662
2 C 951 584
0 C 531 702
1 D 1015 904
0 A 531 662
4 B 584 591
4 B 584 685
3 D 809 628
3 A 809 687
3 A 809 687
1 D 403 335
2 C 171 588
2 C 171 522
1 B 403 832
0 D 15 498
1 B 403 832
4 C 73 308
0 B 15 419
1 B 940 108
2 A 171 522
2 A 171 212
4 A 139 54
0 B 15 419
4 A 139 54
3 D 707 900
2 D 171 522
3 D 707 726
1 D 940 947
4 A 687 140
3 B 707 900
3 A 707 900
0 B 555 166
3 A 707 828
0 B 555 166
4 A 647 680
0 B 555 564
4 B 647 640
4 D 647 640
1 D 666 187
2 D 428 217
1 D 666 187
2 D 428 217
3 A 448 777
1 D 666 569
3 A 448 777
2 B 428 217
1 C 666 869
2 C 428 83
2 C 428 548
3 A 989 455
1 C 666 869
0 B 854 841
2 A 625 83
0 D 854 841
4 C 307 657
3 D 989 986
3 D 989 455
0 B 854 841
4 C 46 657
4 C 46 657
4 B 46 332
2 B 767 119
1 A 840 551
4 B 46 81
2 B 767 736
1 B 840 470
2 A 767 736
1 B 840 847
3 C 129 254
3 C 129 254
0 D 948 920
0 D 948 61
3 A 129 254
4 B 354 750
2 A 886 556
0 D 948 23
4 D 354 381
2 A 886 556
3 A 793 254
1 A 478 473
2 B 886 881
4 C 354 381
0 A 948 23
0 A 948 587
1 A 290 473
3 A 686 681
1 D 290 293
1 D 290 473
3 A 772 681
0 B 840 68
3 A 772 254
3 C 772 607
3 C 772 771
4 B 333 608
3 C 772 771
0 C 840 68
2 D 220 416
4 B 333 608
2 D 220 416
0 B 840 855
4 B 333 444
1 D 161 885
2 A 220 416
2 A 220 416
1 B 161 885
2 D 220 416
4 B 333 338
1 A 161 885
1 A 161 350
0 B 168 638
0 C 168 183
3 B 804 841
0 C 168 183
2 A 957 376
3 B 805 650
2 C 807 766
0 D 168 183
1 B 658 153
4 A 897 275
4 A 897 414
2 B 807 766
3 B 718 650
1 D 658 153
4 D 897 414
1 A 658 905
4 A 897 902
3 D 585 721
2 B 466 136
2 A 466 461
0 C 26 391
0 C 26 101
3 D 258 439
1 B 815 381
2 B 466 461
3 D 258 950
0 D 26 365
1 C 815 780
0 D 26 365
3 D 258 211
1 C 815 816
4 C 767 98
4 C 767 98
3 D 258 211
4 D 767 98
4 D 767 140
0 A 422 677
2 D 982 832
4 D 767 640
0 C 422 83
4 A 767 640
2 D 982 646
2 D 982 390
1 D 595 712
2 D 982 390
1 B 595 150
1 B 595 150
4 A 689 964
1 A 595 150
4 A 689 226
3 D 763 877
0 A 658 56
3 A 763 739
2 B 872 437
0 B 658 762
3 C 763 772
4 A 689 694
2 B 872 973
0 C 658 661
2 A 872 678
3 C 763 772
1 B 916 908
3 C 862 772
1 C 916 933
1 D 916 933
4 A 646 260
4 A 646 260
0 B 465 429
2 A 141 49
4 C 646 641
0 B 465 429
0 B 465 495
2 C 141 138
2 C 141 985
3 A 713 294
3 D 713 796
3 D 713 796
3 B 713 718
0 B 285 462
1 C 684 985
1 A 684 222
0 C 285 258
2 A 485 583
1 A 684 222
1 A 684 723
4 C 68 214
0 B 285 258
1 B 684 808
3 B 382 322
2 A 485 482
4 B 68 143
4 A 68 143
3 D 382 322
1 A 199 723
2 A 485 766
4 A 68 59
4 A 68 59
0 A 887 825
1 A 879 192
0 B 887 825
1 B 879 957
0 B 887 825
0 B 887 187
1 C 879 957
2 B 15 828
3 A 212 89
0 B 887 880
4 A 467 636
1 A 879 872
3 A 212 89
2 B 15 828
4 A 467 468
2 A 15 182
4 A 467 468
3 C 212 724
2 A 15 16
3 A 212 211
4 D 467 468
1 A 146 825
3 A 456 61
0 C 926 728
1 B 146 111
1 B 146 592
2 A 775 53
4 D 250 471
0 B 926 728
3 D 888 61
2 B 775 768
0 B 926 778
4 C 250 66
2 C 775 768
0 B 346 778
4 D 250 66
4 C 250 66
3 A 639 647
0 C 552 946
3 B 639 647
1 A 902 596
1 C 902 596
3 B 115 341
1 C 902 897
1 C 902 897
3 A 476 108
2 C 576 328
0 C 402 599
2 A 576 328
2 A 576 328
4 C 802 516
2 A 576 575
2 C 391 575
4 C 802 516
0 C 402 493
0 C 402 493
4 D 802 101
1 A 460 110
4 D 802 710
1 B 460 375
4 D 802 861
1 D 460 375
3 B 127 96
3 B 127 96
3 D 127 96
3 D 127 96
0 C 919 735
2 B 621 834
0 D 919 927
2 B 409 834
0 D 919 822
4 D 876 753
2 A 409 626
1 C 653 351
1 B 653 351
4 A 876 73
2 C 409 390
0 D 919 1000
4 A 876 73
1 B 653 972
1 B 800 754
4 A 654 659
3 C 475 291
4 D 654 315
3 C 475 291
1 D 95 831
3 A 475 982
2 C 178 308
2 C 178 308
0 C 807 984
3 B 475 982
0 B 807 984
2 D 178 205
2 D 178 205
0 D 807 460
3 B 414 420
1 D 1001 416
0 C 245 856
2 A 178 205
4 D 85 247
3 B 414 451
3 B 414 385
1 B 601 534
4 C 85 247
1 C 657 534
4 A 85 426
4 A 85 247
1 B 657 582
0 B 865 148
2 D 454 720
0 B 865 148
3 A 625 653
0 B 865 894
3 B 328 653
2 C 454 1022
3 D 328 630
2 C 454 1022
4 B 617 77
4 B 617 77
2 B 454 57
1 A 182 553
4 B 617 77
1 D 182 553
4 A 617 630
2 D 828 1022
1 C 182 327
0 C 982 123
3 D 725 326
0 C 982 123
3 A 725 326
0 C 982 379
3 C 725 326
0 C 982 379
2 B 203 112
3 A 43 326
1 B 326 283
2 B 203 112
4 C 834 1016
2 B 203 199
3 B 43 44
1 A 326 952
4 C 834 1016
1 D 739 345
4 A 834 1016
4 A 834 1016
4 D 834 829
0 D 875 455
0 D 875 455
3 D 227 627
0 C 875 455
3 D 227 627
2 C 755 545
0 C 875 448
1 D 587 948
3 C 227 808
0 B 875 660
1 D 587 948
2 C 755 192
3 D 227 284
4 D 810 945
2 C 916 652
1 A 77 948
4 B 810 945
4 B 810 725
0 B 645 21
0 B 645 219
4 A 810 725
0 D 645 666
3 D 824 846
1 D 541 74
3 D 824 298
1 D 541 636
4 A 755 250
3 C 824 298
4 C 755 250
1 A 541 636
2 D 191 500
3 D 824 298
4 B 755 756
1 A 541 636
2 A 191 554
2 A 191 830
2 C 191 320
2 C 191 320
0 C 186 208
4 B 363 291
0 C 186 208
0 C 186 208
4 C 363 303
1 D 548 358
3 D 949 9
0 C 186 197
1 B 548 778
2 A 918 823
3 B 949 9
1 D 548 778
3 B 949 935
3 B 949 586
2 A 918 432
0 A 657 988
3 B 807 586
4 B 216 651
0 A 657 988
4 B 1015 651
0 C 657 662
4 B 1015 199
0 C 657 988
3 B 542 824
4 D 1015 199
1 D 672 987
1 D 672 884
3 D 542 513
4 B 1015 1000
2 B 788 378
1 D 805 884
3 D 542 513
1 C 805 863
2 B 31 779
1 C 805 863
2 C 31 0
2 C 31 378
0 C 803 5
0 C 803 5
1 D 805 730
1 D 805 730
2 A 31 0
0 D 803 5
4 A 1020 473
4 A 1020 907
4 A 1020 907
3 A 960 726
3 D 960 726
0 C 803 860
2 B 249 441
3 B 960 967
1 B 1021 738
2 D 249 441
1 D 1021 663
2 D 249 230
0 C 348 538
1 D 1021 994
4 D 442 176
3 B 855 774
0 C 950 291
0 C 950 291
3 A 855 447
4 A 442 569
4 A 442 569
3 A 855 840
4 A 442 69
0 B 950 337
2 D 250 390
1 C 458 154
0 B 193 291
2 A 250 390
0 A 193 222
1 D 458 525
2 C 250 288
4 B 449 209
4 B 449 627
2 C 837 288
3 C 345 734
1 B 458 525
1 B 458 437
4 C 449 478
3 C 345 68
0 D 907 222
3 C 345 734
3 D 345 294
3 B 345 294
0 D 739 628
0 D 739 628
2 C 756 953
1 C 773 160
0 D 698 796
1 C 334 890
3 B 883 971
2 B 756 539
1 C 334 890
4 D 74 288
2 B 578 539
3 C 883 876
1 D 334 890
3 C 883 876
4 C 74 834
1 D 334 305
0 C 442 837
2 B 278 605
4 D 74 437
2 B 21 265
4 B 15 834
0 C 359 453
2 C 21 10
0 A 359 845
2 C 21 10
3 B 360 534
4 D 192 16
0 B 359 845
3 C 520 375
1 D 736 647
1 D 736 295
3 C 520 375
1 C 736 774
0 B 800 280
4 A 230 319
0 B 614 831
1 B 736 799
4 B 530 225
0 B 69 831
0 B 69 633
2 B 204 995
4 D 445 525
0 B 69 90
2 C 204 995
3 D 389 536
1 B 851 774
0 C 69 90
1 B 851 327
2 A 204 211
1 B 851 737
3 B 389 536
3 B 389 536
4 C 427 66
1 B 851 844
3 D 389 122
2 A 201 682
0 B 195 973
2 A 201 682
0 B 195 973
2 A 201 714
4 D 146 468
0 B 195 973
0 B 195 720
2 C 201 206
3 D 172 891
4 D 613 520
3 D 172 454
4 D 613 365
0 B 733 870
1 C 1 594
3 C 172 454
1 C 1 123
1 C 1 123
0 C 733 706
3 C 172 454
1 C 1 123
4 D 363 922
2 C 716 111
3 B 271 339
4 A 251 148
2 C 716 109
2 C 716 109
3 D 477 272
4 D 675 148
2 C 716 691
0 A 670 932
3 A 477 272
0 A 670 525
4 C 675 252
0 D 670 665
1 C 572 90
2 D 716 691
1 C 572 90
0 D 670 665
1 C 572 90
1 D 572 90
1 D 572 579
3 A 813 419
4 A 514 506
3 C 813 328
2 D 968 226
2 C 968 226
3 C 813 126
4 A 514 517
4 A 514 517
2 D 968 226
2 C 968 567
0 D 496 826
2 C 968 567
0 D 496 440
1 C 159 123
0 D 496 449
1 C 159 794
0 D 496 449
1 D 159 794
1 A 159 224
0 D 496 15
3 A 358 214
1 A 159 224
4 C 352 903
3 D 358 243
4 B 352 903
4 B 352 903
3 B 358 243
2 C 643 326
2 C 643 683
4 D 694 287
2 D 643 937
0 B 865 368
2 B 643 764
1 C 454 500
2 B 643 764
0 B 865 368
4 A 302 32
0 B 865 894
1 C 619 314
4 C 302 32
3 C 661 261
1 C 619 441
1 C 619 441
2 A 987 64
3 B 401 746
1 C 619 532
3 A 401 746
2 A 987 951
2 A 987 951
0 B 265 759
3 A 401 398
1 B 619 532
3 A 241 746
0 A 265 250
0 A 265 250
0 A 265 278
4 D 272 50
4 D 272 50
3 A 966 626
4 D 272 50
2 A 534 115
2 A 534 677
3 D 966 198
4 A 272 50
1 B 58 628
3 B 966 961
0 A 479 327
4 B 272 239
2 C 534 529
4 B 272 239
1 B 685 628
0 C 479 327
1 B 685 37
0 A 479 472
4 A 626 239
1 A 685 690
1 D 685 690
4 A 62 629
3 A 277 605
4 A 620 57
2 D 583 686
3 B 277 585
4 C 620 57
3 B 277 274
0 A 229 462
4 A 620 619
2 C 583 686
0 A 213 462
2 B 583 522
2 B 583 522
0 A 213 226
1 A 809 29
1 A 809 252
0 C 213 210
1 A 809 814
1 A 809 814
3 D 726 763
4 A 246 395
4 A 246 961
3 D 726 763
2 B 711 425
2 B 711 425
4 A 246 241
3 B 726 763
2 B 711 0
3 B 726 763
4 B 246 241
0 C 434 612
2 A 711 728
3 D 726 809
0 D 434 612
0 D 434 612
3 B 726 763
1 D 29 583
0 D 434 461
1 D 29 583
1 D 29 583
2 B 653 507
2 D 653 723
4 D 74 478
1 D 29 583
4 C 74 1000
1 A 29 482
4 D 74 1000
2 D 653 658
3 C 627 734
4 D 74 437
3 B 627 734
0 C 486 80
0 C 486 80
3 B 627 734
1 B 636 943
3 D 956 524
0 D 98 294
2 A 301 435
0 D 98 409
1 B 406 943
0 D 98 409
1 B 406 611
2 B 301 298
1 C 406 393
1 C 406 393
4 D 540 656
2 C 804 298
3 D 263 579
4 D 540 656
2 C 804 298
4 B 540 995
1 B 406 393
3 C 263 328
3 C 263 328
4 A 684 995
0 D 804 731
3 C 263 248
0 A 804 731
4 A 731 995
0 B 804 731
1 B 938 281
2 B 918 222
1 B 938 781
0 B 876 731
2 A 918 389
1 B 938 949
2 A 918 905
1 C 938 949
2 A 918 905
0 B 787 883
3 C 621 544
0 B 485 780
3 C 621 605
0 B 485 780
3 C 621 270
3 C 621 270
4 D 645 545
0 C 485 506
3 B 621 530
4 D 645 545
1 C 607 58
2 D 991 465
1 C 607 58
4 C 645 698
1 C 607 58
4 C 645 698
2 D 991 465
2 D 991 465
4 D 645 890
1 D 607 544
2 D 991 465
1 A 607 544
3 B 941 663
2 B 991 544
0 B 278 852
3 C 941 663
4 B 646 62
0 C 278 307
3 C 941 946
4 A 646 62
0 C 278 872
4 D 646 282
4 D 646 665
2 B 752 271
1 D 183 762
2 B 752 751
1 A 183 762
1 B 183 984
2 B 752 751
3 C 455 385
1 B 416 984
4 D 777 410
4 D 777 410
0 D 370 82
3 D 455 519
4 B 777 410
0 C 370 973
3 D 455 972
4 B 777 758
0 C 370 973
1 B 100 878
1 C 100 878
2 B 409 944
4 D 496 758
0 C 370 973
1 B 100 123
2 B 409 944
1 A 100 123
2 D 409 944
2 D 409 146
2 B 409 390
3 A 202 963
3 A 202 963
3 A 202 89
0 C 1 717
3 A 202 205
1 A 840 145
0 D 1 717
1 A 840 847
0 D 1 717
0 A 1 717
4 D 298 338
0 A 1 717
4 C 298 338
1 A 840 847
0 C 1 126
4 C 298 441
2 C 202 431
2 C 202 181
4 B 298 213
3 A 995 533
4 A 298 213
2 D 202 181
3 C 995 996
2 B 456 181
3 C 735 996
0 C 452 10
0 C 452 551
3 D 160 672
1 B 891 188
4 C 878 472
0 D 452 443
1 B 891 1019
1 B 891 868
4 B 878 934
0 D 145 551
4 B 878 934
2 D 344 391
4 B 878 344
4 B 878 785
2 D 344 391
2 D 344 391
2 B 344 167
3 D 605 763
3 D 605 763
0 B 26 148
4 B 943 939
0 A 26 87
3 D 605 775
1 B 59 119
4 B 943 939
0 D 26 5
3 D 605 775
1 C 59 811
4 C 943 944
1 D 59 36
3 D 605 930
2 D 1001 722
2 D 1001 186
2 D 901 186
0 C 950 85
2 D 901 534
3 A 404 232
0 B 950 62
4 D 746 735
3 A 404 290
1 D 813 118
4 A 652 789
1 B 813 118
3 A 404 929
2 B 901 634
0 A 956 62
4 C 652 789
1 C 813 817
4 B 21 789
4 D 21 651
0 A 525 178
1 B 813 722
0 C 525 178
0 C 183 522
1 B 287 753
4 A 277 926
2 D 984 264
1 B 576 887
2 D 984 957
4 B 277 853
3 B 32 116
1 A 576 256
0 C 183 200
3 B 32 116
2 D 984 957
1 B 576 607
4 C 277 4
3 C 32 63
2 C 984 668
3 C 32 63
2 B 984 551
0 C 19 200
0 D 19 200
0 D 19 163
1 B 249 695
4 A 575 914
1 A 249 230
0 B 19 163
4 B 575 63
0 B 19 108
4 B 575 568
1 A 29 230
2 B 793 688
2 B 793 774
3 D 418 375
2 C 793 774
2 C 793 774
1 C 29 26
2 C 793 774
3 D 418 351
4 B 339 26
3 A 418 73
3 A 418 73
0 A 432 623
4 B 339 332
0 B 432 623
3 C 418 95
0 B 432 336
1 B 837 629
2 A 447 413
1 A 837 629
3 A 488 606
2 A 447 440
1 A 837 621
2 D 447 21
3 C 488 715
1 A 837 837
2 D 447 907
4 B 391 782
3 A 488 715
0 B 268 275
4 B 391 782
3 B 488 495
0 C 268 275
4 B 391 934
0 C 268 275
4 A 391 408
0 A 268 275
2 A 847 560
2 A 6 560
1 D 351 490
0 D 174 275
3 B 574 246
2 A 31 840
3 B 574 906
3 B 574 545
1 B 351 155
2 A 31 1
4 A 48 862
1 A 351 155
2 A 31 24
1 B 351 155
4 A 48 862
4 B 48 55
0 A 773 337
0 A 773 186
1 B 487 160
0 A 773 186
0 A 773 816
3 B 171 545
0 B 773 770
1 B 722 504
2 B 494 205
2 B 494 205
3 B 888 180
1 B 727 717
1 B 727 717
2 B 494 497
4 C 332 446
3 A 888 20
3 A 888 871
1 D 727 293
2 A 742 497
4 D 493 307
0 A 873 13
4 D 493 307
0 B 873 13
4 D 493 307
0 B 873 878
0 B 873 878
4 A 493 18
1 A 434 588
4 A 493 18
3 D 761 931
1 D 434 42
2 A 810 587
3 D 761 931
2 A 810 813
1 A 434 437
2 A 810 587
0 B 889 826
3 B 761 931
2 B 810 813
4 A 443 661
3 B 761 774
0 A 889 826
0 A 889 433
4 A 443 1015
0 A 889 870
4 A 443 675
4 D 443 444
1 B 346 223
4 C 443 1015
1 B 346 731
3 B 191 133
1 C 346 761
3 B 191 383
3 B 191 160
2 D 836 103
0 C 13 949
0 C 13 252
2 A 836 487
1 B 848 416
4 C 404 794
1 B 848 670
0 B 13 114
2 A 836 699
0 B 13 252
4 D 404 228
3 B 619 45
1 D 848 847
3 B 619 628
2 A 362 103
4 A 404 228
3 B 619 628
2 A 369 189
0 A 663 751
2 A 369 189
3 B 619 628
0 A 663 246
0 A 663 246
2 D 369 374
1 B 885 71
4 A 597 352
0 A 663 656
1 B 438 71
4 C 597 686
1 B 438 71
4 D 758 594
1 B 819 874
1 C 819 425
3 B 803 110
3 B 803 539
2 D 348 84
2 C 348 84
3 D 803 828
2 D 348 84
0 C 166 319
4 C 124 777
2 C 348 163
4 C 124 181
0 C 661 319
4 B 124 181
0 C 661 217
1 D 746 604
0 C 661 217
1 D 746 442
3 A 697 275
4 B 1006 3
3 A 697 702
0 C 661 746
1 D 746 442
3 D 697 702
3 C 697 702
1 D 746 789
2 D 935 965
1 D 746 789
4 B 515 1009
2 D 935 313
2 D 935 385
4 D 607 540
2 D 935 385
4 D 607 540
2 C 935 385
2 D 935 600
0 B 781 686
1 B 177 274
0 B 781 612
1 C 177 274
0 C 781 686
0 C 781 612
1 D 177 174
3 D 543 360
3 D 543 992
2 A 466 866
4 D 317 691
3 B 543 992
4 D 317 691
3 B 543 185
2 B 466 135
3 D 543 992
4 C 317 871
2 D 466 469
4 B 317 194
1 C 727 704
1 D 727 704
0 C 37 855
1 C 727 704
2 B 638 626
0 C 365 660
3 D 132 491
0 D 365 90
1 C 155 680
2 A 638 333
3 D 132 491
3 C 132 491
4 C 208 362
0 C 365 274
4 C 208 24
0 C 365 274
1 C 967 228
4 C 208 24
3 C 132 379
1 C 967 228
4 C 208 175
2 A 731 328
1 C 967 551
2 C 731 328
4 A 208 175
2 C 731 328
1 A 967 952
0 C 410 764
0 C 410 764
0 C 410 732
3 A 191 405
3 A 191 838
3 C 191 489
0 D 410 732
0 D 410 485
0 A 410 485
3 C 191 184
4 D 371 705
1 D 765 391
4 D 371 976
1 C 765 995
2 A 338 634
2 A 338 634
1 B 765 995
4 C 371 340
0 A 206 322
4 C 371 340
1 B 765 995
2 A 338 341
0 A 206 322
4 C 371 140
1 D 765 770
0 C 206 201
2 B 338 341
0 C 206 849
3 C 614 721
3 C 614 721
3 C 614 721
3 D 614 537
3 A 614 537
1 C 87 45
4 A 645 468
3 A 614 537
0 B 118 949
2 B 194 402
1 A 87 634
0 A 118 949
4 A 645 642
4 A 645 642
2 C 194 567
0 D 118 105
2 C 194 567
4 A 645 642
1 B 87 634
0 A 118 105
1 A 87 40
2 C 194 221
3 A 701 409
3 A 701 409
3 D 701 833
1 A 399 997
4 A 858 538
1 C 399 633
2 B 613 790
1 C 399 392
2 B 613 790
4 A 858 961
0 D 243 1012
4 D 858 861
0 D 243 1012
2 C 613 109
2 C 613 634
0 D 243 586
0 B 243 586
3 D 559 409
3 D 559 409
0 D 243 268
3 B 559 367
1 C 637 650
4 B 431 776
3 A 685 976
1 C 637 560
4 C 431 549
0 D 349 237
3 D 739 682
2 B 971 122
1 C 637 560
2 B 971 122
0 D 349 944
1 A 637 514
2 C 971 262
3 C 739 976
0 D 349 944
2 A 971 980
0 D 349 162
4 A 1000 535
0 C 349 162
3 C 340 796
4 A 1000 684
4 D 1000 535
2 A 696 546
2 A 696 2
3 B 639 299
1 C 242 311
1 C 242 311
2 A 696 42
1 C 242 311
3 B 639 983
1 C 242 311
0 A 951 94
3 B 639 608
0 A 951 400
1 D 242 141
0 C 951 296
1 A 242 141
0 C 951 944
4 A 216 954
4 D 225 223
2 B 159 925
4 A 225 223
3 D 786 620
2 A 159 128
3 D 786 620
1 B 512 635
2 C 211 254
1 B 512 736
3 B 786 620
1 D 512 543
3 B 193 749
4 C 224 703
0 C 498 984
0 C 498 835
2 C 262 172
4 D 224 1023
3 D 956 620
4 C 923 1023
0 C 498 397
0 C 498 397
2 A 870 377
1 B 80 79
0 C 498 835
1 B 80 79
3 D 451 579
2 D 542 865
1 B 80 79
4 A 559 901
3 A 451 914
3 A 451 60
2 B 654 265
0 C 847 497
0 B 847 497
4 A 606 355
2 B 654 993
4 C 606 901
4 B 606 601
1 A 157 398
2 D 495 657
0 B 847 497
4 B 606 601
1 C 157 398
3 A 555 60
3 A 555 467
0 B 920 816
3 A 555 556
3 C 555 556
3 C 555 556
1 A 893 398
0 B 405 903
4 A 297 480
0 A 405 394
2 D 10 209
0 A 405 394
1 B 944 890
4 D 965 302
2 B 10 209
4 D 965 302
2 C 10 311
1 B 182 943
3 D 174 3
2 D 593 501
3 D 174 3
1 B 459 169
3 A 174 124
0 D 992 495
1 B 5 468
4 A 133 38
0 A 992 495
1 D 5 26
4 B 133 106
3 D 316 124
2 A 297 526
4 A 133 570
0 D 992 876
1 B 5 26
4 A 133 130
2 D 297 832
0 A 491 543
2 D 737 302
3 C 262 812
1 A 582 789
0 A 527 474
4 C 887 835
1 B 582 344
4 B 887 835
2 B 515 798
3 A 28 377
0 A 475 474
2 B 515 927
0 A 475 262
3 A 418 27
2 B 515 927
4 C 887 835
0 D 475 262
3 B 759 27
2 D 515 540
4 C 555 776
0 C 475 476
3 D 759 421
1 B 149 60
1 B 149 60
4 B 807 272
1 D 149 535
1 D 149 138
2 B 276 867
3 C 980 334
2 A 276 867
4 A 436 557
2 A 276 450
3 B 980 334
4 C 436 557
0 C 441 370
0 C 441 948
3 A 980 939
3 A 980 334
0 A 441 864
1 A 317 186
2 B 659 525
0 A 334 864
1 A 949 186
2 B 659 903
0 A 334 454
2 B 659 903
1 D 949 130
3 A 362 579
3 B 362 365
0 A 334 329
1 D 949 314
2 B 659 652
1 C 949 946
3 D 362 365
4 B 262 202
3 D 362 365
4 B 538 983
4 B 538 983
4 B 538 754
0 A 946 629
2 D 257 588
3 A 494 767
2 D 257 588
0 D 946 274
1 A 649 121
2 D 257 588
0 B 946 949
3 A 494 552
1 A 649 308
3 A 494 489
2 D 257 588
1 C 649 394
2 A 257 254
4 D 93 556
4 D 93 303
3 D 89 562
4 A 93 432
0 D 73 179
2 B 20 425
3 B 89 665
4 A 93 432
0 A 73 772
1 C 303 282
2 C 20 73
1 C 303 855
3 C 89 665
4 C 420 418
0 D 73 772
2 C 20 11
3 B 347 422
0 C 460 438
1 B 303 855
1 B 303 336
1 A 303 336
3 D 779 324
0 A 837 435
2 B 537 378
4 A 423 337
4 A 423 416
2 D 537 378
4 A 423 416
0 C 187 834
3 C 655 514
2 D 537 279
4 D 423 416
1 C 593 247
1 D 593 832
1 D 593 247
3 A 771 722
0 C 298 196
1 B 593 247
3 C 771 455
3 B 771 455
1 B 593 558
0 C 789 341
4 D 29 294
4 B 29 451
2 B 553 502
4 D 29 294
2 A 553 291
0 C 786 874
1 B 429 336
4 D 29 482
2 D 553 566
0 C 786 874
1 C 429 559
4 D 365 482
1 A 429 434
3 C 346 522
0 A 245 877
3 D 346 522
3 C 346 522
3 C 346 522
4 D 42 146
2 C 744 818
0 A 783 242
3 C 346 293
0 A 783 776
0 A 783 776
2 D 744 818
4 D 42 469
0 C 783 776
2 C 744 417
4 A 355 469
2 D 744 663
1 C 866 445
1 C 866 445
3 A 614 347
3 A 614 347
1 A 866 368
1 A 866 368
3 B 614 609
1 A 83 797
4 B 413 821
4 D 413 631
2 C 919 759
0 C 524 413
4 C 413 631
4 C 413 386
2 D 919 317
2 D 919 317
0 C 524 865
0 C 524 495
3 B 500 868
1 A 605 930
3 B 500 491
0 C 524 495
0 C 524 495
2 D 919 317
1 D 605 930
2 A 919 1000
3 D 500 491
1 C 605 602
4 C 472 640
4 C 677 651
4 C 677 423
3 D 442 839
0 C 378 906
4 C 677 423
2 C 465 662
0 C 378 261
1 D 59 739
4 C 677 730
3 B 442 839
0 C 378 261
2 B 465 662
1 B 59 278
3 B 313 474
1 B 59 550
2 D 465 430
0 A 378 261
1 A 166 452
3 B 455 294
4 B 546 803
4 A 546 803
3 B 455 853
4 A 546 706
2 B 377 649
3 A 455 853
4 A 546 573
0 A 146 4
2 B 377 649
0 A 146 482
2 C 377 56
0 C 146 149
0 C 146 482
1 C 765 792
4 A 404 997
4 A 404 850
2 D 285 358
3 D 91 842
1 B 765 313
3 A 91 12
4 C 404 403
1 D 372 313
2 C 330 832
3 A 91 12
1 D 372 792
0 B 170 181
3 A 819 420
2 C 330 832
0 B 170 181
0 B 170 181
2 B 438 309
3 C 819 820
1 A 566 439
4 B 599 255
1 A 254 439
4 D 599 255
2 D 638 425
4 D 727 23
1 D 254 561
4 D 727 584
1 A 254 249
3 A 711 725
3 D 711 106
0 B 121 837
2 C 308 897
3 C 711 616
4 A 176 808
0 B 78 837
1 A 130 926
2 C 373 897
0 B 78 81
1 A 130 926
0 C 78 81
2 C 183 331
4 A 788 752
0 D 78 102
2 B 183 266
4 A 788 787
4 A 788 787
4 A 788 787
2 A 38 200
3 D 479 525
1 A 622 705
2 A 837 266
3 D 479 822
3 D 479 956
1 A 622 617
2 C 271 33
1 B 622 705
3 D 479 956
0 C 970 70
3 A 479 32
2 C 529 368
1 B 794 708
0 B 970 490
1 B 794 708
0 C 970 490
4 D 330 388
0 C 985 949
0 C 985 490
1 A 794 773
4 A 330 1020
3 A 970 785
4 D 119 1020
3 C 970 973
4 C 202 1020
3 C 970 973
0 B 8 934
4 C 202 912
2 A 901 404
1 A 310 273
2 A 901 898
2 D 901 356
1 C 310 305
2 D 901 898
0 B 515 23
1 A 310 305
2 C 901 898
0 D 515 540
0 D 515 540
3 B 542 683
3 B 542 765
3 C 823 513
4 D 210 0
4 A 210 907
1 D 618 273
4 A 210 907
2 C 251 97
1 D 618 154
2 B 251 97
4 A 502 301
0 C 919 797
1 D 618 917
4 A 502 497
0 C 919 157
3 C 462 135
3 C 462 135
1 C 618 917
2 B 555 132
4 A 502 497
0 D 919 157
1 D 618 97
3 C 462 433
0 C 919 1000
2 A 555 97
3 C 625 433
2 A 212 202
1 D 455 566
4 C 739 158
2 A 92 202
1 D 455 566
3 C 871 526
0 C 780 153
2 D 92 211
1 A 455 815
3 D 871 919
4 C 739 158
2 D 92 91
4 C 739 668
1 A 455 56
3 A 871 792
0 D 780 883
0 D 780 640
4 A 739 158
0 D 780 883
3 A 871 792
1 A 267 365
1 D 267 713
1 B 267 268
2 B 852 85
2 B 852 288
2 B 852 843
3 D 68 902
4 D 702 626
3 A 68 486
4 B 702 597
0 C 121 345
3 B 68 671
4 B 702 597
1 A 24 167
1 A 24 634
3 C 148 443
4 C 352 833
0 A 121 453
1 C 24 31
2 A 192 358
0 D 121 608
0 D 46 6
2 A 192 358
2 C 192 358
3 B 653 200
2 D 192 199
3 B 653 200
4 C 579 795
3 A 653 200
4 B 579 795
4 C 579 795
1 B 932 228
0 D 212 465
4 D 579 795
0 B 212 811
0 B 212 811
1 C 932 832
0 A 212 299
2 A 758 463
3 A 613 477
3 A 613 477
0 A 430 299
2 D 758 582
2 C 758 753
3 C 613 102
4 D 638 998
4 D 638 998
3 B 613 610
0 D 430 353
4 B 638 998
1 C 421 889
4 B 638 511
4 B 638 511
1 C 421 474
4 B 72 897
3 B 785 892
3 C 785 892
1 B 421 474
1 B 421 474
3 C 785 782
4 B 824 87
0 A 544 154
2 D 723 342
3 B 785 782
2 B 723 609
2 B 723 671
0 A 544 507
4 A 824 807
2 B 723 671
0 D 544 551
1 B 60 847
2 A 187 812
2 A 187 812
1 B 60 375
1 B 60 169
1 D 60 169
1 D 60 35
3 C 847 245
0 C 418 59
3 A 847 303
3 A 847 303
4 C 331 264
0 C 418 59
2 B 751 700
3 A 847 160
0 A 418 954
2 B 751 752
4 A 331 264
2 C 751 752
0 A 418 477
4 A 464 353
4 A 464 353
1 B 963 945
3 A 134 431
1 B 963 945
4 A 806 471
1 C 963 796
3 A 134 129
3 A 134 431
1 C 963 988
4 A 806 801
3 D 134 129
4 A 503 801
0 D 815 155
0 D 815 955
0 D 815 955
4 A 118 496
2 C 762 689
2 A 762 417
2 A 762 689
0 A 815 955
0 A 815 955
4 A 118 828
0 A 815 720
2 A 762 547
4 D 118 113
2 A 375 547
1 C 286 848
1 B 286 64
1 B 286 64
3 D 461 943
4 B 272 778
3 A 461 129
1 A 286 353
3 A 461 129
3 A 461 251
4 B 878 778
1 A 789 353
0 C 780 152
0 C 780 605
3 D 449 50
4 D 878 881
1 A 980 786
0 D 780 605
0 D 780 605
2 B 364 744
0 D 881 883
1 A 231 269
2 D 364 744
3 D 17 62
2 D 364 357
2 D 364 371
3 D 17 785
1 B 231 224
4 D 33 102
3 A 17 785
4 B 33 102
3 A 17 785
4 A 33 102
4 A 33 102
3 C 17 494
0 B 203 990
4 B 208 478
2 A 79 597
0 C 203 405
2 B 79 597
0 C 203 212
4 B 616 207
2 B 79 597
4 B 616 317
1 A 796 825
1 A 796 825
3 C 153 785
4 C 616 631
1 C 796 714
3 C 153 342
1 B 796 795
3 C 153 342
0 A 115 618
3 C 153 342
0 A 115 337
2 A 174 506
3 A 153 230
4 A 601 883
0 D 115 230
2 B 174 506
0 D 115 116
2 B 174 506
2 B 174 169
4 A 111 883
4 D 111 606
1 A 442 924
4 D 175 104
1 B 442 942
1 C 442 878
3 D 372 976
0 A 925 777
2 D 282 507
3 D 372 976
4 C 262 336
2 B 282 264
0 A 925 922
3 D 372 976
1 B 868 179
0 C 925 922
2 D 282 264
3 B 372 71
1 B 536 179
2 A 282 229
2 A 603 229
4 D 877 377
1 B 536 891
1 B 536 519
4 D 691 658
4 B 691 658
3 B 32 888
3 B 32 888
0 D 698 693
1 B 120 3
3 B 32 63
2 D 20 734
1 A 120 653
4 B 243 844
0 D 698 693
2 D 20 130
4 D 243 537
1 C 120 103
0 A 698 837
4 D 243 260
2 D 20 130
4 D 243 236
0 A 442 837
2 D 20 491
3 B 906 644
2 D 20 491
0 A 42 445
3 B 906 644
0 A 757 445
3 B 906 917
3 C 906 917
0 C 757 45
1 C 819 258
0 C 757 754
1 C 819 258
1 A 819 851
1 A 819 844
4 A 725 257
1 D 819 844
4 A 725 404
2 C 124 477
1 D 400 844
4 D 725 722
2 A 124 477
2 B 986 771
0 A 557 275
2 B 483 3
3 A 981 385
0 B 557 142
3 A 981 323
3 A 981 804
3 A 981 978
0 C 952 275
4 B 172 840
1 A 139 284
4 C 172 999
1 A 139 635
4 A 172 179
4 A 172 840
1 A 139 373
4 A 172 179
2 D 75 862
2 D 75 862
2 C 75 634
2 C 75 634
0 C 789 285
0 C 789 285
2 C 75 436
3 A 671 439
1 C 534 140
2 C 75 436
4 B 122 496
0 A 789 285
3 D 671 439
0 B 789 874
3 D 671 664
4 B 122 496
4 B 122 496
0 B 789 874
1 C 483 617
1 C 483 617
2 B 315 699
2 B 315 699
1 B 324 412
1 B 324 412
4 C 631 101
2 B 315 699
0 B 973 0
2 B 315 292
4 C 797 520
0 B 973 978
1 C 85 347
0 C 973 978
3 C 2 85
4 C 797 520
0 B 973 978
4 C 797 520
3 D 556 184
1 B 456 42
2 B 932 257
2 B 932 955
4 C 611 866
3 D 625 184
3 A 625 125
3 A 625 184
1 C 703 471
2 C 932 955
0 B 68 423
0 D 68 91
0 D 68 423
3 B 992 910
4 C 389 540
1 B 100 704
3 D 663 979
1 B 250 704
3 B 663 1023
1 B 250 123
1 B 250 123
2 C 192 767
2 B 192 767
1 B 789 229
2 B 192 387
2 B 192 795
4 C 541 506
1 A 789 778
4 D 541 610
4 D 541 610
2 B 761 795
0 D 647 871
4 D 541 610
3 C 318 939
0 C 647 871
2 A 761 742
3 C 318 379
3 C 318 379
1 B 150 225
0 A 647 871
0 A 647 253
3 C 318 379
2 A 115 513
2 A 115 116
2 C 115 116
0 A 972 538
1 C 637 137
3 A 937 36
4 C 11 721
0 A 771 538
4 B 11 303
3 D 937 671
0 B 995 971
3 A 937 37
4 B 11 116
4 B 11 303
1 B 947 514
1 B 947 668
0 B 481 1020
4 A 890 303
1 D 947 668
0 C 481 510
1 D 947 940
0 D 481 510
2 D 935 117
4 A 202 893
2 A 935 117
4 C 202 876
2 A 935 600
4 C 202 205
3 C 99 2
3 C 99 995
2 A 935 600
1 A 946 33
3 D 99 995
2 D 441 600
3 C 99 28
1 B 946 175
3 D 99 28
0 C 126 425
0 C 126 425
4 B 909 940
0 C 126 461
2 D 922 257
4 A 909 780
4 A 909 914
2 D 922 257
3 D 652 124
2 B 922 613
3 B 297 124
1 C 668 960
2 B 922 613
3 B 297 682
0 A 355 611
4 A 910 905
1 C 668 960
3 A 284 310
0 A 355 611
3 A 284 883
1 C 668 739
4 D 910 905
1 D 668 406
1 D 668 739
4 B 910 905
2 B 848 202
3 B 993 283
2 D 848 202
2 D 848 202
2 D 848 847
3 C 273 1022
0 A 456 463
1 A 362 738
0 A 456 463
0 D 456 463
4 B 733 105
1 A 826 738
4 D 733 148
1 A 826 669
2 D 736 274
4 D 733 706
1 A 826 829
2 B 736 274
3 A 424 48
2 A 736 274
3 A 424 396
2 A 948 359
3 A 424 416
4 B 198 594
1 D 16 3
0 D 956 597
2 A 695 130
0 D 956 249
4 B 198 538
1 B 16 3
2 D 695 130
0 D 956 233
1 B 16 3
0 D 956 233
4 C 198 217
2 A 695 688
1 B 16 3
3 C 226 50
0 D 956 579
1 B 60 495
3 D 226 50
3 B 226 50
3 B 226 846
1 B 478 35
2 A 291 768
4 D 475 634
3 B 226 846
2 A 291 292
1 B 478 449
4 B 475 634
2 A 291 292
1 A 478 449
4 B 475 634
0 D 614 130
4 B 57 27
0 A 614 130
3 B 779 788
4 C 57 36
0 C 614 506
0 C 614 921
1 A 449 304
3 C 779 788
1 A 449 304
3 C 779 788
0 C 988 921
1 A 449 454
1 C 449 454
2 C 347 1008
2 C 347 1008
4 C 374 267
2 C 347 895
2 C 347 895
4 D 374 267
0 C 127 931
4 C 374 267
2 A 347 895
2 A 347 292
4 A 374 267
3 A 309 251
0 C 127 0
3 B 309 975
2 A 716 260
1 B 691 114
3 D 309 306
1 A 691 846
2 D 716 260
4 A 830 640
4 A 830 642
2 B 716 273
1 B 691 846
2 B 716 273
1 A 691 684
4 A 830 825
0 A 328 715
4 A 830 825
0 A 328 567
0 A 328 567
0 B 328 335
3 D 147 900
3 D 147 900
1 A 813 306
1 A 813 306
3 A 147 900
2 A 296 251
1 B 813 810
2 A 296 628
3 A 147 921
4 A 602 380
3 A 147 364
2 C 296 628
4 A 602 380
4 A 602 48
3 C 486 364
2 A 296 303
0 D 721 721
0 D 721 916
4 D 602 605
0 B 721 916
0 B 721 916
3 B 644 409
0 D 721 916
0 D 721 814
1 D 810 308
2 A 733 531
1 B 810 908
1 B 810 314
2 B 733 730
2 B 733 730
3 A 178 215
1 B 810 314
2 A 733 730
1 B 97 725
4 A 871 368
3 D 178 215
0 D 141 451
3 D 178 181
4 A 871 368
4 A 871 864
0 C 141 630
1 A 645 126
0 C 141 630
4 A 871 864
0 D 141 630
1 A 331 642
0 D 141 370
2 D 113 816
2 D 886 398
3 D 592 793
1 A 331 332
2 D 886 398
4 A 108 571
3 D 592 793
4 C 108 683
2 A 886 398
4 C 108 107
3 A 592 254
3 A 592 254
2 C 886 398
0 D 779 718
2 C 886 649
3 A 592 943
1 B 881 400
0 A 779 718
1 B 881 453
1 B 881 878
0 A 779 756
0 A 779 756
2 D 798 90
3 D 326 823
0 A 286 281
2 D 798 90
3 A 326 364
4 D 966 896
2 D 798 90
0 D 286 281
4 A 966 553
3 A 326 364
2 B 798 449
3 A 129 364
4 C 966 569
1 C 698 32
1 B 698 32
3 A 957 134
4 C 344 569
1 B 698 341
1 A 698 709
3 B 35 954
4 C 681 295
0 B 147 474
2 C 431 822
0 A 147 140
1 B 368 619
0 D 147 140
4 A 282 726
3 B 706 733
4 D 286 726
2 B 431 51
2 B 431 180
1 B 368 952
4 A 286 285
3 B 706 733
2 B 431 464
3 B 706 733
2 C 31 51
0 D 80 816
0 D 80 816
3 B 321 350
3 B 321 350
2 C 744 96
4 D 314 19
0 C 80 391
2 D 744 96
3 A 321 350
4 A 314 498
0 C 80 431
2 B 744 610
1 C 715 181
4 A 202 197
0 B 494 816
2 C 744 663
1 C 715 283
4 A 352 197
4 A 352 205
1 C 715 283
1 C 715 692
3 B 1023 793
4 D 393 359
3 D 1023 793
3 D 1023 793
2 C 54 819
2 C 54 181
0 D 103 481
0 D 103 481
1 A 107 831
1 D 107 185
2 C 54 181
4 C 153 118
0 A 103 481
2 C 54 73
1 B 107 108
0 A 103 911
2 C 707 73
0 A 868 408
4 A 153 230
4 A 214 230
0 C 868 867
3 C 389 598
3 C 389 598
2 C 282 700
3 D 389 598
4 B 459 209
2 C 282 700
1 B 810 281
1 C 810 281
3 D 389 506
3 D 389 506
3 D 389 506
2 D 282 200
1 D 810 821
4 B 213 468
2 D 282 357
1 D 810 821
4 D 234 815
0 C 636 222
0 C 636 222
3 A 373 837
0 C 636 222
4 B 474 277
3 C 373 929
2 A 548 263
0 C 660 164
1 A 209 694
2 C 548 426
3 A 373 370
2 C 548 547
1 A 209 987
4 B 106 453
2 A 548 547
1 A 209 105
1 A 209 214
4 B 106 863
0 A 701 747
4 B 106 117
0 B 701 747
0 B 887 698
0 B 887 698
3 D 50 399
3 D 50 453
1 C 927 831
3 B 50 518
2 C 297 616
3 B 50 518
1 B 927 965
0 B 41 697
1 B 927 590
2 C 297 708
0 C 41 636
1 D 927 992
3 B 50 461
2 C 297 708
0 B 41 54
2 C 297 342
4 B 712 36
3 D 86 45
4 B 712 36
4 B 712 30
4 D 712 30
1 B 485 53
1 B 485 53
0 B 322 540
1 A 485 658
3 D 262 425
0 B 322 732
1 C 485 506
2 C 851 824
3 D 262 241
0 B 322 81
3 D 262 241
2 D 851 812
4 D 1016 557
3 C 262 249
2 D 851 824
4 C 1016 251
2 B 851 812
4 C 1016 251
2 B 851 812
0 B 201 214
4 C 1016 519
4 C 1016 519
1 C 140 544
0 B 201 214
1 D 140 683
0 B 201 214
1 D 140 243
1 D 140 30
2 C 595 77
4 B 398 517
2 C 595 660
4 B 398 753
3 C 969 457
0 B 311 296
4 A 398 401
4 A 398 401
2 C 595 660
3 C 969 950
2 C 595 556
0 B 311 296
3 C 969 950
0 A 311 296
2 C 595 556
3 B 969 950
3 C 969 976
1 D 459 52
1 D 459 52
1 D 459 225
1 D 225 52
0 A 735 728
4 C 753 629
1 C 225 52
2 D 669 726
0 A 735 728
1 C 225 52
0 A 735 728
2 D 669 530
4 D 753 5
4 D 753 5
2 B 669 530
2 B 669 866
4 A 753 654
3 D 668 915
2 C 669 866
3 C 668 915
3 B 653 915
1 B 774 39
3 B 653 867
0 B 432 431
3 C 653 915
1 A 774 522
4 A 294 806
0 A 432 431
1 C 774 793
2 A 120 639
0 A 432 431
3 C 1022 658
4 B 294 798
4 B 294 289
2 C 522 995
2 C 522 127
2 A 522 127
3 D 24 711
3 C 24 897
4 B 228 474
4 B 228 251
1 C 845 517
4 A 228 251
1 C 845 734
1 C 845 917
1 C 845 818
0 D 120 405
2 C 49 78
0 D 120 405
3 C 952 496
2 C 445 78
2 C 445 78
0 A 120 391
3 B 952 665
2 C 445 78
0 D 120 493
0 D 120 391
3 D 952 967
4 D 825 499
2 C 445 450
4 B 825 493
1 D 73 306
4 B 825 493
1 D 73 1006
4 D 326 710
1 C 73 438
3 D 852 555
1 C 73 1006
0 D 740 663
3 D 852 555
2 C 883 480
0 D 740 526
3 B 852 555
0 C 740 526
2 C 883 480
3 C 852 683
1 A 718 391
4 A 710 866
0 C 740 795
1 A 718 713
2 D 883 780
2 D 883 780
4 A 710 791
1 C 193 713
3 B 556 848
4 D 651 705
3 B 556 15
0 C 200 759
3 D 556 563
2 B 109 982
0 C 200 15
1 C 329 244
0 C 200 15
4 B 571 884
2 B 109 785
0 A 200 183
4 B 571 352
2 B 109 114
1 B 329 844
1 B 329 310
4 D 344 548
1 B 329 9
4 A 344 548
3 A 113 809
1 C 329 310
3 A 113 809
3 A 113 28
0 A 627 628
3 C 113 118
3 C 113 118
4 D 512 167
0 A 627 628
0 A 627 628
1 C 332 771
2 D 441 137
1 D 332 771
4 D 12 750
2 A 441 512
4 A 12 1023
1 D 332 771
1 D 332 307
2 C 441 379
0 A 434 503
0 A 434 437
2 A 664 70
4 A 227 499
3 D 250 808
4 A 227 228
0 D 434 437
3 D 250 808
2 A 3 512
4 D 490 228
3 D 250 808
1 B 90 554
3 A 250 261
2 A 415 4
1 D 90 156
1 D 90 156
2 A 148 224
0 A 437 973
4 C 233 21
0 C 814 434
2 A 148 147
4 C 802 388
4 D 802 388
3 B 479 809
4 D 802 150
3 D 479 809
1 B 592 273
3 D 924 809
4 B 802 861
0 C 1001 793
1 C 592 903
2 A 91 92
4 A 802 861
1 C 592 842
2 B 91 92
0 B 1001 793
0 B 1001 793
2 C 91 92
0 B 566 918
0 D 566 849
4 B 206 342
0 D 95 553
4 B 206 465
3 B 628 642
4 C 206 209
3 B 628 303
2 C 825 2
3 A 628 619
0 D 403 416
1 B 889 870
2 B 825 2
0 C 403 416
3 A 628 619
1 C 889 870
2 D 825 2
1 C 889 121
2 D 825 364
2 D 825 838
1 B 889 50
1 B 889 870
0 C 283 108
4 C 231 319
4 C 231 319
0 C 1018 386
4 C 231 319
3 D 11 226
2 C 112 902
1 B 931 956
1 B 931 956
3 D 11 226
3 D 11 226
4 B 231 152
2 D 112 902
2 D 112 15
1 D 931 956
3 D 11 500
2 B 112 15
3 C 11 500
4 B 597 319
0 B 365 748
0 B 365 748
4 B 597 718
2 B 549 642
4 D 597 634
0 D 365 370
2 B 549 594
0 B 365 370
2 B 549 570
3 C 701 704
3 A 701 704
3 A 701 652
4 B 767 23
3 C 701 706
1 D 808 609
3 C 701 706
4 C 767 276
1 C 808 900
4 C 767 276
1 C 808 24
1 C 808 727
0 C 695 994
1 C 808 900
1 D 808 727
0 C 695 131
0 A 695 712
2 C 306 383
3 C 126 551
3 C 126 551
2 B 306 539
3 D 126 551
0 C 695 712
2 D 306 333
3 D 126 551
4 D 41 648
1 D 71 548
4 C 41 648
3 D 126 1
0 C 243 51
1 A 71 548
4 C 41 793
4 C 41 793
1 C 71 440
1 C 71 755
2 D 753 188
0 C 243 51
2 D 753 47
0 A 243 140
3 C 431 724
2 A 753 47
2 C 753 782
3 A 431 724
3 D 431 724
4 D 427 664
1 D 736 617
3 C 598 464
0 B 49 324
4 A 427 664
0 B 49 324
1 D 736 617
4 B 427 664
1 C 736 182
0 A 49 46
4 B 79 84
1 B 736 799
2 D 259 222
2 D 259 222
4 D 220 80
2 D 259 757
3 B 289 25
3 B 289 307
2 D 259 757
0 A 767 509
2 C 259 252
2 C 259 252
0 A 767 509
3 A 289 318
1 B 67 542
3 A 289 318
4 D 190 291
1 D 67 795
0 B 767 760
4 D 190 291
1 D 67 92
4 D 888 321
2 A 647 329
2 A 647 120
4 D 888 321
2 D 647 566
0 B 752 489
4 A 888 647
3 C 415 544
3 C 415 666
0 D 752 167
4 A 156 647
3 A 415 666
1 C 773 730
0 B 752 751
3 C 415 129
1 A 773 730
3 C 415 480
1 A 773 243
1 D 773 890
4 A 582 904
1 D 773 890
4 C 582 749
4 D 582 577
0 A 817 540
2 D 64 0
2 D 64 0
3 D 39 940
0 A 817 611
2 D 64 0
0 A 817 822
3 C 39 940
2 D 64 0
1 D 948 69
3 B 39 940
1 D 948 69
2 D 64 447
3 A 39 46
1 D 948 69
1 A 948 587
4 D 127 377
4 D 127 377
3 A 17 390
4 D 127 194
2 B 787 147
3 B 17 547
0 C 710 242
4 A 127 194
3 A 17 22
2 D 787 584
0 B 710 242
2 D 787 780
4 C 127 384
1 A 592 146
0 B 710 242
1 B 592 227
0 A 710 697
3 A 359 513
1 D 592 599
1 A 592 599
3 A 359 513
3 A 359 352
0 B 25 894
4 C 214 597
0 B 25 894
4 C 214 120
4 A 214 120
2 C 453 691
2 A 453 782
0 C 25 6
2 A 453 782
4 B 544 169
1 C 712 784
2 D 453 782
1 C 712 784
2 D 173 442
4 A 544 169
1 D 712 295
4 A 107 575
1 C 712 295
3 B 992 266
3 B 992 266
1 A 182 695
4 A 204 108
0 A 555 761
3 C 992 892
2 B 654 338
0 A 555 761
4 D 204 203
0 A 555 761
0 A 555 353
4 B 204 203
2 B 469 657
2 B 469 622
2 B 469 458
2 B 469 458
1 D 284 512
2 B 469 458
1 A 284 899
1 A 284 73
3 B 1016 281
3 B 1016 242
1 A 284 73
3 C 1016 493
1 A 111 694
1 A 111 694
4 D 412 607
4 D 412 607
4 D 412 607
0 C 280 16
2 D 155 824
1 A 171 172
4 C 412 607
3 B 401 660
2 D 155 824
0 A 280 16
4 C 412 99
0 A 280 16
1 A 171 172
2 B 155 824
0 A 280 359
3 D 401 398
1 C 171 172
3 D 401 398
2 A 155 356
4 B 676 736
4 B 676 736
0 B 303 882
1 B 597 724
0 B 303 882
1 B 597 745
4 D 676 455
0 B 303 882
1 B 597 309
2 D 25 990
2 D 25 308
0 D 303 304
1 B 597 586
2 D 25 243
3 D 775 223
2 D 25 243
3 D 775 760
2 A 25 243
3 D 775 760
4 D 395 177
2 D 25 486
3 B 775 760
4 D 395 850
4 D 395 850
1 C 1009 577
4 B 395 850
1 C 1009 577
0 C 16 458
4 B 395 116
1 C 1009 577
0 C 16 766
1 C 1009 910
1 C 1009 910
0 C 16 766
2 D 968 2
2 D 968 2
0 A 170 111
3 D 672 424
2 D 968 2
3 C 672 609
2 D 968 567
3 C 672 609
4 D 28 188
0 A 398 173
3 D 672 863
0 B 398 393
4 C 28 419
0 A 398 393
4 D 28 419
1 D 238 171
4 D 28 483
2 A 932 661
1 D 238 171
2 A 932 661
1 C 238 598
2 D 932 931
3 D 995 566
1 A 238 598
3 D 995 566
0 A 433 887
1 D 216 273
3 C 995 470
0 A 433 887
0 A 433 438
4 B 150 29
4 B 150 992
0 C 433 438
3 C 995 540
3 D 995 540
4 C 150 137
4 C 150 137
2 B 269 453
1 D 235 749
1 D 235 749
1 B 235 377
2 D 269 477
0 D 146 897
1 A 235 276
4 B 782 550
3 D 605 937
0 D 146 897
4 B 782 785
1 C 590 276
3 C 605 937
0 D 146 106
3 A 605 505
0 D 146 365
4 D 782 785
2 A 781 919
2 A 781 919
3 C 605 930
2 B 781 191
2 D 781 778
1 C 508 561
1 C 508 91
1 C 508 91
1 B 508 91
4 D 1007 867
0 D 862 673
3 C 483 428
0 D 862 673
4 D 1007 867
1 C 86 91
3 B 483 701
1 C 86 387
0 D 862 673
4 B 1007 99
3 A 483 412
2 C 331 398
4 D 908 528
0 D 862 673
1 A 299 41
2 C 331 398
2 A 331 398
2 A 331 83
2 B 331 83
3 A 827 858
3 C 827 858
3 A 827 858
4 A 528 627
3 D 827 828
1 B 401 709
4 A 528 890
2 B 1017 850
4 C 528 535
1 D 401 709
0 B 108 379
1 C 401 709
2 A 1017 850
0 D 108 981
2 C 1017 649
0 D 108 115
0 D 108 115
3 C 361 882
3 C 361 871
4 D 808 853
2 C 459 446
3 D 361 350
4 A 808 853
2 C 459 446
3 D 361 278
1 D 124 732
4 C 808 853
2 B 459 446
4 B 199 727
0 B 506 709
1 D 124 722
2 C 459 436
1 B 124 387
1 B 124 415
0 B 506 485
1 B 545 387
0 B 506 496
4 B 197 768
3 C 596 188
1 B 372 650
2 C 209 1010
3 C 596 548
4 B 197 218
1 D 372 574
4 C 197 218
2 C 209 1010
3 B 596 548
1 A 372 363
0 A 371 967
0 A 371 39
2 D 209 174
0 A 371 372
3 C 352 555
2 D 615 85
4 C 684 349
1 D 285 670
0 B 797 718
3 C 135 479
2 C 621 684
3 C 135 643
1 D 285 670
4 C 684 442
2 B 621 684
3 C 135 248
0 C 797 321
4 D 684 442
2 A 878 530
3 C 135 248
3 C 135 248
1 A 395 670
2 C 996 873
1 A 273 396
4 D 317 677
0 C 84 245
1 B 273 226
1 B 273 278
0 C 84 245
1 B 273 887
0 A 84 245
4 B 317 677
2 B 827 923
3 D 353 894
4 B 317 677
0 B 84 43
3 A 353 757
2 B 827 1000
3 A 353 901
3 C 336 158
4 A 152 634
4 A 152 634
4 A 152 879
4 A 152 159
1 D 830 661
1 C 830 661
2 C 120 202
0 D 286 763
2 C 730 7
0 D 286 763
1 C 830 571
0 C 286 599
1 C 830 705
0 B 286 599
2 B 730 7
2 C 730 7
0 A 286 225
3 D 860 441
2 A 730 677
1 C 324 571
3 A 860 675
4 A 106 923
4 A 106 109
0 A 794 642
4 A 106 109
1 C 774 417
2 A 245 603
4 C 106 109
1 A 774 315
3 A 12 675
2 A 245 603
1 A 774 315
3 C 722 675
2 A 245 433
3 B 357 11
1 A 774 889
0 C 964 797
1 A 979 889
3 A 357 378
1 A 913 980
1 B 913 918
2 A 115 116
0 C 117 472
2 A 115 116
0 C 117 955
2 A 115 116
4 D 479 660
2 A 115 116
1 D 594 918
0 D 117 127
4 D 479 227
0 D 117 127
3 C 514 507
4 C 479 227
3 B 514 637
4 A 479 227
3 B 352 637
2 A 263 467
1 D 424 941
2 A 263 256
3 B 115 637
2 C 263 256
0 D 682 997
3 A 115 383
0 D 682 997
3 A 1019 108
4 B 541 782
0 D 682 997
3 A 1019 637
4 A 541 997
0 D 682 905
0 C 682 853
3 A 555 1020
1 B 661 620
4 C 541 514
1 B 661 620
2 A 493 378
3 A 555 556
1 B 432 650
3 C 555 556
2 A 142 378
2 A 142 477
0 C 708 517
2 B 142 137
1 A 378 431
0 C 708 517
0 C 708 496
0 C 708 699
3 C 31 795
4 D 938 438
3 C 650 795
1 C 204 159
2 A 892 1021
4 A 938 597
3 C 650 96
4 C 938 597
2 A 892 891
4 C 938 504
1 D 100 179
0 B 723 191
4 D 227 597
0 C 723 683
1 A 100 179
0 B 723 716
1 C 950 411
3 B 83 826
4 D 378 284
2 A 373 858
3 B 83 328
2 A 373 858
3 B 83 76
2 A 373 370
4 D 511 133
0 D 951 457
4 A 511 133
3 A 792 880
4 C 511 0
0 C 951 457
1 D 379 115
2 A 645 407
0 B 951 457
1 B 379 114
4 A 949 133
3 C 792 799
0 B 951 584
2 D 645 407
1 D 379 526
1 A 321 132
4 C 736 946
4 C 736 0
0 B 680 739
0 D 680 695
1 D 820 326
4 A 13 671
0 C 680 695
2 C 826 239
3 B 712 242
4 A 144 10
2 C 826 239
2 D 826 343
3 A 712 619
1 B 194 715
3 A 712 727
2 B 826 837
4 A 144 719
1 B 17 729
0 A 788 558
0 B 788 541
1 B 17 806
3 B 798 53
0 A 788 497
3 D 798 53
4 A 899 802
1 B 17 221
3 B 798 53
4 A 899 802
1 D 468 14
2 D 168 596
4 D 899 900
2 D 168 2
2 A 168 952
2 D 168 952
0 C 837 407
0 C 837 407
3 B 722 431
2 A 197 952
0 C 837 407
1 B 191 43
3 D 722 717
2 B 197 343
0 B 837 407
1 B 45 160
3 A 722 717
1 B 45 160
1 B 45 50
0 B 824 826
1 B 45 50
2 B 963 585
4 C 77 344
4 C 77 549
2 B 963 376
2 B 963 662
3 B 130 963
4 B 77 549
0 B 204 82
4 B 77 50
1 B 84 5
3 C 130 963
4 A 834 50
0 C 204 40
1 B 1005 5
3 C 130 157
0 A 204 211
1 C 1005 75
0 A 204 211
1 D 1005 75
1 D 1005 1010
2 A 316 361
2 A 316 361
4 A 491 195
2 A 316 361
4 B 491 490
2 B 316 315
4 C 491 492
3 D 260 465
0 C 188 994
3 C 260 465
0 A 188 57
4 A 199 779
1 C 43 933
0 A 188 57
3 D 260 169
2 C 482 598
4 B 199 416
3 D 260 169
1 D 43 460
0 C 188 195
2 C 482 519
4 A 199 192
1 A 43 84
1 A 43 84
2 B 482 519
2 B 482 519
0 C 613 878
0 C 613 258
3 D 298 1019
4 D 99 119
3 D 298 1019
0 C 613 258
4 C 99 259
1 C 878 536
2 D 287 450
3 B 298 388
4 B 99 259
0 D 613 538
2 D 287 464
1 C 878 536
4 C 99 412
3 C 298 213
1 A 878 536
2 B 287 464
1 A 878 785
2 B 287 224
0 B 480 938
0 C 480 807
4 C 895 879
4 C 895 879
3 C 442 353
3 C 442 353
0 B 480 243
4 C 895 129
1 A 590 204
1 A 590 204
4 B 895 129
1 A 590 585
4 A 895 768
3 D 442 945
2 C 351 635
3 C 442 945
2 C 351 959
3 C 881 453
2 B 351 959
2 D 351 288
0 C 317 485
2 D 100 288
3 C 976 782
0 D 317 346
4 C 59 965
1 C 358 401
0 D 317 346
4 C 59 279
4 C 59 279
1 A 358 401
3 D 976 943
2 A 875 411
0 D 44 322
1 A 192 267
4 B 59 68
3 C 976 943
1 A 192 281
2 A 875 202
2 C 875 876
0 C 630 467
0 D 630 467
0 D 674 708
1 A 546 925
1 A 546 352
4 D 748 160
0 D 674 521
3 C 216 802
3 B 216 441
1 B 546 549
4 D 748 709
2 C 21 5
3 C 216 441
4 C 748 787
0 B 989 861
2 C 21 410
3 D 216 167
2 C 21 410
4 C 748 787
2 A 21 106
2 C 21 106
0 A 565 962
3 A 363 201
0 D 328 562
1 C 1013 956
3 D 708 734
1 C 1013 346
1 B 1013 346
1 B 1013 906
2 C 801 147
2 C 801 619
4 D 420 46
3 B 788 827
4 D 420 46
0 D 739 830
4 B 420 46
0 C 739 830
3 C 183 779
2 C 22 862
4 B 876 91
0 C 739 830
4 B 876 91
2 A 22 105
0 B 739 796
2 A 22 105
1 D 594 547
3 D 284 200
2 C 594 105
1 B 594 946
2 D 594 105
1 D 594 946
1 B 594 538
3 D 805 227
0 B 233 351
1 B 594 941
0 B 233 351
3 D 805 227
0 B 233 246
4 A 875 855
4 D 875 976
0 B 233 246
4 D 875 876
1 B 89 305
3 D 805 993
4 D 875 876
2 D 978 264
1 B 89 305
1 B 89 267
2 C 978 301
2 C 978 52
2 C 978 52
0 A 104 154
2 B 978 52
0 A 104 111
3 D 836 12
1 B 388 37
3 D 836 94
4 B 308 658
0 C 104 111
3 D 836 94
1 C 388 411
3 D 836 75
4 B 308 230
1 C 388 411
4 B 308 299
1 A 388 411
4 B 308 299
3 B 836 699
3 B 836 699
2 D 814 941
2 D 814 941
2 D 814 446
2 D 814 446
4 A 635 627
3 B 277 206
4 A 635 627
2 C 814 721
4 B 635 636
1 B 613 441
0 D 38 904
3 C 277 29
1 C 613 991
4 B 635 636
3 C 277 266
0 A 38 774
1 C 613 634
0 A 38 304
1 C 613 634
0 A 38 304
0 A 408 473
2 B 478 72
2 B 959 707
3 B 794 863
0 A 157 415
4 D 44 892
2 B 959 449
3 B 794 773
0 C 157 163
2 C 959 449
3 D 794 773
4 D 44 892
0 C 157 154
1 C 241 181
4 C 44 892
1 C 241 822
4 B 44 203
4 B 44 467
1 D 241 822
1 C 241 822
1 C 241 142
3 D 993 475
4 B 465 64
4 B 465 16
0 C 361 706
0 C 361 850
3 B 993 475
3 B 993 542
4 B 465 462
0 C 361 850
2 C 580 239
1 B 938 303
3 D 906 542
0 C 361 278
1 B 597 949
1 C 597 949
2 B 580 239
2 B 580 571
3 C 494 629
4 B 940 597
0 B 507 804
4 B 940 852
0 B 507 804
3 D 494 321
2 B 651 167
1 C 621 99
3 D 494 321
4 B 940 947
1 B 621 99
0 A 507 484
1 B 621 99
2 B 594 660
2 A 594 336
1 D 428 530
2 D 594 660
2 D 594 589
3 D 36 721
3 D 36 721
0 A 718 628
4 A 845 433
4 A 845 774
0 A 718 844
0 D 718 628
4 B 845 842
1 A 683 83
3 B 36 475
0 D 718 713
3 B 36 475
2 D 134 318
3 A 486 401
2 B 134 318
2 D 134 318
2 D 134 377
3 B 798 481
0 A 339 342
4 D 134 780
1 C 52 195
0 A 339 364
4 D 134 35
3 B 747 769
1 C 52 195
1 C 52 75
4 C 134 35
4 C 134 377
3 C 747 756
2 D 178 195
0 C 339 340
1 A 52 75
4 B 134 377
1 A 52 75
2 D 178 195
2 B 178 195
1 A 632 639
4 B 906 887
1 D 632 639
3 C 358 402
4 C 906 917
1 D 632 639
0 C 128 91
2 B 942 375
3 B 358 402
0 C 128 401
2 B 942 427
2 B 942 774
3 D 358 4
0 A 128 401
3 D 358 281
4 D 906 917
2 C 942 945
2 C 942 945
0 B 128 401
0 B 128 255
1 A 322 232
1 A 322 232
4 B 769 154
3 C 167 130
4 D 323 798
1 B 864 325
3 C 167 130
0 D 555 125
2 D 267 759
3 D 167 70
0 A 555 936
2 B 267 314
2 B 267 759
4 A 662 188
3 D 167 216
2 B 267 244
0 C 555 936
4 A 353 921
0 C 266 980
1 D 466 734
4 B 230 358
1 D 466 734
2 A 701 111
2 A 701 698
0 C 473 373
4 C 743 249
1 A 466 293
2 B 701 244
2 B 701 698
3 C 333 927
1 A 466 45
0 D 473 373
1 A 978 293
3 C 333 927
0 C 473 422
4 C 603 664
3 D 333 284
0 C 473 422
3 D 333 306
4 C 743 548
1 C 893 761
1 C 893 807
0 C 976 451
4 C 167 664
2 C 142 760
0 B 976 787
1 C 893 807
2 C 142 241
3 D 685 192
4 C 464 664
4 C 464 664
0 A 521 943
0 A 521 943
3 A 685 850
2 D 142 241
4 D 464 216
3 A 685 850
2 D 142 241
4 D 464 431
3 B 685 850
0 C 738 526
1 C 995 499
1 C 995 499
1 C 995 499
1 A 995 499
4 B 219 431
3 B 939 627
4 A 219 598
3 B 939 627
4 A 219 598
0 B 218 599
2 D 676 674
3 D 939 948
4 A 219 196
0 A 218 197
0 A 218 197
2 A 676 133
2 A 676 909
2 B 676 859
2 B 676 859
1 A 209 101
1 A 209 231
2 B 287 859
0 B 303 467
4 C 862 128
0 B 303 467
2 B 522 628
4 C 862 128
2 C 522 628
3 C 575 188
0 C 303 304
1 A 998 68
3 C 715 576
4 A 862 128
2 A 522 533
3 B 715 576
4 A 18 128
1 A 506 993
1 B 506 509
1 B 506 993
3 A 715 576
3 A 715 692
0 C 622 576
4 A 614 876
4 A 614 21
1 A 506 509
2 A 520 845
4 C 614 609
2 A 520 845
0 A 622 576
4 C 614 609
2 C 520 527
2 B 520 845
1 A 484 844
3 C 837 847
0 C 682 576
3 C 837 234
1 C 484 854
0 C 682 230
3 C 837 234
1 A 484 483
3 B 837 234
2 A 405 613
0 A 743 725
3 A 837 826
4 C 653 211
0 A 743 832
2 A 405 402
4 A 653 211
0 D 743 736
3 A 162 739
0 B 743 791
1 A 29 257
4 C 653 105
1 D 29 426
3 A 545 739
4 C 625 754
1 D 29 26
3 A 545 165
1 B 29 9
4 C 961 526
2 D 572 104
2 D 733 104
2 D 733 104
4 C 71 958
3 A 345 924
0 C 997 487
2 D 733 963
1 B 448 313
1 B 448 704
3 B 345 350
3 B 345 924
1 A 448 479
0 C 997 597
3 D 345 350
0 D 997 922
0 D 997 597
4 C 71 958
4 C 494 56
1 A 448 479
0 B 997 922
2 C 733 802
3 A 302 160
4 C 773 401
3 A 302 160
1 A 108 468
1 A 108 107
3 C 302 991
2 B 111 75
1 A 108 107
4 C 640 855
2 D 111 75
0 C 137 523
2 C 111 112
0 C 137 368
4 D 640 855
0 C 137 246
0 C 137 246
4 C 523 767
1 A 826 829
3 A 1020 325
3 A 1020 325
1 B 826 829
0 C 79 246
1 A 826 829
3 D 1020 1019
2 C 1023 371
4 C 223 628
3 C 1020 860
0 C 734 48
2 A 1023 3
2 A 1023 371
4 C 269 585
2 A 1023 896
2 A 1023 254
1 D 601 423
0 C 553 673
4 C 269 160
4 C 269 370
1 A 601 460
3 C 264 745
3 A 264 745
1 C 601 460
2 B 693 698
3 C 264 949
4 A 388 370
1 D 601 934
2 A 310 698
0 C 553 598
2 A 441 305
4 A 741 387
4 A 741 46
4 D 741 738
3 A 180 375
3 A 180 846
3 A 180 503
3 C 180 179
1 D 692 581
1 D 692 581
2 A 341 425
0 B 750 851
2 A 341 425
0 B 750 851
1 C 692 843
2 B 341 338
1 C 692 782
0 A 750 753
0 A 750 753
1 D 692 843
1 A 692 843
3 D 440 905
4 C 665 706
4 C 665 706
0 B 886 67
1 A 796 549
3 B 440 905
1 A 796 214
2 C 620 22
4 B 665 844
0 B 886 873
1 A 796 795
4 B 665 147
3 D 440 879
0 D 886 873
3 A 960 71
4 A 665 742
2 B 620 468
2 C 620 22
2 C 620 531
2 C 620 531
4 A 88 749
0 C 1005 0
4 A 436 363
0 C 1005 0
4 C 436 95
2 C 664 993
0 A 1005 0
1 D 351 922
4 C 436 435
3 C 518 719
0 D 1005 134
1 B 351 922
2 C 664 993
3 C 518 912
2 C 664 743
0 D 445 914
1 B 351 885
3 D 518 633
1 B 351 160
3 D 799 633
0 B 912 66
2 D 74 747
3 D 693 736
0 B 586 911
2 D 74 747
1 C 878 393
4 C 351 288
2 C 74 266
4 C 351 288
0 B 586 283
1 C 878 741
2 C 74 339
3 C 693 478
4 C 351 288
1 C 878 44
2 C 74 437
3 C 693 842
4 C 351 288
1 C 878 785
0 B 586 597
total time of producer and consumer measured by clock(2):
producer takes 1777995408 clicks 10367.930664 seconds.
consumer takes 690000 clicks 0.690000 seconds.
total time of producer and consumer measured by time(2):
producer takes 707.000000 seconds.
consumer takes 0.000000 seconds.

real	1m31.752s
user	23m33.977s
sys	0m0.429s
