4 A 771 347
0 A 415 183
0 A 415 853
4 D 771 897
2 B 850 948
2 B 850 845
4 A 771 897
0 C 415 397
1 D 956 955
2 B 850 845
2 B 850 845
1 D 956 910
1 D 956 788
1 D 956 910
3 D 351 499
1 D 956 579
4 A 331 183
3 B 351 416
0 D 608 760
3 B 351 416
4 C 331 323
0 D 608 760
4 D 331 332
3 A 492 160
2 C 480 789
0 D 608 548
1 A 970 540
2 A 480 789
0 D 608 927
1 A 970 540
2 B 480 979
3 A 353 491
1 B 970 973
2 A 480 415
1 B 970 973
3 D 353 275
3 C 353 358
4 A 691 538
4 D 691 106
4 D 691 123
2 A 970 122
0 A 441 213
2 A 970 122
4 C 691 692
0 C 441 555
2 C 970 420
1 B 633 832
0 B 441 435
2 B 970 973
1 D 633 614
3 A 740 897
1 D 633 614
3 A 740 897
1 B 633 614
3 A 740 224
3 A 740 105
2 B 783 164
0 A 229 820
2 A 783 378
4 C 1001 372
0 A 805 226
4 C 1001 233
0 D 805 226
2 B 783 378
4 B 1001 233
0 A 805 802
4 B 1001 233
1 D 204 6
4 B 1001 918
3 B 330 322
1 D 204 855
3 B 330 322
1 B 204 855
2 B 856 159
1 B 204 218
3 D 330 341
1 B 204 307
2 D 856 159
3 C 330 341
2 D 856 839
1 A 915 307
2 C 856 839
0 D 1020 469
4 D 706 276
0 B 1020 799
4 C 706 276
0 B 1020 799
1 A 174 361
4 B 706 687
0 B 261 799
1 A 174 361
3 C 556 370
1 A 174 169
4 D 286 829
3 B 556 65
2 C 869 711
3 D 556 65
2 C 869 711
0 B 47 282
0 B 47 48
3 D 556 595
2 D 869 794
3 B 67 595
0 A 47 48
2 D 869 794
0 B 47 48
4 D 44 225
2 A 869 794
4 D 44 811
4 D 44 811
1 D 921 248
4 C 44 467
1 D 921 946
3 B 738 953
0 A 836 437
4 A 44 467
3 C 738 953
1 A 921 946
0 A 836 71
2 C 1016 147
3 D 738 765
0 D 836 835
1 A 921 946
2 C 1016 695
1 A 921 614
2 B 1016 492
2 A 1016 492
1 A 179 666
4 D 383 301
1 A 179 180
4 B 383 181
4 B 383 792
0 B 377 334
3 C 382 261
3 C 382 228
0 C 377 334
2 C 543 810
3 D 382 567
4 C 383 792
0 A 377 358
4 C 204 128
3 B 382 257
2 B 543 607
2 A 543 607
3 B 382 257
2 A 263 608
1 D 840 500
4 C 213 179
1 D 840 500
1 D 840 500
2 A 719 256
3 B 78 425
2 B 719 712
3 A 78 425
1 D 840 695
2 B 719 712
0 D 620 855
1 D 840 695
3 C 78 81
0 D 620 855
4 C 494 170
1 D 840 695
0 B 620 297
4 C 494 401
0 B 620 297
0 B 402 297
4 B 494 401
3 B 439 400
4 D 494 401
3 B 439 400
2 D 679 426
1 B 922 720
3 D 439 252
2 A 679 749
1 B 922 901
2 A 679 383
1 D 922 901
1 D 922 901
2 D 259 856
2 D 259 856
4 D 897 921
4 D 897 81
0 D 386 233
4 D 897 81
3 B 472 526
0 B 386 233
4 D 897 638
0 B 386 565
3 C 472 455
2 A 858 252
4 D 897 638
0 C 386 27
2 A 82 861
1 C 324 1002
2 C 82 999
1 C 324 1002
3 A 231 927
1 A 324 315
2 B 82 138
3 B 231 927
0 C 1005 61
1 A 324 315
3 B 231 224
0 B 1005 791
4 D 328 336
1 A 574 315
0 B 1005 791
4 D 328 336
0 B 924 914
4 B 328 707
4 B 746 183
3 A 40 526
3 C 40 526
2 D 76 124
4 A 687 183
0 D 924 899
2 C 76 124
3 B 40 586
2 C 76 286
4 A 850 757
2 A 76 286
2 A 76 286
4 A 201 853
1 B 964 396
4 A 201 298
4 A 201 206
1 A 964 742
1 A 964 933
4 A 201 206
3 B 365 485
1 A 964 987
0 C 625 58
0 C 625 58
3 B 365 52
0 A 625 931
3 B 365 370
2 C 981 416
3 B 365 370
2 C 981 283
0 A 625 931
0 A 625 526
2 D 981 283
0 A 502 526
2 B 981 283
1 C 223 11
2 B 981 938
0 A 502 497
1 C 223 11
3 A 468 10
3 C 468 515
1 B 223 11
4 C 434 399
3 B 468 467
1 B 223 330
4 D 434 864
4 D 434 464
4 D 434 464
0 B 763 378
4 A 434 461
2 D 32 92
1 B 109 53
0 B 763 652
1 A 109 721
2 A 32 92
3 B 669 30
0 A 763 740
1 D 109 114
2 C 32 92
3 A 669 30
2 C 32 479
2 D 331 479
3 A 669 642
4 D 43 903
1 D 860 582
4 D 43 903
0 D 91 36
0 D 91 36
4 C 43 903
1 D 860 582
3 A 364 363
4 C 43 903
0 D 91 106
1 C 860 582
3 B 364 363
2 D 330 238
3 A 364 363
0 C 91 106
1 D 860 675
2 C 330 321
2 B 330 816
2 A 330 181
4 B 95 269
4 B 95 269
4 B 95 797
3 C 75 709
4 D 95 64
3 C 75 709
1 D 610 84
2 A 860 152
0 B 403 228
1 D 610 360
0 D 403 126
2 C 860 284
3 C 75 879
1 A 610 360
3 B 75 879
0 B 403 126
2 D 860 859
1 A 610 925
0 C 403 396
4 B 13 715
1 A 708 925
4 A 346 715
4 B 346 715
1 A 512 707
4 B 79 349
3 B 853 544
3 B 853 842
1 B 512 519
3 D 853 842
2 C 553 657
1 B 512 519
0 D 174 325
3 B 853 842
0 D 174 713
2 C 553 188
2 D 553 744
4 B 1005 177
0 A 174 718
0 A 174 964
2 D 553 598
4 D 1005 177
0 D 174 337
4 D 1005 221
3 A 836 108
1 D 760 889
3 A 789 420
1 D 760 788
3 C 789 835
2 A 79 711
1 D 760 788
3 C 789 786
2 D 79 215
3 C 789 786
1 C 760 788
2 C 79 72
0 D 886 118
1 C 760 775
0 B 886 118
1 B 760 775
0 B 886 860
4 D 620 915
0 B 886 860
4 C 620 915
0 B 913 649
4 A 620 915
1 B 433 793
3 B 710 555
4 D 431 915
1 D 433 728
3 D 710 729
2 A 918 435
0 B 268 910
1 D 433 512
3 D 710 729
2 A 918 435
3 D 710 729
1 D 433 430
0 D 268 275
2 A 918 913
0 D 268 275
4 C 1023 14
4 C 537 971
1 B 260 931
1 B 260 931
4 C 537 896
0 C 88 120
3 D 5 235
1 A 260 626
2 C 513 922
2 C 513 922
4 B 537 614
3 D 5 815
0 C 704 39
2 B 513 922
3 B 5 370
0 B 704 39
2 B 513 638
0 D 704 703
3 D 5 506
2 B 117 638
0 C 787 703
1 A 172 587
1 A 172 171
4 C 92 893
1 A 172 171
4 C 92 172
1 D 172 171
4 C 92 172
4 C 92 172
2 B 957 393
3 D 671 168
4 D 92 35
3 D 671 168
2 C 957 932
2 A 957 930
3 D 671 106
0 C 802 267
1 B 422 570
3 D 671 106
3 B 671 864
0 A 802 267
1 B 422 570
1 B 422 441
0 B 802 235
0 D 790 861
4 D 100 174
4 A 100 174
2 A 55 117
2 A 55 37
4 A 100 547
2 D 55 48
4 A 100 547
3 D 73 327
4 D 491 411
0 D 291 700
3 B 73 327
0 D 291 388
3 B 73 327
0 D 291 388
1 B 793 826
3 D 73 38
0 B 291 388
3 B 700 438
1 A 793 826
0 A 291 220
1 D 793 826
2 B 836 562
2 B 836 340
2 C 836 340
2 C 836 859
0 A 534 715
4 D 395 586
1 B 416 414
0 B 534 715
1 B 416 338
4 A 395 586
0 B 534 529
3 D 708 765
1 D 416 447
4 C 395 586
3 D 708 301
1 D 416 447
4 A 395 60
3 D 708 171
4 A 359 116
3 C 708 171
0 B 313 294
2 D 816 579
3 C 708 827
0 C 313 294
2 D 816 579
0 D 313 294
1 A 98 785
2 B 816 579
1 A 98 372
2 B 816 579
4 A 26 872
4 A 26 29
2 A 816 719
1 C 98 372
4 D 26 29
4 A 26 29
3 D 854 433
3 D 854 816
0 A 17 169
3 D 854 816
0 B 17 622
3 C 854 935
0 B 17 22
2 D 925 970
3 A 854 935
2 C 925 425
2 B 925 425
1 C 183 787
2 B 925 425
4 C 28 938
1 A 183 343
4 C 28 938
2 B 925 610
1 A 183 343
4 C 28 140
3 B 966 977
0 C 31 138
3 B 966 1
1 A 623 200
4 B 28 99
0 A 31 781
3 D 966 985
0 A 31 781
1 A 744 616
3 A 966 985
0 A 31 96
0 A 31 96
1 D 744 831
2 C 601 610
1 D 744 751
2 C 601 610
0 A 711 606
2 C 601 613
2 C 601 550
0 B 711 606
0 B 711 704
3 C 772 762
4 D 26 123
4 D 26 123
3 C 772 858
1 C 504 32
4 D 26 907
3 D 772 979
1 C 504 32
3 A 772 891
4 A 26 907
2 D 232 738
0 B 772 296
1 B 504 391
2 D 232 738
4 C 26 485
0 A 772 348
2 C 232 420
1 C 504 391
0 D 772 795
2 D 232 420
3 B 698 497
2 B 232 279
3 B 698 497
4 B 819 778
3 A 698 677
0 A 720 785
4 A 819 778
1 C 708 737
4 B 819 812
0 B 720 253
2 B 936 968
1 B 708 737
0 D 720 300
1 B 708 699
2 B 936 257
2 B 936 257
1 D 708 699
2 C 936 951
4 B 553 142
3 D 904 623
4 D 553 142
3 C 904 571
4 C 553 599
0 B 889 543
3 B 904 509
0 B 889 572
3 B 904 509
1 C 994 777
0 C 889 870
3 B 904 509
1 D 994 777
2 B 443 88
2 B 443 88
4 A 870 966
1 B 994 925
1 B 994 777
2 A 443 88
4 D 870 966
4 D 870 285
2 D 443 265
3 B 290 317
0 B 435 752
3 B 290 317
4 C 870 865
0 C 435 752
3 B 290 317
0 A 435 752
3 A 290 317
0 A 435 428
1 B 229 40
1 D 229 791
2 A 591 464
1 B 229 242
2 D 31 464
3 A 853 134
4 A 555 943
2 D 31 584
3 A 853 134
4 A 555 943
3 D 853 134
4 D 555 943
3 C 853 850
4 D 555 556
0 D 987 267
1 B 314 974
0 C 987 267
2 D 781 480
1 B 314 487
0 C 987 267
1 D 314 293
0 C 987 548
1 D 314 293
0 C 987 548
2 D 600 754
3 A 661 398
4 A 489 906
2 D 600 704
3 A 661 290
4 A 489 906
2 A 600 81
3 B 661 658
2 A 600 81
4 B 489 494
0 C 696 802
3 B 661 658
4 B 489 494
1 B 974 247
0 B 696 802
2 D 486 935
0 A 696 711
1 A 974 165
0 A 696 711
1 C 974 165
1 A 974 529
0 D 335 711
3 C 384 375
1 A 788 344
3 C 873 980
3 C 873 511
4 D 219 660
1 C 788 344
4 D 219 660
3 B 873 511
0 B 275 785
4 D 219 93
2 C 308 0
1 C 788 787
3 A 873 790
0 B 920 268
4 D 219 93
0 B 920 268
2 D 308 0
4 D 219 292
2 D 308 0
0 A 920 903
2 B 308 331
3 A 464 348
2 A 308 331
1 B 153 333
3 A 464 249
1 B 153 333
3 D 464 471
1 C 153 897
0 A 1013 257
4 A 405 163
0 A 1013 257
2 A 602 973
4 A 405 930
2 A 602 973
0 A 1013 257
4 D 405 580
2 C 602 182
0 A 1013 1010
4 D 405 402
2 C 602 605
3 D 226 79
3 D 226 79
1 A 196 643
3 A 226 79
1 A 196 128
3 A 226 918
1 A 196 195
3 B 226 918
4 A 681 965
4 A 681 965
2 A 630 457
0 C 365 822
2 A 630 647
0 A 365 822
4 C 681 686
0 A 365 249
2 C 630 625
0 A 365 274
0 C 700 274
3 D 119 251
1 D 982 365
3 D 119 238
1 D 982 365
3 D 119 384
4 C 878 352
2 C 761 876
1 B 982 365
4 C 878 352
0 C 247 707
3 A 119 384
2 C 761 490
1 C 982 553
4 D 878 785
2 A 761 490
4 D 878 409
2 A 761 646
0 C 247 136
0 A 970 136
3 A 195 95
3 D 195 95
1 C 316 517
1 C 316 517
3 A 195 196
0 B 983 973
1 C 316 517
4 D 478 16
0 B 555 417
1 C 316 517
1 A 316 323
2 D 494 608
4 A 478 293
2 D 494 608
4 A 478 293
0 B 984 564
4 C 380 16
2 B 494 608
0 A 984 967
1 A 196 544
2 B 494 17
3 D 29 486
2 A 494 17
3 D 29 486
1 D 186 195
3 D 29 486
1 D 186 195
4 A 433 761
4 A 433 761
0 B 700 25
3 B 29 486
3 B 29 482
4 A 799 761
0 C 700 25
2 A 418 414
1 D 719 325
2 B 418 61
0 A 700 675
4 A 518 513
2 B 418 421
4 A 518 792
4 A 518 513
2 B 910 421
0 A 418 192
1 C 929 816
3 C 566 487
0 B 418 192
1 C 572 1005
3 C 566 559
0 B 418 421
2 B 910 913
0 A 418 421
1 C 572 990
3 D 566 559
4 A 99 100
1 C 572 990
1 C 572 990
3 D 42 585
4 C 99 100
4 B 99 100
1 B 572 579
2 B 323 531
3 D 42 559
0 A 671 236
2 D 323 983
2 D 323 983
2 C 323 348
0 C 671 664
0 A 671 236
0 A 671 664
0 A 671 664
1 B 943 717
1 B 943 944
4 A 814 2
4 A 814 530
3 D 931 623
3 D 931 247
1 C 943 944
3 B 931 247
4 D 427 809
1 C 943 944
3 A 931 604
0 D 359 502
3 A 10 604
0 D 359 502
2 D 973 494
0 D 359 774
2 D 973 341
4 B 557 497
4 B 557 497
3 C 957 867
0 A 359 152
4 B 557 777
2 A 973 562
2 A 973 562
3 A 957 867
2 C 973 567
0 A 359 774
1 D 335 70
1 D 335 70
3 D 377 867
1 D 335 737
1 D 335 737
1 D 335 176
0 B 841 986
3 B 377 125
0 A 841 38
2 D 134 602
3 A 377 134
4 B 362 895
4 B 362 373
2 D 134 602
1 A 576 66
4 B 19 373
1 A 576 566
3 A 456 531
2 D 134 187
1 A 576 805
3 A 456 531
2 D 134 377
total time of producer and consumer measured by clock(2):
producer takes 1957810000 clicks 1957.810059 seconds.
consumer takes 70000 clicks 0.070000 seconds.
total time of producer and consumer measured by time(2):
producer takes 133.000000 seconds.
consumer takes 0.000000 seconds.

real	0m16.900s
user	4m25.952s
sys	0m0.273s
