0 A 292 291
2 A 348 347
1 C 336 303
3 C 182 201
4 D 713 822
0 C 553 598
2 B 27 4
4 D 50 461
1 B 306 301
3 D 86 425
0 C 686 721
2 D 428 83
1 C 817 846
3 D 19 492
4 B 331 340
0 C 347 292
2 D 850 685
1 C 255 128
3 A 669 666
4 B 787 780
0 D 253 258
2 C 122 5
3 B 591 592
4 A 922 925
1 A 280 287
0 C 93 34
2 D 218 293
3 B 957 930
1 B 657 654
4 D 653 882
0 C 433 462
2 B 661 650
1 A 5 2
3 C 47 80
0 B 222 193
4 D 797 738
1 D 898 637
2 A 499 500
3 C 322 317
4 D 955 580
0 B 509 482
1 C 699 708
2 D 74 437
4 C 39 88
0 A 250 253
3 A 987 988
2 D 595 940
0 A 123 124
1 B 733 706
3 B 990 961
4 D 408 103
1 A 511 504
2 A 325 322
3 D 305 206
4 C 36 91
0 C 352 287
1 C 398 497
2 A 945 950
3 A 547 548
4 A 631 624
0 B 648 663
2 A 318 313
4 B 304 303
1 B 816 815
0 D 293 218
3 D 853 682
2 C 160 223
1 D 124 387
3 C 937 982
0 D 314 197
2 A 676 675
1 B 423 440
3 A 706 709
4 C 397 498
0 B 961 990
2 A 236 235
1 A 940 939
3 A 662 657
4 A 965 962
0 D 799 736
1 B 579 604
2 A 134 129
3 C 884 779
4 B 812 819
0 A 586 589
1 A 688 695
2 C 22 105
4 C 685 722
0 D 900 635
1 D 353 158
3 B 151 136
2 C 63 64
0 D 919 616
1 D 446 65
4 C 684 723
2 C 895 768
1 A 552 559
3 B 609 638
2 C 488 407
4 C 1021 898
0 C 211 172
3 C 959 960
1 B 740 763
2 B 637 610
0 C 950 969
3 D 897 638
0 B 984 967
4 D 498 13
1 A 951 944
2 A 319 312
3 A 75 76
4 B 20 11
0 A 54 49
1 D 958 577
2 D 627 908
3 B 131 156
4 D 472 39
0 B 810 821
1 A 633 638
2 A 590 585
3 C 5 122
4 C 88 39
1 A 471 464
2 A 240 247
3 D 555 980
0 A 484 483
4 C 227 156
1 C 854 809
3 A 707 708
0 A 200 207
2 D 39 472
4 A 243 244
1 A 380 379
3 A 140 139
0 C 350 289
2 D 464 47
1 D 328 183
0 B 704 735
4 D 194 317
2 A 122 125
3 A 313 318
0 A 367 360
4 D 326 185
1 B 109 114
2 A 386 389
3 B 536 519
0 C 23 104
1 C 308 331
2 B 807 824
4 A 603 604
1 B 640 671
2 B 96 127
3 D 68 443
0 C 575 576
4 D 463 48
1 B 378 357
2 D 754 781
3 D 1023 512
0 A 788 787
4 D 677 858
1 D 507 4
2 C 647 760
3 A 1007 1000
0 C 774 889
4 C 169 214
1 A 206 201
3 D 222 289
0 A 595 596
2 D 109 402
1 D 739 796
4 B 687 688
3 A 847 840
0 D 593 942
0 D 593 942
1 A 699 700
2 B 481 510
4 D 573 962
0 C 679 728
2 A 686 681
1 D 247 264
3 D 345 166
0 D 381 130
4 A 218 221
1 C 392 503
2 D 964 571
3 D 1015 520
0 D 99 412
1 A 508 507
4 A 723 724
2 D 89 422
0 D 127 384
1 B 353 382
3 B 266 277
2 C 599 552
0 D 72 439
1 D 977 558
2 B 755 748
3 B 156 131
0 B 173 178
1 B 973 978
2 B 562 557
4 B 276 267
0 C 238 145
3 D 707 828
1 A 89 94
2 B 642 669
0 C 363 276
3 D 831 704
4 C 182 201
2 C 52 75
0 C 461 434
1 C 665 742
3 D 760 775
4 D 619 916
2 C 241 142
3 C 433 462
4 D 569 966
1 D 1003 532
2 A 554 557
3 A 122 125
1 B 273 270
4 D 160 351
0 C 865 798
3 D 410 101
2 B 814 817
4 D 379 132
1 A 145 150
3 B 602 581
0 C 91 36
2 A 238 233
4 D 932 603
1 D 335 176
3 A 7 0
2 A 189 186
1 D 911 624
3 A 629 626
2 A 253 250
4 A 613 610
1 B 413 386
3 A 482 485
0 A 440 447
2 C 919 1000
4 A 679 672
1 B 909 914
3 A 476 475
0 A 632 639
2 C 731 676
3 A 728 735
4 B 215 200
1 B 648 663
0 A 2 5
4 A 915 916
3 D 620 915
1 D 35 476
2 C 145 238
3 A 491 492
4 A 972 971
1 B 276 267
2 B 906 917
0 B 906 917
3 D 146 365
4 D 184 327
0 D 831 704
1 B 695 680
4 C 938 981
2 C 120 7
3 B 850 845
0 A 153 158
1 D 292 219
4 C 792 871
2 B 303 304
3 D 633 902
1 A 937 942
4 A 452 451
0 C 623 528
3 D 114 397
2 A 614 609
1 B 689 686
0 D 544 991
4 B 397 402
2 B 730 709
0 D 189 322
3 A 676 675
4 B 249 230
2 A 436 435
0 B 441 422
3 A 919 912
1 D 647 888
4 D 290 221
0 C 161 222
2 C 197 186
3 D 364 147
4 A 62 57
1 D 716 819
0 A 483 484
3 A 605 602
4 C 244 139
2 A 815 808
1 D 727 808
0 A 257 262
3 C 783 880
4 C 959 960
1 C 606 545
0 D 993 542
2 A 22 17
3 A 169 174
4 D 995 540
0 B 898 925
3 B 985 966
4 C 135 248
2 A 518 513
1 D 1001 534
0 B 307 300
3 C 10 117
1 A 746 749
2 A 859 860
4 D 974 561
3 C 307 332
2 B 159 128
4 B 527 528
1 B 204 211
3 A 11 12
4 A 955 956
0 C 932 987
0 C 932 987
1 A 927 920
2 C 880 783
3 C 59 68
0 C 811 852
4 C 147 236
2 D 729 806
3 D 149 362
0 B 862 833
1 A 682 685
4 D 293 218
2 B 935 952
0 D 64 447
4 D 242 269
2 A 975 968
3 C 315 324
0 B 887 872
1 D 365 146
2 C 729 678
3 C 15 112
4 B 658 653
0 A 366 361
1 D 13 498
4 A 770 773
0 A 298 301
2 C 2 125
3 C 667 740
1 B 973 978
4 D 393 118
2 C 180 203
3 B 145 142
4 A 299 300
1 C 678 729
2 D 204 307
4 A 807 800
0 C 722 685
1 C 745 662
3 C 296 343
2 D 697 838
0 D 110 401
1 D 898 637
3 B 526 529
4 C 705 702
0 D 951 584
2 C 1015 904
4 D 848 687
1 A 907 908
3 A 584 591
0 A 563 564
2 D 809 726
1 A 531 532
3 A 176 183
4 A 629 626
0 D 332 179
2 B 703 672
1 C 171 212
4 C 92 35
0 D 403 108
2 B 331 340
3 A 13 10
1 B 73 86
0 A 635 636
4 D 15 496
2 C 139 244
1 D 707 828
3 B 940 947
4 D 294 217
0 A 687 680
1 B 185 166
2 A 987 988
3 A 324 323
0 A 647 640
1 B 555 564
2 B 966 985
4 D 428 83
3 D 989 546
2 B 782 785
1 D 666 869
4 A 448 455
3 B 854 841
0 B 750 753
2 D 307 204
1 C 46 81
4 B 625 622
0 C 544 607
3 C 299 340
2 C 341 298
1 A 104 111
4 D 129 382
0 D 615 920
3 C 767 640
2 D 465 46
4 B 450 477
0 B 583 600
1 B 555 564
2 C 600 551
3 C 488 407
4 A 840 847
2 D 948 587
3 D 354 157
0 B 753 750
1 B 934 953
2 B 478 449
3 A 886 881
0 A 290 293
1 A 793 798
2 A 686 681
3 D 334 177
4 D 840 695
0 A 660 659
1 A 91 92
2 B 382 353
3 A 772 771
4 C 419 476
0 B 95 64
1 A 639 632
2 B 87 72
3 C 650 757
4 D 220 291
0 B 333 338
1 D 161 350
2 C 854 809
3 C 609 542
4 D 661 874
0 C 882 781
1 D 761 774
3 B 276 267
4 B 168 183
2 A 383 376
1 B 349 322
0 D 805 730
3 B 134 153
4 D 807 728
2 B 804 827
0 B 409 390
3 A 957 954
1 A 918 913
2 A 897 902
4 B 658 653
0 C 504 391
3 B 718 721
1 D 547 988
2 C 466 429
4 D 585 950
3 B 151 136
0 B 72 87
1 B 274 269
2 B 300 307
4 A 26 29
0 D 787 748
3 D 29 482
1 C 26 101
2 A 354 357
0 D 258 253
3 A 664 671
2 B 815 816
1 D 243 268
4 C 767 640
0 A 703 696
3 C 674 733
1 B 889 870
4 D 261 250
0 C 823 840
2 B 121 102
3 C 361 278
4 D 982 553
1 A 84 83
0 D 658 877
2 A 422 417
4 D 796 739
1 D 689 846
3 D 595 940
4 D 763 772
0 D 689 846
1 C 63 64
2 D 426 85
3 A 963 964
0 D 978 557
1 A 229 226
2 A 765 762
4 D 872 663
3 A 658 661
0 D 704 831
1 B 697 678
2 B 915 908
4 A 954 957
3 B 259 284
0 B 916 907
1 A 862 857
4 B 434 429
2 D 990 545
3 C 289 350
0 A 646 641
1 C 496 399
4 B 54 41
2 D 843 692
1 A 680 687
0 D 465 46
3 C 795 868
4 B 660 651
2 C 855 808
0 A 141 138
3 D 161 350
1 A 375 368
2 A 713 718
0 B 934 953
3 C 169 214
4 C 684 723
1 D 576 959
2 D 732 803
3 C 761 646
4 C 240 143
0 B 285 258
2 C 772 891
4 D 594 941
0 C 68 59
2 A 485 482
3 B 349 322
1 B 382 353
0 C 830 833
2 A 482 485
3 A 683 684
4 A 199 192
0 B 188 163
2 A 412 411
1 B 954 933
3 B 94 65
4 B 635 612
0 A 887 880
1 A 879 872
2 A 803 804
3 D 212 299
4 A 467 468
4 A 467 468
0 B 169 182
1 A 723 724
3 B 15 16
4 B 679 696
0 B 830 801
2 C 599 552
3 B 885 874
1 A 104 111
4 B 50 45
0 A 58 61
2 A 40 47
3 C 926 993
1 A 146 149
4 A 177 182
0 C 888 775
2 A 445 442
1 A 456 463
3 D 250 261
4 A 775 768
0 B 595 588
2 D 338 173
1 A 941 938
4 B 346 325
2 B 311 296
3 C 635 516
0 B 552 567
1 A 902 897
4 C 576 575
2 B 639 608
1 A 115 116
3 D 26 485
4 C 402 493
0 C 697 710
2 B 476 451
1 C 802 861
0 C 105 22
4 A 381 378
1 B 368 367
2 A 391 384
3 B 127 96
0 D 672 863
4 A 460 459
3 D 992 543
0 C 861 802
2 C 782 881
4 C 841 822
1 C 430 465
3 D 438 73
0 C 919 1000
2 D 446 65
3 B 288 319
4 C 409 486
1 D 947 588
2 B 621 626
0 D 876 659
3 C 653 754
2 B 880 879
1 D 348 163
0 B 937 950
4 D 935 600
1 A 331 332
3 A 316 315
2 C 475 420
0 B 800 831
4 C 252 131
1 A 654 649
2 D 807 728
0 C 178 205
4 C 435 460
1 B 95 64
2 B 264 279
3 D 1001 534
0 D 85 426
4 A 476 475
2 A 184 191
3 B 414 385
0 B 245 234
1 D 601 934
4 D 815 720
3 A 699 700
2 D 139 372
1 A 513 518
0 C 485 410
2 A 301 298
3 B 657 654
4 D 454 57
0 B 650 661
1 C 658 749
2 B 865 894
3 C 328 311
1 A 625 630
0 C 31 96
4 A 82 85
2 C 558 593
0 B 979 972
1 B 617 630
3 B 4 27
4 D 182 329
2 B 185 166
3 B 260 283
4 A 320 327
0 C 828 835
1 C 982 937
3 D 725 810
4 C 111 16
2 B 203 212
1 D 260 251
4 A 903 896
3 D 216 295
0 C 739 668
2 B 815 816
1 C 834 829
3 C 56 71
4 A 935 928
0 A 43 44
1 B 326 345
4 A 908 907
2 C 119 8
0 D 63 448
2 B 606 577
1 D 875 660
3 B 727 712
4 A 587 588
0 A 191 184
1 D 227 284
4 D 916 619
3 D 77 434
0 C 755 652
1 A 590 585
2 D 810 725
3 C 196 187
4 C 213 170
0 B 10 21
1 D 899 636
3 B 689 686
4 B 645 666
2 A 945 950
0 C 11 116
1 D 824 711
3 C 981 938
4 D 316 195
2 D 541 994
0 C 705 702
1 B 253 226
3 D 191 320
4 A 755 756
2 D 365 146
0 A 175 168
1 D 949 586
2 C 502 393
4 A 153 158
3 C 186 197
1 C 363 276
0 A 757 754
2 D 600 935
3 B 304 303
4 D 548 987
1 A 816 823
0 D 378 133
2 C 934 985
3 D 439 72
4 D 660 875
1 C 987 932
2 C 216 167
4 A 918 913
0 C 1015 904
1 B 848 847
2 A 657 662
3 B 651 660
4 A 807 800
0 D 672 863
2 B 542 513
4 A 357 354
3 D 805 730
2 C 788 875
4 A 122 125
0 B 31 0
1 C 613 538
3 D 1020 515
2 C 803 860
4 D 721 814
0 B 478 449
2 A 908 907
3 C 1021 898
0 C 765 642
1 C 249 134
4 A 960 967
3 A 422 417
2 D 694 841
0 D 154 357
1 B 648 663
4 B 201 214
2 A 335 328
3 A 348 347
4 A 966 961
0 D 302 209
2 D 416 95
3 B 793 774
4 D 442 69
0 C 950 969
1 B 855 840
2 D 121 390
4 D 74 437
1 D 626 909
2 C 223 160
3 A 229 226
0 D 250 261
4 D 206 305
2 C 458 437
3 A 673 678
0 A 361 366
1 B 193 222
4 D 59 452
2 A 620 619
0 C 345 294
1 B 449 478
3 A 837 834
4 A 907 908
2 D 252 259
0 C 756 651
3 D 773 762
4 C 966 953
2 D 739 796
0 B 223 192
3 C 223 160
1 B 612 635
2 C 588 563
0 C 334 305
3 C 142 241
4 D 883 652
1 A 701 698
2 D 698 837
0 B 980 971
3 D 74 437
1 D 442 69
4 A 578 581
0 B 278 265
2 B 818 813
3 C 888 775
1 C 521 630
0 C 359 280
4 C 15 112
2 D 216 295
3 B 21 10
1 C 520 631
2 B 360 375
0 D 761 774
3 D 192 319
4 D 736 799
0 B 437 426
1 C 1020 899
3 A 800 807
2 D 406 105
4 C 69 58
2 B 230 249
1 C 999 920
3 B 614 633
0 C 818 845
1 A 530 533
2 C 344 295
3 C 204 179
4 D 389 122
0 B 685 690
2 B 445 418
3 B 766 737
4 B 851 844
1 D 427 84
0 B 978 973
2 C 717 690
3 C 1015 904
4 C 195 188
2 B 719 720
1 C 613 538
4 A 201 206
0 B 644 667
3 C 146 237
0 A 57 62
2 B 557 562
3 D 172 339
4 D 321 190
1 A 4 3
0 B 889 870
2 C 1 126
4 B 733 706
1 C 16 111
3 D 363 148
4 B 18 13
0 C 716 691
1 C 271 368
2 D 107 404
3 C 931 988
4 C 37 90
2 B 517 538
1 D 251 260
4 C 670 737
1 B 477 450
2 A 522 525
3 C 572 579
0 A 675 676
4 C 285 354
1 D 335 176
2 D 31 480
0 A 420 419
3 C 252 131
4 D 968 567
1 D 813 722
2 A 509 506
0 D 709 826
4 A 121 126
1 A 514 517
3 C 4 123
2 C 62 65
0 A 71 64
4 D 869 666
3 D 496 15
1 D 588 947
0 C 209 174
4 C 159 224
3 C 490 405
2 A 101 98
4 D 313 198
1 B 1016 999
3 C 724 683
0 B 244 235
2 C 352 287
4 D 982 553
1 A 358 353
0 C 643 764
2 D 766 769
3 D 325 186
4 D 367 144
1 A 395 396
0 B 439 424
2 C 454 441
4 B 694 681
3 D 661 874
0 C 619 532
1 B 378 357
2 B 39 56
3 B 865 894
4 A 527 520
0 D 223 288
1 D 391 120
2 C 401 494
3 A 302 297
4 B 71 88
0 B 944 943
1 B 744 759
2 A 987 988
3 C 461 434
4 B 229 250
0 B 181 170
1 B 265 278
3 B 241 238
4 D 272 239
1 C 961 958
2 A 629 626
3 A 116 115
4 A 193 198
0 B 619 628
3 B 674 701
4 A 966 961
2 A 534 529
1 A 320 327
3 C 685 722
2 B 58 37
4 A 479 472
0 D 591 944
1 A 626 629
3 B 849 846
2 B 602 581
4 B 62 33
1 B 590 593
0 C 1013 906
2 C 761 646
3 B 571 548
4 A 277 274
0 A 620 619
1 A 745 750
3 D 583 952
0 B 457 470
1 A 26 29
2 D 213 298
4 D 809 726
3 A 229 226
0 A 251 252
2 B 772 795
4 C 966 953
1 C 1017 902
0 D 246 265
2 C 31 96
3 D 726 809
4 A 396 395
1 B 438 425
2 A 539 540
0 C 434 461
3 B 711 728
1 A 952 959
2 D 29 482
4 A 33 38
0 B 484 507
1 B 790 777
3 B 535 520
2 A 716 715
4 D 673 862
0 D 74 437
3 B 653 658
1 B 561 558
2 D 47 464
0 D 98 413
3 C 627 524
4 D 345 166
1 D 591 944
2 C 486 409
3 D 436 75
4 C 540 611
0 A 944 951
2 D 879 656
1 C 406 489
0 B 636 611
2 B 201 214
1 A 301 298
3 B 956 931
0 B 183 168
4 D 804 731
1 D 263 248
3 B 804 827
0 C 262 377
1 D 193 318
2 C 938 981
4 C 410 485
3 B 684 691
2 D 607 928
4 B 786 781
0 B 918 905
1 C 546 605
2 A 731 732
3 C 369 270
4 C 990 929
0 A 876 875
1 B 283 260
2 A 682 685
4 C 621 530
1 B 787 780
3 C 837 826
0 B 69 90
2 A 713 718
4 D 645 890
1 B 485 506
3 C 1003 916
0 A 46 41
4 C 607 544
3 D 991 544
0 C 300 339
1 B 648 663
2 D 33 478
4 A 843 844
3 B 145 142
0 C 925 994
1 D 278 233
2 B 941 946
3 D 646 889
4 B 887 872
0 D 773 762
1 D 272 239
2 B 261 282
3 A 978 981
1 C 115 12
4 B 551 568
0 B 746 757
2 C 510 385
3 D 590 945
1 D 183 328
4 B 752 751
2 C 429 466
0 C 632 519
1 A 101 98
3 C 562 589
4 D 947 588
2 D 777 758
0 A 321 326
1 C 455 440
3 D 370 141
4 A 416 423
0 B 881 878
1 B 943 944
2 B 100 123
3 D 409 102
4 C 964 955
0 B 141 146
2 B 496 495
1 D 246 265
3 C 690 717
3 C 690 717
0 A 94 89
3 C 763 644
4 A 202 205
1 D 70 441
2 C 1 126
3 A 173 170
0 B 150 137
2 D 298 213
4 A 840 847
1 D 464 47
2 B 681 694
0 B 202 213
1 C 456 439
2 A 530 533
3 B 735 704
4 D 600 935
0 A 995 996
1 A 117 114
3 C 423 472
4 C 452 443
2 C 163 220
0 B 295 312
3 D 996 539
4 C 223 160
1 A 985 990
0 D 619 916
2 C 160 223
3 C 878 785
1 B 557 562
4 B 891 868
0 A 120 127
3 D 344 167
1 D 772 763
2 C 145 238
4 D 760 775
0 C 139 244
1 D 50 461
3 D 605 930
4 B 948 939
0 D 26 485
2 D 820 715
3 C 42 85
4 B 104 119
2 B 72 87
0 D 59 452
1 D 901 634
3 B 943 944
4 B 179 172
2 B 813 818
0 B 325 346
1 D 1001 534
4 A 540 539
3 B 800 831
2 D 239 272
0 D 65 446
1 C 393 502
4 D 293 218
2 C 746 661
3 C 950 969
0 D 718 817
1 D 934 601
4 D 652 883
3 A 404 403
2 D 813 722
1 A 181 178
0 B 956 931
4 A 21 18
2 C 578 573
1 A 525 522
0 B 247 232
3 B 750 753
2 C 850 813
4 C 872 791
0 D 867 668
1 A 107 108
3 B 921 902
2 A 183 176
4 D 576 959
0 D 984 551
3 D 277 234
1 B 287 256
4 A 3 4
0 C 183 200
2 B 32 63
3 C 220 163
1 C 19 108
4 B 917 906
0 A 680 687
3 C 56 71
1 B 249 230
2 D 793 742
4 D 136 375
0 C 687 720
2 A 575 568
1 C 160 223
3 B 203 212
4 C 438 457
1 C 416 479
2 D 616 919
3 D 418 93
0 A 29 26
4 B 5 26
1 B 568 551
3 B 339 332
0 C 432 463
2 A 343 336
3 C 618 533
4 D 410 101
1 C 626 525
0 C 18 109
3 B 858 837
2 D 716 819
4 A 908 907
1 A 601 606
2 B 837 858
3 A 447 440
4 C 1011 908
0 B 785 782
1 B 268 275
3 A 953 958
0 A 488 495
4 B 391 408
2 A 21 18
1 A 567 560
3 A 356 355
4 D 6 505
0 C 574 577
1 A 31 24
2 A 233 238
4 D 351 160
0 A 847 840
3 B 917 906
0 A 857 862
2 C 189 194
1 A 174 169
2 A 48 55
4 A 773 770
3 D 823 712
1 A 210 213
0 B 487 504
3 A 722 725
0 B 171 180
2 B 727 712
1 D 888 647
0 B 494 497
2 A 11 12
3 B 449 478
4 B 607 576
1 A 332 331
2 B 314 293
3 C 493 402
4 D 95 416
1 B 10 21
0 A 873 878
1 B 742 761
2 A 272 279
3 B 587 596
4 A 588 587
0 A 604 603
1 D 676 859
2 D 45 466
0 B 345 326
4 D 304 207
2 A 434 437
1 D 761 774
3 A 810 813
0 B 805 826
4 D 286 225
1 C 1008 911
2 D 889 646
3 A 658 661
4 B 430 433
0 A 443 444
1 D 708 827
3 A 192 199
2 C 742 665
0 D 352 159
0 B 154 133
3 B 408 391
1 A 970 973
2 B 346 325
0 B 819 812
4 D 24 487
2 D 836 699
3 B 191 160
0 B 131 156
4 D 869 666
1 C 13 114
2 C 155 228
3 B 447 416
0 C 114 13
4 C 694 713
1 B 50 45
2 C 404 491
3 B 848 847
0 B 619 628
4 C 186 197
2 C 744 663
3 A 380 379
0 B 241 238
1 B 362 373
4 B 359 376
3 B 88 71
0 A 369 374
2 A 663 656
1 D 758 777
4 D 885 650
2 A 681 686
0 D 438 73
3 B 819 812
4 A 427 428
0 A 597 594
2 D 97 414
3 D 231 280
1 D 348 163
4 B 113 110
3 B 516 539
0 C 202 181
1 A 320 327
2 B 803 828
4 D 365 146
3 C 166 217
1 C 661 746
2 C 69 58
4 C 124 3
0 B 931 956
3 D 746 789
1 C 570 581
2 D 697 838
4 D 198 313
0 A 276 275
3 C 126 1
1 A 930 933
2 C 1006 913
0 B 607 576
4 D 935 600
3 B 515 540
4 C 689 718
1 C 781 882
0 D 151 360
4 B 269 274
1 C 326 313
0 A 139 140
3 D 997 538
2 B 635 612
3 D 543 992
4 D 844 691
0 B 177 174
1 D 869 666
2 D 664 871
3 C 56 71
0 D 128 383
1 D 317 194
4 B 138 149
3 C 703 704
0 A 466 469
1 C 808 855
2 D 155 356
4 D 747 788
3 C 727 680
1 C 37 90
2 B 20 11
4 D 401 110
0 C 365 274
3 B 621 626
1 D 132 379
2 C 103 24
4 D 638 897
3 B 277 266
0 B 338 333
1 C 208 175
2 D 600 935
4 C 967 952
1 A 335 328
0 D 675 860
3 A 643 644
4 A 731 732
2 C 989 930
0 C 410 485
1 C 402 493
3 C 830 833
4 C 120 7
2 A 833 838
3 A 494 489
4 B 576 607
1 C 364 275
2 A 191 184
0 A 559 552
3 A 540 539
1 B 171 180
0 D 371 140
3 A 637 634
2 D 765 770
1 A 338 341
4 B 325 346
2 C 686 721
3 D 206 305
1 A 854 849
4 C 614 537
3 C 82 45
1 B 530 525
4 C 467 428
0 B 517 538
1 A 938 941
2 D 986 549
3 C 397 498
0 C 118 9
4 C 87 40
1 B 206 209
0 B 552 567
2 A 645 642
3 B 901 922
4 B 194 221
1 A 414 409
0 D 838 697
4 A 994 997
2 A 701 698
0 A 523 524
1 D 399 112
4 A 541 538
3 C 777 886
2 D 949 586
0 B 638 609
1 B 503 488
4 A 993 998
3 C 858 805
2 A 972 971
1 A 966 961
0 C 114 13
3 D 243 268
4 B 613 634
2 A 102 97
1 B 144 143
3 D 559 976
4 D 757 778
0 C 591 560
1 B 813 818
2 C 958 961
3 D 791 744
4 D 591 944
0 C 637 514
1 C 853 810
2 D 431 80
3 B 274 269
4 C 101 26
0 B 570 549
1 D 349 162
2 D 281 230
3 B 685 690
4 B 971 980
0 A 739 740
4 A 528 535
1 D 340 171
2 C 1000 919
0 A 683 684
3 D 951 584
4 A 328 335
1 C 45 82
2 C 968 951
0 D 89 422
4 A 549 546
3 C 242 141
0 A 5 2
2 D 352 159
4 A 696 703
0 B 639 608
3 C 407 488
2 A 303 296
1 D 957 578
3 D 599 936
4 D 898 637
0 A 216 223
1 A 225 230
2 B 915 908
3 A 225 230
4 C 273 366
0 B 788 779
2 D 860 675
3 B 159 128
4 D 786 749
0 C 935 984
1 A 612 611
3 A 767 760
4 D 896 639
0 C 828 835
1 B 512 543
2 A 704 711
3 A 502 497
4 A 211 212
0 A 719 712
1 C 498 397
2 C 224 159
4 A 595 596
3 C 262 377
1 B 193 222
0 D 576 959
2 D 919 616
3 B 956 931
4 B 80 79
1 C 870 793
0 C 621 530
2 A 923 924
4 D 451 60
1 D 898 637
3 C 398 497
2 C 542 609
4 C 606 545
1 A 246 241
0 C 644 763
3 C 559 592
4 C 847 816
2 A 356 355
1 D 654 881
3 A 468 467
4 A 157 154
0 B 495 496
1 A 555 556
2 B 920 903
3 B 302 305
4 C 663 744
1 D 200 311
0 B 487 504
2 B 405 394
3 C 893 770
4 C 44 83
1 A 297 302
3 D 10 501
4 A 965 962
1 A 508 507
0 C 944 975
2 A 527 520
3 C 387 508
0 A 741 738
4 D 174 337
1 B 182 169
2 D 33 478
3 A 16 23
1 B 459 468
0 D 659 876
2 B 593 590
3 D 992 543
4 C 521 630
0 A 109 106
1 B 5 26
2 D 839 696
4 A 133 130
3 D 723 812
1 A 316 315
0 D 297 214
2 A 980 979
4 D 262 249
0 A 491 492
2 B 32 63
1 D 837 698
3 D 475 36
4 A 624 631
1 A 828 827
3 B 786 781
0 A 426 429
1 A 477 474
3 A 737 742
4 B 351 320
0 D 896 639
2 C 887 776
3 C 257 382
1 A 582 577
4 D 350 161
0 C 28 99
2 A 527 520
3 B 515 540
1 D 759 776
0 A 418 421
2 B 35 60
3 B 367 368
1 A 555 556
4 B 520 535
0 B 892 867
1 B 149 138
3 B 305 302
4 C 807 856
0 D 269 242
2 D 477 34
3 C 971 948
4 D 276 235
0 D 576 959
1 C 554 597
2 D 799 736
3 B 916 907
4 C 980 939
2 B 148 139
0 C 441 454
1 D 189 322
3 A 436 435
2 C 133 250
4 A 530 533
0 D 949 586
1 A 920 927
3 B 580 603
2 C 213 170
4 A 317 314
0 B 659 652
1 A 362 365
3 C 968 951
0 A 334 329
2 C 749 658
4 D 538 997
3 B 262 281
0 B 947 940
2 D 126 385
1 A 626 629
0 B 760 743
2 A 277 274
3 C 307 332
4 D 257 254
1 D 494 17
0 C 946 973
2 D 309 202
1 A 55 48
4 A 559 552
3 D 649 886
2 A 397 394
0 C 979 940
1 D 79 432
3 A 208 215
4 D 763 772
2 D 438 73
0 B 973 978
1 D 93 418
3 B 332 339
2 D 86 425
4 A 870 865
0 A 735 728
1 C 808 855
2 D 89 422
3 D 73 438
4 B 357 378
0 A 989 986
1 C 303 336
2 B 20 11
3 A 420 419
4 B 347 324
1 A 460 459
0 C 357 282
2 C 779 884
3 C 423 472
4 D 905 630
0 D 995 540
1 B 1021 994
2 A 342 337
3 C 837 826
4 C 831 832
0 D 537 998
2 B 453 474
3 B 264 279
4 D 655 880
1 A 136 143
0 A 187 188
2 C 593 558
3 A 685 682
4 C 448 447
1 C 298 341
3 A 60 59
1 A 217 222
0 D 401 110
2 D 489 22
4 A 771 772
3 D 29 482
0 C 789 874
4 D 848 687
1 B 316 291
2 B 335 336
3 B 553 566
0 C 629 522
1 A 560 567
4 C 786 877
2 B 592 591
3 B 429 434
4 C 346 293
0 B 365 370
1 C 245 138
2 A 845 842
3 D 42 469
4 D 478 33
2 D 293 218
3 C 450 445
4 C 744 663
0 A 783 776
1 A 967 960
2 D 271 240
3 D 689 846
4 C 866 797
0 C 348 291
1 B 355 380
2 D 881 654
3 A 614 609
4 D 616 919
0 C 482 413
2 A 348 347
1 C 648 759
3 C 798 865
4 D 322 189
0 A 810 813
2 B 442 421
1 D 400 111
3 B 413 386
4 C 524 627
0 B 83 76
1 C 919 1000
2 D 500 11
3 A 933 930
4 B 891 868
4 B 891 868
3 A 605 602
0 D 767 768
1 C 472 423
2 C 1013 906
4 D 442 69
3 A 756 755
0 C 378 261
1 D 503 8
2 B 696 679
4 C 677 730
0 B 796 771
2 C 442 453
4 D 233 278
1 A 745 750
3 D 37 474
2 C 985 934
4 C 465 430
1 D 59 452
0 B 828 803
2 A 313 318
3 C 733 674
4 C 3 124
1 B 662 649
0 B 842 853
2 B 546 573
4 B 166 185
3 C 485 410
0 B 455 472
3 D 377 134
4 C 146 237
2 B 39 56
0 A 321 326
1 A 871 864
3 C 326 313
4 B 693 682
2 A 860 859
0 D 488 23
3 A 994 997
4 C 765 642
1 A 499 500
2 A 853 850
0 B 703 672
4 A 404 403
3 D 91 420
2 C 285 354
0 C 170 213
1 D 330 181
3 B 918 905
2 B 372 363
4 A 224 231
1 B 432 431
3 C 438 457
0 A 819 820
2 C 8 119
4 D 997 538
3 D 599 936
0 D 254 257
2 A 109 106
4 B 727 712
1 A 566 561
3 C 638 513
2 B 345 326
4 B 722 717
1 C 711 696
3 B 858 837
0 D 308 203
2 A 623 616
4 D 78 433
1 D 759 776
3 B 121 102
0 D 710 825
2 A 921 926
4 B 373 362
1 B 176 175
0 C 183 200
2 D 1010 525
4 A 130 133
1 C 713 694
3 A 788 787
2 D 579 956
4 D 479 32
1 A 622 617
0 C 57 70
2 D 405 106
4 B 38 57
3 A 623 616
1 A 837 834
0 A 271 264
2 C 489 406
3 C 970 949
4 B 123 100
1 A 731 732
0 C 529 622
3 B 515 540
2 D 330 181
4 B 794 773
1 D 970 565
0 A 790 785
2 C 355 284
4 B 985 966
1 A 883 884
3 A 403 404
0 A 278 273
4 C 726 681
1 A 901 898
2 A 119 112
3 A 310 305
4 A 202 205
0 A 8 15
2 C 692 715
1 D 774 761
3 B 515 540
4 B 781 786
0 C 56 71
1 C 542 609
3 A 738 741
4 A 511 504
0 C 414 481
2 D 876 659
1 B 823 808
3 B 628 619
4 A 238 233
0 C 675 732
2 D 210 301
3 C 357 282
0 D 866 669
1 D 618 917
2 A 30 25
4 B 717 722
3 C 251 132
0 A 248 255
1 B 226 253
2 C 462 433
4 C 919 1000
0 A 502 497
2 D 969 566
3 B 555 564
1 C 327 312
0 C 230 153
3 B 205 210
2 C 720 687
4 A 625 630
1 A 225 230
0 D 767 768
2 D 455 56
3 D 925 610
4 C 1000 919
2 C 92 35
3 C 871 792
4 C 739 668
0 C 780 883
1 A 212 211
1 A 362 365
4 D 718 817
2 D 74 437
3 D 633 902
1 D 571 964
0 A 267 268
3 C 938 981
2 C 852 811
4 A 25 30
1 A 909 906
3 D 294 217
0 B 319 288
2 A 864 871
4 D 702 833
1 B 947 940
0 D 68 443
4 C 543 608
3 C 442 453
1 D 637 898
2 C 121 6
0 B 160 191
3 A 24 31
4 B 353 382
1 D 192 319
2 A 148 147
0 B 352 383
3 A 361 366
4 B 215 200
1 B 868 891
2 C 208 175
0 C 579 572
3 B 46 49
4 C 863 800
1 B 653 658
0 A 724 723
4 A 251 252
3 D 212 299
1 C 932 987
2 C 456 439
0 B 874 885
3 D 577 958
2 A 474 477
1 D 334 177
4 B 537 518
0 A 758 753
3 C 613 538
2 C 421 474
1 C 0 127
0 A 97 102
3 D 638 897
4 B 358 377
1 C 774 889
2 A 430 425
1 C 774 889
3 C 169 214
1 A 867 868
0 D 864 671
4 C 926 993
2 C 785 878
3 D 157 354
1 B 889 870
4 B 72 87
2 D 723 812
0 A 508 507
1 B 824 807
3 A 544 551
4 C 360 279
0 B 848 847
3 C 138 245
1 B 182 169
4 B 60 35
0 B 336 335
3 A 68 67
1 B 187 164
4 A 375 368
2 D 223 288
0 C 847 816
2 D 965 570
1 C 286 353
3 A 501 498
2 C 418 477
4 A 675 676
0 C 331 308
3 B 754 749
2 B 751 752
1 D 451 60
4 D 771 764
0 A 424 431
3 B 942 945
0 A 594 597
4 D 963 572
2 A 356 355
1 B 464 463
3 B 375 360
0 A 134 129
1 A 806 801
2 A 580 579
3 C 718 689
0 C 478 417
1 D 815 720
2 D 604 931
3 A 503 496
0 C 762 645
2 C 815 848
4 A 827 828
3 D 592 943
0 A 118 113
4 A 63 56
1 C 382 257
3 C 286 353
0 C 260 379
2 D 231 280
4 A 375 368
3 A 789 786
1 D 461 50
0 A 925 922
4 D 649 886
1 C 79 48
3 C 878 785
0 B 546 573
4 B 272 271
1 C 780 883
3 B 789 778
0 D 759 776
2 D 266 245
1 A 449 454
4 A 980 979
0 D 364 147
2 A 750 745
3 B 378 357
1 D 17 494
4 A 409 414
0 A 231 224
2 D 33 478
3 A 881 886
1 D 961 574
4 D 594 941
0 C 394 501
1 C 830 833
3 D 297 214
2 B 203 212
4 B 382 353
0 D 79 432
1 A 878 873
3 B 208 207
4 A 180 179
2 C 796 867
1 A 290 293
0 C 153 230
2 B 616 631
3 A 717 714
4 B 621 626
1 C 115 12
0 B 509 482
2 B 342 329
4 B 884 875
1 A 225 230
3 A 174 169
0 C 111 16
2 C 923 996
1 A 601 606
3 B 809 822
0 D 442 69
4 A 937 942
1 A 559 552
2 C 782 881
3 A 873 878
0 B 4 27
4 C 440 455
1 A 175 168
3 B 247 232
2 D 477 34
0 D 372 139
4 C 925 994
1 D 282 229
2 D 237 274
3 A 660 659
4 B 172 179
0 A 262 257
1 C 536 615
2 C 877 786
3 B 868 891
1 D 911 624
3 B 603 580
0 D 691 844
2 C 842 821
4 D 381 130
1 B 871 888
3 A 377 382
0 A 801 806
2 C 743 664
4 D 698 837
1 B 28 3
3 D 842 693
0 B 32 63
2 C 518 633
1 A 658 661
3 D 20 491
4 D 283 228
0 B 120 103
2 B 243 236
1 B 667 644
4 B 442 421
0 A 381 378
2 B 906 917
3 D 757 778
1 C 812 851
0 D 94 417
2 A 42 45
3 C 819 844
4 D 418 93
1 D 225 286
4 A 262 257
3 D 892 643
0 D 651 884
2 A 403 404
1 C 124 3
4 A 725 722
2 C 390 505
3 C 276 363
0 C 981 938
1 D 557 978
4 A 400 407
2 D 803 732
3 A 137 142
0 D 283 228
1 A 324 323
4 A 855 848
3 A 986 989
1 D 1016 519
2 D 370 141
4 A 483 484
3 D 139 372
0 B 673 702
1 B 172 179
4 A 636 635
2 B 901 922
3 B 952 935
4 A 354 357
1 D 75 436
0 C 789 874
1 A 468 467
3 B 432 431
4 C 631 520
1 A 495 488
2 A 534 529
0 C 483 412
4 A 671 664
1 B 122 101
3 C 676 731
4 A 31 24
1 B 315 292
0 C 324 315
2 D 199 312
3 B 443 420
4 A 42 45
2 A 212 211
0 C 797 866
4 D 556 979
1 B 85 74
2 C 2 125
3 B 286 257
1 B 932 955
0 C 207 176
3 C 68 59
4 A 456 463
2 B 440 423
0 B 703 672
1 A 625 630
3 A 611 612
4 D 349 162
2 C 389 506
3 C 100 27
0 B 640 671
1 D 508 3
4 A 992 999
3 C 868 795
0 B 663 648
1 C 541 610
2 D 664 871
4 B 250 229
3 C 192 191
0 D 647 888
1 D 65 446
1 D 65 446
0 B 789 778
2 B 980 971
1 D 260 251
3 D 258 253
0 C 318 321
2 B 761 742
4 A 254 249
1 B 518 537
3 D 535 1000
2 D 686 849
4 B 150 137
0 C 115 12
1 D 138 373
3 C 771 892
2 A 162 165
4 C 35 92
0 B 336 335
1 B 541 514
3 B 34 61
2 C 11 116
4 A 468 467
0 C 643 764
1 C 937 982
3 A 972 971
2 A 637 634
4 A 664 671
3 C 947 972
0 C 394 501
2 A 995 996
4 B 445 418
1 D 935 600
0 B 571 548
3 D 924 611
2 B 481 510
1 A 125 122
3 B 890 869
0 B 875 884
4 C 99 28
1 A 202 205
2 C 38 89
3 C 475 420
4 D 168 343
0 D 470 41
3 A 946 949
4 A 908 907
0 C 947 972
2 A 441 446
1 D 434 77
4 C 126 1
0 A 254 249
1 D 387 124
2 D 787 748
3 D 959 576
4 D 922 613
0 C 652 755
2 B 534 521
1 D 909 626
3 D 853 682
4 B 581 602
0 C 489 406
1 D 297 214
2 C 668 739
3 C 215 168
0 A 910 905
1 A 612 611
4 D 237 274
3 A 355 356
0 B 213 202
1 B 284 259
4 C 741 666
2 B 848 847
3 A 993 998
0 A 456 463
4 B 428 435
2 C 23 104
3 B 273 270
0 D 139 372
4 D 666 869
2 B 118 105
0 C 826 837
1 B 3 28
3 A 362 365
4 D 152 359
2 C 55 72
0 B 733 706
1 D 736 799
3 D 710 825
4 D 395 116
0 D 424 87
1 D 262 249
2 A 423 416
4 A 938 941
3 D 589 946
0 A 508 507
2 B 278 265
1 D 34 477
4 B 948 939
0 D 956 579
1 D 16 495
2 A 133 130
3 B 517 538
0 B 198 217
1 A 695 688
2 A 77 74
3 D 817 718
4 C 226 157
0 B 901 922
2 B 60 35
3 D 291 220
1 D 381 130
0 A 775 768
2 C 484 411
4 B 478 449
3 D 475 36
0 C 5 122
4 D 614 921
1 D 779 756
3 B 352 383
2 B 311 296
1 B 983 968
3 A 911 904
0 B 57 38
2 A 449 454
4 A 768 775
1 B 372 363
3 C 347 292
2 A 988 987
4 C 374 265
0 C 127 0
2 C 252 131
0 C 815 848
3 A 979 980
1 C 109 18
2 B 968 983
0 C 849 814
3 C 259 380
4 A 309 306
1 D 647 888
2 D 691 844
0 D 716 819
3 C 830 833
4 C 716 691
1 B 914 909
2 A 278 273
0 A 645 642
3 C 560 591
2 B 635 612
1 A 328 335
0 C 614 537
3 D 147 364
4 A 309 306
2 D 627 908
3 B 252 227
0 B 153 134
4 A 813 810
1 B 227 252
2 A 379 380
3 A 814 809
0 A 296 303
4 B 55 40
1 B 619 628
2 A 602 605
3 D 721 814
4 A 486 481
2 B 627 620
0 B 203 212
3 A 197 194
4 C 733 674
0 C 208 175
2 D 810 725
4 A 532 531
0 B 644 667
1 D 375 136
2 D 93 418
4 B 798 769
0 B 60 35
2 C 666 741
3 B 905 918
1 A 178 181
0 D 141 370
2 A 871 864
3 B 97 126
1 B 719 720
4 B 645 666
0 A 113 118
2 B 742 761
1 D 257 254
3 A 331 332
4 D 886 649
3 A 572 571
2 D 592 943
4 C 817 846
0 B 684 691
2 A 108 107
3 D 779 756
1 A 399 392
0 C 474 421
4 B 881 878
2 A 421 418
3 C 147 236
0 C 639 512
1 C 150 233
4 A 712 719
2 C 982 937
3 C 62 65
1 D 966 569
0 D 798 737
2 D 326 185
4 A 286 281
1 D 95 416
2 B 149 138
4 C 298 341
0 C 698 709
1 D 203 308
3 A 129 134
2 D 655 880
4 D 76 435
0 A 957 954
1 A 344 351
3 C 453 442
2 B 841 854
4 C 681 726
0 B 147 140
1 C 431 464
3 A 35 36
2 C 425 470
0 B 312 295
3 B 628 619
4 B 706 733
2 A 935 928
1 C 282 357
3 B 368 367
0 A 286 281
1 A 719 712
2 C 104 23
4 D 120 391
0 A 847 840
1 D 314 197
2 D 80 431
4 B 31 0
3 B 321 350
0 A 492 491
2 B 541 514
1 A 13 10
3 A 202 205
4 C 744 663
2 D 202 309
0 D 356 155
1 C 715 692
3 D 494 17
2 C 30 97
4 D 202 309
0 A 774 769
1 A 352 359
2 B 844 851
4 B 449 478
3 C 1023 896
1 C 54 73
0 B 491 500
2 A 393 398
3 D 624 911
4 A 824 831
0 D 103 408
1 C 107 20
2 D 127 384
3 A 190 185
4 D 553 982
1 A 153 158
2 C 389 506
0 C 214 169
3 A 707 708
1 A 868 867
2 D 262 249
4 C 183 200
3 B 817 814
0 C 282 357
4 C 327 312
3 A 459 460
1 B 810 821
0 C 161 222
2 B 816 815
0 B 213 202
4 D 834 701
1 D 636 899
3 C 219 164
1 B 234 245
2 C 689 718
4 D 256 255
0 D 81 430
3 D 988 547
2 C 373 266
1 D 548 987
4 D 474 37
3 A 429 426
0 A 934 929
1 C 110 17
2 B 660 651
3 A 209 214
4 B 832 863
0 C 701 706
1 B 106 117
3 C 58 69
4 A 112 119
1 C 681 726
2 B 832 863
4 B 1017 998
0 A 887 880
1 A 954 957
3 A 535 528
2 D 50 461
0 A 561 566
4 C 927 992
1 B 699 676
3 B 678 697
0 C 297 342
2 D 504 7
4 B 611 636
1 C 59 68
3 B 41 54
2 B 50 45
4 D 712 823
3 B 1 30
0 B 42 53
2 B 86 73
1 C 839 824
4 C 707 700
3 D 485 26
0 C 851 812
1 B 515 540
2 B 374 361
3 B 270 273
0 B 653 658
2 D 262 249
4 C 322 317
3 B 978 973
0 B 78 81
2 B 260 283
4 D 1016 519
1 A 607 600
3 B 201 214
0 C 724 683
1 D 97 414
2 D 50 461
0 C 140 243
1 D 747 788
2 C 438 457
3 C 538 613
4 B 814 817
0 D 875 660
1 C 750 657
3 A 943 936
2 C 595 556
4 C 398 497
0 C 969 950
1 B 313 294
2 B 311 296
3 D 286 225
4 D 459 52
1 D 225 286
0 C 809 854
1 A 522 525
3 C 1005 914
0 B 122 101
4 C 315 324
1 C 528 623
2 C 753 654
3 A 735 728
0 D 669 866
4 B 620 627
2 C 653 754
1 C 56 71
3 D 668 867
3 D 668 867
4 D 801 734
1 B 533 522
2 D 996 539
0 B 432 431
3 B 774 793
4 B 632 615
1 A 793 798
0 C 522 629
3 A 294 289
2 C 696 711
4 A 120 127
1 B 1022 993
0 A 634 637
2 C 24 103
3 A 18 21
4 D 673 862
1 D 228 283
2 C 1002 917
3 B 453 474
4 D 106 405
0 C 845 818
1 C 49 78
2 D 742 793
4 B 178 173
0 A 698 701
1 D 399 112
3 D 120 391
4 C 1018 901
0 C 445 450
1 C 260 379
3 A 12 11
2 C 952 967
0 A 18 21
1 C 529 622
2 D 825 710
3 A 205 202
4 D 25 486
1 B 392 407
0 D 73 438
2 A 872 879
4 B 980 971
3 D 1009 526
1 D 902 633
4 C 415 480
0 D 852 683
2 B 326 345
3 D 740 795
1 C 883 780
0 D 384 127
4 D 718 817
3 D 869 666
1 C 784 879
2 C 118 9
0 A 710 705
3 A 193 198
2 D 648 887
4 C 16 111
3 B 847 848
0 C 112 15
2 C 556 595
1 A 139 140
3 D 782 753
2 C 200 183
1 B 386 413
4 C 819 844
3 A 651 652
4 A 969 974
0 C 383 256
1 C 329 310
3 D 571 964
2 B 109 114
4 B 814 817
0 B 344 327
1 D 113 398
2 A 27 28
0 A 627 628
3 B 132 155
1 C 947 972
4 D 270 241
0 B 892 867
1 C 1023 896
4 A 374 369
2 A 785 790
3 C 332 307
0 D 441 70
1 A 512 519
4 C 727 680
3 D 12 499
0 C 496 399
2 A 434 437
1 C 842 821
3 D 227 284
0 D 250 261
4 A 664 671
2 D 565 970
1 A 490 493
0 C 3 124
2 A 131 132
3 A 174 169
4 D 970 565
1 B 90 69
2 A 507 508
0 C 415 480
4 A 231 224
3 D 437 74
0 D 233 278
1 D 870 665
3 A 814 809
4 A 148 147
2 C 822 841
1 A 340 339
0 C 802 861
4 A 145 150
2 D 920 615
0 C 924 995
1 B 270 273
3 B 479 448
4 C 1001 918
2 B 853 842
0 A 91 92
1 B 592 591
2 D 329 182
1 B 781 786
0 D 27 484
3 C 134 249
4 C 414 481
2 A 462 457
0 B 566 553
1 C 102 25
3 B 125 98
4 B 669 642
2 B 206 209
0 B 95 64
1 B 45 50
4 A 304 311
3 C 275 364
1 B 628 619
0 C 825 838
2 D 403 108
3 B 889 870
4 C 320 319
2 D 509 2
3 A 285 282
1 B 1017 998
0 C 231 152
3 C 283 356
4 C 989 930
0 D 112 399
2 A 912 919
1 D 11 500
3 B 931 956
2 B 45 50
1 C 1018 901
4 C 669 738
1 C 755 652
4 D 613 922
3 D 703 832
0 B 721 718
2 D 487 24
4 D 549 986
1 D 755 780
3 A 937 942
0 B 365 370
2 D 143 368
4 B 589 594
3 B 597 586
0 C 926 993
2 C 701 706
4 A 635 636
1 D 808 727
3 B 8 23
0 D 767 768
2 D 252 259
1 B 267 276
3 B 925 898
0 C 695 712
2 B 256 287
4 A 600 607
3 D 612 923
2 C 126 1
4 C 549 602
1 C 306 333
3 C 887 776
0 C 987 932
2 D 742 793
4 C 780 883
1 D 41 470
0 D 71 440
2 A 76 75
3 B 323 348
4 C 243 140
1 B 464 463
0 D 683 852
3 D 753 782
1 D 822 713
2 C 871 792
0 C 431 464
4 D 918 617
1 A 710 705
3 C 189 194
4 C 329 310
0 D 427 84
2 C 559 592
1 D 736 799
4 A 347 348
0 A 289 294
2 B 49 46
3 C 778 885
1 A 598 593
0 D 6 505
4 D 259 252
2 C 300 339
3 A 79 72
1 D 923 612
0 B 220 195
4 B 406 393
2 A 506 509
3 C 513 638
0 B 289 318
4 B 772 795
2 A 767 760
1 D 190 321
0 B 67 92
3 D 334 177
4 D 127 384
1 D 888 647
2 C 647 760
0 B 607 576
4 A 561 566
1 A 741 738
2 B 502 489
3 D 677 858
4 C 254 129
1 B 184 167
3 C 415 480
2 C 752 655
0 B 111 112
1 D 140 371
3 C 773 890
2 D 911 624
0 A 156 155
4 D 511 0
3 D 582 953
1 D 601 934
0 A 746 749
2 C 539 612
4 A 595 596
1 A 153 158
3 B 982 969
0 D 64 447
2 C 465 430
4 A 612 611
1 A 442 445
3 D 39 472
0 A 817 822
4 D 948 587
1 C 134 249
3 C 317 322
2 D 633 902
0 C 548 603
4 D 140 371
1 D 127 384
3 D 599 936
2 B 385 414
4 A 141 138
0 D 126 385
1 D 913 622
3 A 17 22
4 C 710 697
2 D 228 283
0 B 787 780
1 A 149 146
4 D 420 91
2 A 592 599
3 B 518 537
0 D 7 504
1 D 716 819
4 A 415 408
2 A 554 557
1 A 359 352
4 B 865 894
3 C 624 527
0 B 881 878
2 D 402 109
3 C 214 169
4 A 892 891
0 B 204 211
1 C 453 442
2 B 25 6
3 D 344 167
0 A 879 872
4 C 712 695
1 D 277 234
0 A 407 400
2 A 544 551
4 A 173 170
3 C 766 641
1 C 992 927
0 B 107 116
4 B 867 892
1 C 555 596
3 A 204 203
2 D 654 881
4 A 182 177
1 A 358 353
2 D 1023 512
3 D 469 42
0 C 636 515
4 B 625 622
3 A 374 369
2 B 438 425
1 C 841 822
3 C 237 146
4 D 748 787
2 D 284 227
0 C 254 129
4 D 498 13
3 A 262 257
0 B 928 959
1 C 111 16
3 B 1016 999
4 C 814 849
2 B 711 728
0 D 412 99
3 C 280 359
4 A 111 104
1 A 171 172
3 B 651 660
2 D 155 356
0 C 401 494
1 B 320 351
3 C 472 423
2 D 767 768
0 D 545 990
1 A 877 874
2 C 758 649
3 C 268 371
0 A 715 716
1 B 55 40
2 D 288 223
3 C 270 369
4 C 597 554
0 A 203 204
2 B 676 699
4 D 775 760
0 B 303 304
1 B 298 309
2 D 25 486
0 B 334 337
1 B 685 690
2 D 395 116
4 B 973 978
3 D 641 894
0 B 574 545
1 B 437 426
2 C 1009 910
4 D 509 2
0 C 16 111
1 A 894 889
2 D 926 609
3 D 968 567
4 B 87 72
0 D 672 863
3 B 323 348
1 B 92 67
2 C 170 213
4 C 340 299
0 D 28 483
3 C 398 497
1 C 937 982
2 A 426 429
0 D 658 877
3 D 238 273
4 D 122 389
1 A 969 974
0 C 41 86
2 A 932 931
3 D 995 540
4 C 2 125
1 B 880 879
2 A 502 497
3 D 150 361
4 A 433 438
0 B 1023 992
1 B 216 199
4 C 134 249
0 D 474 37
1 A 786 789
3 B 989 962
2 D 235 276
4 C 598 553
0 A 638 633
1 D 215 296
4 B 450 477
3 C 405 490
0 C 6 121
2 C 11 116
3 B 269 274
0 C 782 881
4 D 605 930
1 D 146 365
2 B 569 550
4 B 912 911
0 B 590 593
1 D 781 754
3 A 36 35
2 A 184 191
4 D 862 673
0 C 508 387
1 D 855 680
3 B 668 643
4 C 706 701
0 D 412 99
2 A 467 468
3 C 483 412
4 D 1007 528
1 B 497 494
0 D 44 467
2 C 331 308
3 B 86 73
4 C 299 340
2 B 861 834
3 B 908 915
1 C 730 677
2 A 827 828
3 D 893 642
4 D 356 155
0 A 800 807
1 C 845 818
0 A 528 535
4 C 662 745
2 B 416 447
1 A 733 730
4 B 970 981
0 B 401 398
2 B 187 164
3 B 1017 998
0 B 108 115
4 C 772 891
1 A 781 778
2 D 289 222
3 A 682 685
0 B 792 775
4 D 803 732
1 C 343 296
2 D 724 811
3 A 449 454
4 C 361 278
1 C 96 31
0 D 808 727
2 D 495 16
3 D 813 722
4 C 459 436
0 D 124 387
1 D 730 805
3 C 195 188
2 D 603 932
4 A 199 192
0 B 506 485
1 C 924 995
2 B 909 914
4 B 799 768
0 B 661 650
3 C 42 85
1 C 596 555
4 D 372 139
0 C 209 174
2 B 197 218
3 D 960 575
1 B 545 574
4 B 82 77
0 B 32 63
2 A 371 372
3 C 416 479
0 C 851 812
4 D 865 670
2 C 290 349
1 D 352 159
3 A 928 935
0 B 764 739
1 A 402 405
3 D 615 920
4 C 135 248
2 A 453 450
0 A 797 794
1 D 285 226
4 C 684 723
3 D 621 914
2 A 721 726
0 B 350 321
1 C 818 845
3 C 858 805
4 B 138 149
2 D 395 116
0 B 878 881
1 C 641 766
3 D 317 194
4 C 84 43
2 D 273 238
0 A 996 995
1 B 778 789
4 A 880 887
2 C 634 517
3 C 1015 904
0 D 353 158
1 A 827 828
4 B 568 551
3 B 391 408
0 B 764 739
1 B 637 610
2 A 936 943
4 B 874 885
3 B 872 887
0 B 772 795
1 B 964 987
2 A 181 178
4 A 336 343
3 A 152 159
1 D 830 705
2 B 120 103
0 D 286 225
1 C 730 677
3 C 70 57
4 D 860 675
2 A 106 109
3 C 324 315
0 B 514 541
2 A 924 923
1 B 478 449
4 C 645 762
2 B 414 385
3 C 774 889
4 B 604 579
0 A 794 797
1 C 245 138
3 A 438 433
4 A 12 11
1 A 357 354
0 C 722 685
2 B 423 440
3 C 875 788
4 A 964 963
1 A 115 116
0 A 979 980
3 B 784 783
2 C 235 148
4 B 0 31
0 A 913 918
1 B 514 541
2 A 216 223
3 C 117 10
4 A 213 210
3 A 284 283
0 A 388 387
1 D 479 32
2 C 352 287
3 B 594 589
1 A 468 467
4 B 538 517
0 D 552 983
2 A 263 256
1 D 630 905
0 D 682 853
2 B 424 439
3 C 1018 901
1 B 115 108
4 A 785 790
2 A 342 337
0 D 432 79
3 D 627 908
4 B 1019 996
0 B 541 514
2 C 381 258
1 C 474 421
3 A 555 556
4 D 634 901
0 B 661 650
2 C 142 241
3 A 493 490
1 D 399 112
0 A 7 0
1 C 708 699
2 C 73 54
0 A 97 102
4 B 152 135
3 D 397 114
2 A 868 867
0 D 938 597
1 C 31 96
4 A 378 381
2 D 1018 517
3 C 650 757
0 A 204 203
1 B 187 164
4 D 60 451
3 C 160 223
0 C 100 27
1 A 892 891
2 C 692 715
4 C 805 858
3 B 723 716
1 A 227 228
2 D 27 484
4 C 874 789
0 C 83 44
3 C 378 261
1 A 861 858
2 A 343 336
4 D 511 0
0 B 784 783
2 A 950 945
1 C 54 73
3 A 373 370
4 B 269 274
1 D 951 584
0 C 396 499
2 C 1009 910
4 B 887 872
3 C 397 498
0 D 379 132
2 B 768 799
1 A 400 407
3 A 792 799
4 A 645 642
0 A 949 946
2 C 259 380
1 C 680 727
4 A 736 743
3 C 319 320
0 B 764 739
2 B 321 350
1 B 144 143
3 C 840 823
0 D 194 317
2 D 296 215
4 B 628 619
1 C 13 114
3 A 820 819
0 C 826 837
2 A 237 234
4 B 712 727
1 C 144 239
3 D 710 825
0 A 712 719
2 D 553 982
4 C 538 613
3 A 502 497
1 C 17 110
0 B 825 806
4 A 42 45
2 A 788 787
1 D 179 332
3 D 583 952
4 B 805 826
0 A 939 940
1 B 798 769
3 B 509 482
2 A 899 900
4 D 168 343
1 B 842 853
3 C 468 427
0 A 488 495
2 B 179 172
4 D 432 79
1 C 837 826
3 B 415 384
0 D 45 466
2 B 722 717
4 B 191 160
0 A 197 194
3 D 839 696
2 A 598 593
1 C 602 549
4 C 277 362
3 D 649 886
1 C 77 50
0 D 825 710
2 B 824 807
4 B 359 376
1 B 963 988
2 A 988 987
3 B 77 82
4 B 26 5
0 C 653 754
1 A 55 48
2 C 1005 914
3 B 130 157
4 B 204 211
0 B 84 75
1 B 366 369
2 B 834 861
4 A 196 195
0 B 493 498
1 A 316 315
2 C 46 81
3 A 491 492
4 C 76 51
0 C 342 297
2 A 130 133
3 C 662 745
1 A 925 922
4 D 986 549
2 B 70 89
3 D 435 76
0 D 260 251
1 C 188 195
2 A 553 558
3 B 780 787
4 C 43 84
0 B 632 615
1 C 199 184
4 A 423 416
3 C 482 413
0 C 516 635
1 A 785 790
4 B 392 407
3 D 123 388
0 A 381 378
2 C 61 66
1 D 615 920
4 A 252 251
1 A 127 120
0 C 613 538
2 C 47 80
3 D 298 213
4 D 99 412
1 B 192 223
2 C 878 785
3 D 287 224
0 C 949 970
1 C 784 879
3 B 286 257
2 C 824 839
4 B 254 225
0 D 480 31
3 A 974 969
2 D 954 581
4 C 895 768
0 B 236 243
1 D 960 575
2 C 442 453
3 A 203 204
4 B 516 539
0 A 590 585
3 C 351 288
4 C 293 346
2 B 410 389
0 B 881 878
1 B 954 933
3 C 317 322
4 A 494 489
2 D 976 559
0 A 360 367
1 D 372 139
3 C 78 49
4 C 59 68
2 C 358 281
0 B 100 123
1 D 205 306
4 B 44 51
3 D 699 836
0 A 875 876
1 D 861 674
4 D 630 905
2 A 192 199
3 D 454 57
0 C 826 837
1 B 351 320
2 A 922 925
3 D 485 26
4 C 216 167
0 B 918 905
1 C 674 733
2 B 359 376
3 A 122 125
0 D 748 787
4 A 546 549
1 C 21 106
2 D 989 546
3 D 565 970
0 C 293 346
4 B 206 209
2 B 348 323
3 B 963 988
0 C 729 678
1 C 465 430
3 D 708 827
0 C 705 702
1 C 1013 906
4 A 363 364
2 C 236 147
0 A 328 335
1 A 532 531
2 D 888 647
3 C 801 862
4 D 420 91
0 D 739 796
1 C 22 105
2 D 788 747
3 B 558 561
4 B 988 963
0 B 183 168
1 C 997 922
2 A 589 586
4 B 876 883
3 C 284 355
1 D 594 941
3 C 320 319
1 D 542 993
0 A 594 597
2 D 805 730
3 D 983 552
4 B 233 246
0 B 848 847
2 C 247 136
4 B 302 305
1 D 459 52
0 A 875 876
2 D 89 422
3 A 210 213
4 B 276 267
1 D 978 557
3 C 499 396
0 D 436 75
2 A 417 422
4 D 653 882
1 B 157 130
3 D 836 699
2 A 104 111
4 A 58 61
0 C 128 255
3 B 388 411
2 B 249 230
1 C 594 557
3 B 308 299
0 B 65 94
2 D 814 721
3 C 631 520
4 C 960 959
1 B 628 619
2 C 207 176
0 C 512 639
3 B 209 206
1 A 761 766
2 A 422 417
4 B 2 29
0 A 635 636
3 D 38 473
2 B 277 266
4 B 613 634
3 D 87 424
0 C 189 194
1 C 832 831
4 A 732 731
2 B 643 668
1 D 503 8
2 C 202 181
3 C 959 960
0 D 308 203
4 A 408 415
2 B 478 449
3 B 794 773
1 A 164 163
0 D 44 467
3 A 157 154
4 B 841 854
0 C 241 142
2 B 36 59
1 C 813 850
3 C 390 505
4 D 993 542
0 D 15 496
1 C 533 618
3 C 95 32
4 B 701 674
0 D 144 367
2 B 943 944
1 C 361 278
3 D 304 207
0 B 465 462
2 C 938 981
4 C 216 167
3 C 580 571
0 B 597 586
1 B 906 917
2 B 318 289
4 D 960 575
3 C 827 836
1 B 586 597
0 D 494 17
4 C 843 820
3 B 28 3
0 C 651 756
1 C 110 17
2 B 940 947
4 B 507 484
3 C 621 530
0 B 323 348
1 C 594 557
2 B 335 336
4 B 814 817
3 D 36 475
1 B 627 620
4 B 438 425
0 C 718 689
2 B 428 435
3 B 769 798
1 A 843 844
0 A 845 842
2 D 683 852
3 A 193 198
4 D 961 574
1 B 380 355
0 D 134 377
2 C 852 811
3 C 75 52
4 D 476 35
1 D 337 174
0 A 188 187
3 B 755 748
4 D 490 21
2 B 486 505
1 A 363 364
0 D 134 377
3 C 52 75
4 A 798 793
2 A 339 340
0 B 316 291
1 B 178 173
3 B 747 756
4 D 84 427
2 D 36 475
4 A 493 490
0 C 139 244
1 C 156 227
3 A 632 639
2 C 123 4
4 A 872 879
0 C 763 644
3 C 360 279
2 B 906 917
1 C 611 540
4 B 494 497
3 D 793 742
0 C 358 281
2 C 128 255
4 B 790 777
1 B 942 945
3 D 322 189
0 C 133 250
2 A 239 232
3 B 253 226
0 A 285 282
4 C 769 894
1 B 776 791
2 D 57 454
3 D 323 188
4 A 386 389
0 C 197 186
1 C 167 216
2 B 778 789
3 B 599 584
4 D 267 244
0 D 555 980
1 A 864 871
2 D 926 609
3 C 218 165
4 B 801 830
0 A 662 657
1 D 466 45
2 D 992 543
3 A 353 358
4 A 266 269
0 B 104 119
3 B 845 850
2 C 473 422
1 A 230 225
0 A 701 698
2 D 355 156
3 C 333 306
4 B 743 760
0 C 603 548
1 A 978 981
3 D 444 67
4 D 856 679
2 B 647 664
0 B 743 760
3 A 646 641
4 C 258 381
2 C 464 431
0 C 876 787
1 C 893 770
3 C 142 241
4 D 319 192
2 D 19 492
3 C 167 216
4 C 976 943
1 D 685 850
2 C 396 499
4 B 521 534
0 C 995 924
3 A 738 741
1 D 861 674
2 A 939 940
0 D 626 909
4 D 585 950
1 D 373 138
3 B 620 627
2 D 378 133
4 C 25 102
0 D 676 859
1 B 483 508
3 A 584 591
1 B 219 196
2 B 218 197
3 C 61 66
0 D 98 413
4 A 67 68
1 B 224 255
3 A 255 248
2 D 575 960
1 A 209 214
0 A 460 459
2 A 619 620
3 B 195 220
4 C 862 801
1 A 303 296
0 A 287 280
3 B 575 544
4 B 522 533
2 A 998 993
1 C 715 692
3 A 506 509
4 C 875 788
0 D 153 358
1 C 842 821
2 A 18 21
3 C 622 529
4 A 588 587
0 A 614 609
1 A 960 967
2 B 816 815
3 A 520 527
0 B 843 852
1 A 149 146
2 C 849 814
4 C 837 826
3 D 682 853
0 A 484 483
1 C 172 211
3 A 872 879
4 C 610 541
2 B 935 952
1 C 839 824
0 C 22 105
4 C 653 754
2 A 405 402
1 C 262 377
3 C 740 667
0 A 743 736
4 A 29 26
1 B 278 265
2 A 429 426
3 C 545 606
0 A 14 9
1 A 162 165
3 A 407 400
4 A 625 630
0 D 408 103
1 B 961 990
2 C 572 579
2 C 572 579
3 B 554 565
4 D 733 802
1 C 71 56
0 D 294 217
2 A 923 924
3 C 997 922
4 D 448 63
0 C 587 564
1 B 735 704
2 A 345 350
1 A 494 489
3 B 167 184
2 D 151 360
4 A 808 815
0 C 628 523
1 A 467 468
3 D 302 209
4 C 773 890
0 D 137 374
2 A 108 107
1 B 84 75
3 A 984 991
4 B 271 272
2 C 111 16
0 C 640 767
1 C 79 48
3 B 268 275
4 A 322 325
0 A 826 829
1 C 1020 899
4 A 859 860
3 D 124 387
2 A 523 524
1 C 129 254
3 D 566 969
0 C 1023 896
2 C 223 160
4 B 88 71
0 D 662 873
2 B 734 705
1 C 269 370
3 A 51 52
1 D 601 934
2 C 970 949
3 C 553 598
4 D 310 201
0 C 264 375
1 A 677 674
4 D 925 610
2 B 693 682
3 C 41 86
0 A 753 758
1 B 388 411
3 A 841 846
2 C 235 148
4 A 741 738
0 D 844 691
1 A 954 957
2 A 441 446
3 C 180 203
4 C 289 350
0 D 692 843
1 A 496 503
2 C 750 657
3 A 430 425
4 A 657 662
0 D 341 170
1 B 493 498
2 A 790 785
3 D 701 834
0 B 819 812
4 C 630 521
1 C 665 742
0 C 546 605
2 A 427 428
3 D 656 879
4 C 236 147
1 A 92 91
0 C 209 174
2 B 105 118
3 D 440 71
1 D 796 739
4 C 620 531
0 B 886 873
2 A 800 807
3 B 960 991
1 B 364 371
4 B 127 96
3 B 746 757
2 D 688 847
0 D 249 262
1 B 613 634
4 B 926 897
2 A 454 449
3 D 436 75
0 C 1005 914
1 C 650 757
3 A 88 95
1 A 1007 1000
0 C 664 743
2 D 351 160
3 C 518 633
0 A 445 442
4 C 351 288
1 D 245 266
4 A 788 787
2 D 912 623
0 B 799 768
1 B 502 489
2 C 172 211
3 C 33 94
0 B 666 645
4 D 74 437
1 D 693 842
3 D 586 949
0 B 83 76
1 C 878 785
3 B 260 283
0 C 822 841
2 C 1 126
4 C 945 974
total time of producer and consumer measured by clock(2):
producer takes 1186540000 clicks 1186.540039 seconds.
consumer takes 10000 clicks 0.010000 seconds.
total time of producer and consumer measured by time(2):
producer takes 585.000000 seconds.
consumer takes 0.000000 seconds.

real	9m53.996s
user	19m46.902s
sys	0m0.886s
