0 B 415 384
1 C 180 203
2 B 205 210
4 A 939 940
1 B 902 921
2 B 771 796
3 A 348 347
0 C 394 501
4 B 850 845
1 A 176 183
3 C 473 422
0 B 747 756
2 C 625 526
4 C 37 90
1 B 580 603
0 B 850 845
2 C 884 779
4 C 12 115
3 D 956 579
1 C 95 32
0 A 59 60
2 D 176 335
3 B 775 792
4 D 351 160
1 A 351 344
0 C 987 932
3 C 324 315
4 D 608 927
1 B 874 885
2 A 331 332
0 D 539 996
3 C 940 979
4 D 409 102
1 C 480 415
0 B 492 499
2 A 970 973
3 B 276 267
4 C 541 610
0 A 353 358
1 D 109 402
3 A 26 29
4 D 210 301
1 C 691 716
2 D 436 75
3 A 125 122
4 A 124 123
0 B 556 563
1 B 863 832
2 B 419 444
3 C 818 845
4 B 633 614
0 A 970 973
1 D 320 191
2 A 441 446
4 C 231 152
3 A 902 897
0 D 740 795
2 A 110 105
1 D 267 244
4 C 150 233
0 C 792 871
3 B 187 164
2 C 408 487
1 B 819 812
4 D 680 855
0 B 357 378
3 D 805 730
4 C 1001 918
0 A 229 226
1 B 505 486
2 B 783 784
3 D 349 162
0 D 293 218
1 A 284 283
2 D 204 307
3 A 128 135
4 B 330 341
0 B 647 664
2 D 736 799
1 B 856 839
3 B 235 244
4 A 42 45
0 A 848 855
2 B 915 908
1 D 1020 515
3 B 269 274
4 D 706 829
1 D 62 449
3 D 696 839
4 C 780 883
0 A 366 361
2 C 194 189
1 C 556 595
3 A 174 169
4 C 869 794
0 B 261 282
1 C 724 683
2 B 47 48
3 B 286 257
0 D 44 467
2 A 263 256
3 B 67 92
4 B 589 594
0 D 934 601
1 D 921 614
2 D 236 275
3 B 400 399
4 A 434 437
0 D 403 108
1 B 64 95
2 A 712 719
3 B 738 765
4 A 836 835
0 C 1016 903
3 C 330 309
4 D 161 350
0 C 378 261
1 A 210 213
2 A 669 666
3 A 155 156
4 B 743 760
0 D 337 174
2 D 584 951
3 D 383 128
4 B 873 886
0 A 179 180
1 C 544 607
2 C 382 257
0 B 853 842
4 A 584 591
1 B 377 358
3 A 11 12
2 C 543 608
4 B 204 211
0 D 840 695
2 C 680 727
3 D 78 433
1 C 213 170
4 A 995 996
0 B 263 280
2 B 438 425
3 B 214 201
1 A 719 712
0 C 494 401
2 D 620 915
2 D 620 915
3 B 85 74
4 A 855 848
0 D 719 816
1 B 786 781
2 B 399 400
0 A 128 135
1 C 227 156
2 B 402 397
3 D 922 613
4 D 679 856
0 B 439 424
3 B 847 848
1 C 289 350
4 C 614 537
1 B 430 433
2 D 278 233
3 D 897 638
4 C 970 949
1 D 484 27
2 D 472 39
3 D 386 125
4 A 259 260
0 B 529 526
4 D 917 618
0 D 858 677
2 D 66 445
3 C 324 315
1 D 992 543
0 B 66 93
4 D 175 336
3 B 141 146
1 A 920 927
4 B 872 887
0 A 82 85
2 C 231 152
3 D 828 707
4 A 856 863
0 D 328 183
1 C 1005 914
3 C 387 508
2 A 574 569
4 B 436 427
3 B 225 254
0 B 521 534
1 B 924 899
4 D 76 435
2 B 589 594
1 A 40 47
3 A 746 749
2 D 850 685
1 B 687 688
3 C 403 492
4 D 69 442
0 D 761 774
2 C 506 389
1 A 301 298
4 C 954 965
0 C 479 416
2 B 222 193
3 A 201 206
1 B 988 963
4 B 964 987
2 A 43 44
3 C 625 526
0 A 356 355
1 B 365 370
3 C 981 938
2 A 116 115
4 D 496 15
0 C 309 330
1 B 13 18
3 C 799 864
2 A 502 497
4 C 223 160
0 B 516 539
1 D 431 80
4 D 994 541
1 D 419 92
2 A 468 467
3 C 434 461
0 B 158 129
4 C 357 282
2 A 627 628
0 D 32 479
1 C 659 748
3 B 42 53
2 C 1 126
0 B 718 721
1 B 232 247
3 B 763 740
4 B 109 114
2 C 669 738
1 B 587 596
0 D 643 892
4 A 632 639
3 B 475 452
2 D 846 689
0 A 953 958
1 A 331 332
4 D 43 468
2 A 405 402
3 D 860 675
0 A 273 278
4 D 91 420
3 A 364 363
2 C 190 193
0 D 719 816
4 D 330 181
2 D 274 237
3 C 770 893
1 D 427 84
4 C 95 32
2 C 151 232
3 B 698 677
0 B 234 245
1 C 251 132
4 D 610 925
2 C 159 224
3 A 784 791
1 A 438 433
0 C 75 52
3 B 405 394
4 A 97 102
2 A 283 284
0 B 403 396
1 A 860 859
3 B 724 715
4 D 346 165
0 C 575 576
1 B 13 18
3 C 299 340
0 A 708 707
4 D 822 713
2 B 853 842
1 D 195 316
3 B 186 165
4 A 512 519
0 A 750 745
2 C 817 846
1 C 663 744
4 A 79 72
0 C 571 580
3 D 174 337
2 C 553 598
4 B 174 177
1 D 1005 530
3 B 646 665
0 D 419 92
2 B 194 221
4 B 747 756
1 B 107 116
3 D 760 775
0 C 704 703
2 D 789 746
1 D 208 303
3 A 836 835
4 A 393 398
2 D 620 915
0 A 675 676
1 A 515 516
2 A 79 72
4 D 886 649
3 D 711 824
0 A 774 769
4 C 564 587
1 D 56 455
2 C 433 462
3 C 436 459
0 B 913 910
1 B 543 512
2 B 710 729
3 B 268 275
4 A 918 913
0 A 431 424
2 C 46 81
3 A 113 118
0 D 1023 512
1 D 956 579
4 D 329 182
2 A 948 947
1 D 720 815
3 C 537 614
4 C 7 120
0 D 137 374
2 A 545 550
1 D 141 370
4 C 621 530
3 D 88 423
0 A 997 994
2 A 276 275
3 B 260 283
4 C 513 638
0 D 5 506
1 C 704 703
2 C 85 42
4 B 770 797
3 D 172 339
0 A 588 587
1 D 343 168
2 B 211 204
4 B 117 106
1 C 92 35
0 D 405 106
4 B 548 571
0 B 787 780
1 B 406 393
3 D 372 139
4 D 671 864
0 C 926 993
1 B 955 932
3 B 957 930
2 D 148 363
4 A 549 546
1 C 802 861
3 D 422 89
0 C 337 302
2 B 500 491
4 D 988 547
1 C 114 13
3 D 901 634
2 A 968 975
1 B 34 61
0 D 100 411
4 A 790 785
3 C 55 72
1 A 835 836
0 B 184 167
4 A 633 638
3 B 123 100
2 D 473 38
1 D 73 438
4 D 291 220
2 B 805 826
0 C 677 730
3 A 491 492
1 D 793 742
2 D 557 978
4 B 226 253
0 D 331 180
3 D 292 219
2 B 700 675
1 D 836 699
4 C 949 970
4 C 949 970
3 B 161 190
0 D 210 301
2 B 22 9
4 C 333 306
1 B 770 797
0 A 716 715
3 D 395 116
2 A 385 390
1 D 451 60
4 D 416 95
0 D 340 171
2 A 534 529
3 B 218 197
1 D 708 827
4 C 956 963
3 B 313 294
1 A 359 352
0 D 816 719
4 B 790 777
2 C 26 101
0 D 98 413
1 D 719 816
3 A 879 872
4 A 371 372
2 A 78 73
4 C 600 551
0 C 174 209
1 D 497 14
3 D 854 681
2 D 109 402
0 A 617 622
3 B 565 554
2 A 86 81
1 C 876 787
0 A 17 22
4 D 981 554
1 D 925 610
3 B 457 470
4 A 58 61
0 B 296 311
1 C 243 140
2 C 183 200
3 C 974 945
4 C 28 99
0 B 245 234
3 A 30 25
2 B 882 877
4 C 31 96
0 C 1004 915
1 B 966 985
2 B 541 514
3 A 623 616
1 A 824 831
4 B 538 517
2 A 744 751
3 C 601 550
0 D 388 123
1 D 12 499
4 B 334 337
2 A 601 606
3 D 805 730
0 C 628 523
4 A 645 642
2 A 711 704
3 D 95 416
0 C 940 979
1 D 26 485
4 D 430 81
2 C 797 866
3 C 772 891
0 C 504 391
1 C 91 36
2 B 311 296
4 A 323 324
3 D 232 279
0 B 772 795
1 C 20 107
3 D 337 174
2 A 494 489
4 A 789 786
0 B 670 641
3 C 819 844
1 C 250 133
2 C 708 699
0 B 698 677
3 B 692 683
4 A 790 785
2 C 286 353
1 D 720 815
4 A 983 976
0 A 299 300
3 B 936 951
2 D 792 743
1 B 912 911
4 A 964 963
0 A 145 150
2 A 2 5
1 C 512 639
4 D 904 631
0 B 584 599
2 B 785 782
3 B 886 873
1 B 553 566
4 D 889 646
3 A 700 699
0 D 201 310
2 B 547 572
4 C 994 925
1 C 443 452
3 B 71 88
0 D 961 574
4 C 587 564
2 B 278 265
1 C 282 357
3 B 290 317
0 A 962 965
4 B 751 752
2 A 870 865
3 C 694 713
2 B 435 428
4 A 55 48
3 D 776 759
1 B 237 242
0 A 471 464
2 D 896 639
3 B 229 250
4 D 591 944
1 C 936 983
0 D 31 480
2 B 129 158
4 C 244 139
1 A 825 830
0 C 555 596
2 A 151 144
3 A 853 850
4 A 782 777
1 D 987 548
0 B 977 974
4 B 504 487
3 D 314 197
1 D 781 754
2 B 529 526
0 D 430 81
3 D 393 118
4 D 909 626
1 A 831 824
2 C 293 346
3 D 600 935
1 C 861 802
4 C 545 606
0 C 696 711
2 C 232 151
3 A 661 658
1 A 489 494
0 D 186 325
4 C 974 945
1 B 526 529
3 A 486 481
0 B 264 279
1 B 939 948
2 B 875 884
4 B 384 415
3 B 750 753
0 D 127 384
1 C 873 790
2 A 418 421
4 A 335 328
3 A 351 344
1 D 219 292
4 C 788 875
3 A 512 519
2 D 275 236
0 C 308 331
1 B 920 903
4 B 347 324
3 C 994 925
2 B 338 333
0 B 254 225
4 C 926 993
1 A 464 471
0 D 420 91
3 D 164 347
1 B 153 134
4 D 579 956
0 D 1013 522
2 D 53 458
1 A 262 257
3 B 970 981
4 B 933 954
0 A 561 566
2 A 177 182
1 A 432 439
3 A 405 402
0 A 602 605
2 D 617 918
4 D 715 820
3 C 644 763
0 D 226 285
1 D 135 376
4 B 57 38
3 A 8 15
2 D 962 573
0 B 831 800
1 C 462 433
2 A 841 846
3 A 196 195
0 B 266 277
1 B 134 153
2 A 681 686
4 B 640 671
3 C 365 274
0 D 273 238
1 A 630 625
2 B 905 918
0 A 146 149
4 A 260 259
3 B 127 96
1 D 982 553
2 D 119 392
4 A 287 280
3 A 787 788
0 C 486 409
1 A 700 699
2 B 405 394
4 C 878 785
0 C 761 646
1 C 247 136
2 D 264 247
3 D 762 773
4 B 634 613
0 B 88 71
1 C 495 400
3 A 195 196
4 B 316 291
0 B 970 981
1 C 316 323
2 C 927 992
4 D 218 293
1 A 205 202
3 C 983 936
2 D 478 33
4 A 446 441
1 D 494 17
3 D 25 486
0 B 555 564
2 A 157 154
4 C 551 600
3 B 984 967
0 C 196 187
1 D 29 482
2 B 380 355
0 A 186 189
1 A 766 761
2 C 409 486
3 C 799 864
4 A 6 1
1 A 433 438
0 B 418 445
4 B 700 675
3 A 58 61
2 D 719 816
4 D 408 103
0 D 914 621
1 B 822 809
2 A 518 513
4 B 199 216
1 B 592 591
0 D 929 606
3 C 418 477
4 A 822 817
2 C 566 585
0 C 572 579
1 B 910 913
2 A 99 100
3 B 650 661
1 B 524 531
4 B 235 244
0 B 968 983
2 A 42 45
3 A 65 70
4 B 323 348
1 A 671 664
0 D 912 623
2 C 722 685
3 D 264 247
4 C 742 665
0 B 943 944
1 D 931 604
3 B 5 26
1 A 533 530
2 C 427 468
3 D 11 500
4 A 814 809
0 C 761 646
1 C 17 110
2 A 9 14
3 C 968 951
4 D 359 152
0 C 170 213
1 D 973 562
2 D 494 17
3 C 441 454
4 B 10 21
0 D 790 745
2 A 796 795
4 A 788 787
1 B 557 562
3 C 798 865
0 C 957 962
4 D 335 176
2 A 965 962
0 C 933 986
3 A 623 616
4 A 386 389
0 A 57 62
2 A 377 382
3 C 864 799
1 C 324 315
4 D 509 2
0 D 19 492
2 B 841 854
3 D 69 442
1 D 134 377
0 D 561 974
2 B 362 373
3 D 576 959
4 B 532 523
1 C 756 651
0 A 802 805
3 A 153 158
4 A 456 463
total time of producer and consumer measured by clock(2):
producer takes 228560000 clicks 228.559998 seconds.
consumer takes 0 clicks 0.000000 seconds.
total time of producer and consumer measured by time(2):
producer takes 112.000000 seconds.
consumer takes 0.000000 seconds.

real	1m54.324s
user	3m48.550s
sys	0m0.048s
