1 C 53 74
2 D 961 574
3 B 219 196
0 B 736 767
4 D 809 726
2 C 747 660
3 C 819 844
4 A 382 377
0 B 128 159
4 C 230 153
0 D 287 224
2 A 648 655
1 D 721 814
3 C 649 758
4 B 808 823
0 A 350 345
2 D 62 449
2 D 62 449
4 A 429 426
3 B 918 905
1 B 251 228
2 D 276 235
0 B 950 937
3 C 255 128
4 D 137 374
1 D 73 438
0 B 605 578
2 D 116 395
3 A 130 133
4 C 730 677
1 C 988 931
0 B 218 197
4 C 642 765
1 B 291 316
2 C 873 790
3 D 735 800
0 C 226 157
1 D 599 936
3 A 700 699
2 C 200 183
4 A 353 358
0 D 267 244
2 B 484 507
3 C 849 814
4 B 389 410
0 D 309 202
1 D 813 722
2 C 964 955
4 B 425 438
3 C 253 130
1 C 219 164
0 D 116 395
3 B 112 111
4 C 686 721
2 B 537 518
1 C 416 479
0 B 370 365
3 B 534 521
1 A 821 818
2 D 704 831
4 A 531 532
3 B 923 900
0 D 999 536
2 A 708 707
1 D 702 833
3 C 998 921
4 C 394 501
2 D 337 174
0 B 680 695
1 D 788 747
3 A 898 901
4 B 200 215
2 D 439 72
0 C 1009 910
3 C 628 523
4 D 500 11
0 A 905 910
1 A 101 98
3 A 511 504
2 D 594 941
4 A 717 714
0 B 409 390
3 A 75 76
4 C 742 665
1 B 635 612
2 D 62 449
0 D 823 712
3 D 63 448
4 C 276 363
1 B 327 344
2 B 539 516
3 D 454 57
0 C 119 8
1 C 628 523
4 C 863 800
2 D 306 205
3 D 584 951
0 B 860 835
1 D 284 227
4 C 505 390
2 A 197 194
3 A 604 603
0 C 207 176
1 B 281 262
4 B 841 854
2 A 261 258
3 D 73 438
0 D 1001 534
1 B 121 102
3 A 126 121
2 D 986 549
4 C 385 510
1 A 448 455
0 A 65 70
2 A 426 429
3 A 920 927
1 B 554 565
4 D 545 990
0 A 999 992
2 A 580 579
3 D 85 426
1 D 45 466
4 C 600 551
2 B 696 679
3 C 435 460
1 A 560 567
0 D 927 608
4 B 693 682
2 A 614 609
3 A 371 372
0 D 126 385
1 C 597 554
4 B 161 190
2 B 800 831
3 D 571 964
0 C 925 994
4 A 595 596
2 D 507 4
0 C 466 429
1 A 617 622
3 D 244 267
4 D 324 187
0 D 503 8
2 C 376 263
3 A 902 897
1 C 765 642
4 A 20 19
0 B 873 886
1 D 110 401
2 C 159 224
3 C 112 15
4 C 772 891
0 C 49 78
2 B 349 322
3 C 205 178
1 B 825 806
4 A 56 63
0 B 926 897
2 D 460 51
3 B 62 33
1 C 932 987
4 D 467 44
0 C 309 330
2 B 664 647
1 C 976 943
3 A 139 140
4 C 252 131
2 D 603 932
0 A 116 115
1 A 513 518
3 B 1023 992
4 D 207 304
2 B 864 895
0 C 3 124
1 B 759 744
3 D 604 931
4 A 842 845
0 A 204 203
3 D 115 396
4 A 264 271
0 D 652 883
3 B 916 907
2 C 536 615
1 C 948 971
4 D 168 343
0 D 767 768
2 C 184 199
3 B 800 831
1 D 60 451
4 C 555 596
2 B 981 970
3 A 193 198
0 D 990 545
1 C 964 955
4 D 902 633
2 A 629 626
0 A 465 470
3 D 10 501
4 D 492 19
1 D 62 449
0 C 68 59
3 A 287 280
2 D 106 405
4 A 889 894
1 A 411 412
0 D 459 52
3 C 218 165
4 D 875 660
2 C 509 386
1 A 755 756
3 A 697 702
4 B 659 652
0 C 377 262
2 B 263 280
1 A 701 698
3 B 595 588
4 B 137 150
0 D 432 79
2 C 47 80
1 B 145 142
3 C 564 587
4 D 655 880
0 C 39 88
2 A 192 199
3 C 576 575
4 C 38 89
0 D 308 203
2 C 962 957
3 C 458 437
4 D 82 429
1 C 409 486
2 A 578 581
3 A 575 568
0 C 22 105
1 A 728 735
2 C 817 846
0 A 59 60
3 C 924 995
4 A 796 795
2 C 512 639
0 D 197 314
3 A 587 588
4 A 43 44
1 C 361 278
2 A 841 846
3 A 90 93
0 D 821 714
1 A 167 160
2 B 728 711
4 D 627 908
3 D 498 13
0 D 146 365
1 C 397 498
2 B 561 558
4 C 148 235
3 A 104 111
0 A 757 754
2 C 546 605
4 A 447 440
1 C 578 573
3 B 556 563
0 D 860 675
2 A 170 173
4 A 1007 1000
3 B 164 187
0 D 227 284
1 A 612 611
2 A 126 121
1 A 517 514
2 A 638 633
4 C 321 318
0 D 624 911
3 A 469 466
2 A 919 912
1 D 147 364
4 A 97 102
3 C 578 573
0 B 811 820
1 C 198 185
3 C 79 48
4 C 673 734
2 B 712 727
0 D 393 118
0 D 393 118
2 C 322 317
1 D 113 398
4 B 94 65
2 A 390 385
3 B 788 779
0 D 17 494
1 D 71 440
2 A 416 423
3 A 631 624
1 B 822 809
0 C 448 447
2 D 928 607
0 B 517 538
1 A 432 439
3 C 640 767
2 D 384 127
0 A 215 208
1 A 665 670
3 D 957 578
4 D 776 759
2 B 601 582
1 B 166 185
0 C 312 327
4 A 660 659
3 D 639 896
0 A 133 130
2 A 681 686
3 D 609 926
4 C 257 382
0 A 922 925
1 C 241 142
2 B 129 158
3 A 327 320
4 C 302 337
1 B 13 18
2 A 210 213
3 C 380 259
0 D 939 596
4 B 868 891
1 A 518 513
2 A 846 841
0 A 230 225
3 B 296 311
2 C 403 492
4 D 706 829
0 D 87 424
3 D 800 735
1 C 117 10
2 C 198 185
0 B 786 781
3 B 782 785
4 A 437 434
1 D 595 940
2 B 57 38
0 B 633 614
3 A 136 143
4 B 181 170
1 B 841 854
2 A 316 315
4 A 408 415
1 C 320 319
2 C 521 630
3 D 136 375
0 B 196 219
1 A 208 215
2 B 868 891
3 A 197 194
4 A 940 939
0 B 526 529
1 B 615 632
2 A 95 88
3 C 224 159
0 D 587 948
3 C 216 167
4 C 738 669
1 B 321 350
0 A 936 943
2 D 238 273
3 B 892 867
1 A 144 151
4 C 186 197
2 A 23 16
4 C 765 642
0 C 72 55
1 D 880 655
3 C 642 765
4 A 721 726
2 D 604 931
1 C 744 663
0 D 647 888
2 A 364 363
3 A 928 935
4 A 7 0
0 B 411 388
1 A 290 293
3 B 23 8
2 C 842 821
4 B 843 852
0 A 406 401
2 B 1019 996
3 B 781 786
1 B 403 396
0 B 84 75
2 A 767 760
3 B 198 217
4 D 154 357
0 B 296 311
1 A 817 822
2 A 210 213
3 C 290 349
4 D 246 265
1 A 157 154
0 C 719 688
2 D 842 693
3 C 416 479
0 D 829 706
1 B 201 214
4 A 896 903
2 D 338 173
3 B 957 930
0 A 483 484
1 C 240 143
4 C 1016 903
0 A 42 45
2 B 420 443
4 A 796 795
1 B 452 475
3 A 831 824
0 D 568 967
2 C 477 418
3 B 849 846
4 A 826 829
1 A 509 506
0 C 588 563
3 B 566 553
4 A 257 262
0 A 670 665
1 A 976 983
2 B 807 824
3 B 565 554
4 A 134 129
0 A 666 669
1 A 105 110
2 B 61 34
3 D 949 586
0 A 998 993
1 C 602 549
3 C 653 754
4 B 351 320
0 B 396 403
2 C 169 214
1 D 1004 531
3 D 957 578
0 D 367 144
2 D 273 238
4 C 309 330
3 A 270 265
0 C 184 199
1 A 632 639
2 B 421 442
4 B 606 577
3 A 934 929
0 D 618 917
1 D 59 452
2 D 924 611
4 D 496 15
3 A 968 975
0 C 262 377
1 A 60 59
2 D 595 940
3 D 542 993
4 B 789 778
0 A 125 122
1 B 971 980
4 D 245 266
0 C 160 223
2 D 88 423
3 B 320 351
1 A 310 305
0 A 86 81
2 C 171 212
3 C 150 233
4 B 328 343
1 B 466 461
3 A 805 802
2 D 254 257
4 B 658 653
2 B 716 723
3 A 327 320
4 B 933 954
0 B 574 545
1 A 190 185
2 A 716 715
0 C 878 785
1 B 644 667
3 C 316 323
2 B 198 217
4 D 592 943
3 B 494 497
0 C 407 488
1 B 654 657
2 D 242 269
4 B 655 656
3 B 276 267
1 A 401 406
0 B 428 435
2 D 895 640
0 C 598 553
3 B 253 226
1 C 720 687
4 D 556 979
0 D 184 327
1 B 115 108
2 C 774 889
3 C 505 390
4 D 39 472
1 C 108 19
3 A 19 20
4 B 873 886
0 B 284 259
2 A 130 133
1 B 21 10
4 C 428 467
2 D 175 336
3 B 392 407
0 B 453 474
1 B 978 973
4 B 114 109
2 B 885 874
3 D 967 568
4 A 19 20
1 A 64 71
0 D 498 13
3 A 789 786
4 D 937 598
1 B 309 298
0 D 751 784
2 C 879 784
4 A 919 912
3 D 618 917
1 B 983 968
0 C 829 834
2 B 138 149
3 D 545 990
1 C 855 808
4 C 497 398
0 D 502 9
2 B 656 655
3 D 203 308
1 C 34 93
4 A 265 270
0 B 737 766
3 C 347 292
2 D 487 24
4 C 814 849
0 D 978 557
3 C 796 867
1 D 504 7
0 A 81 86
4 C 758 649
3 C 109 18
2 B 860 835
0 B 778 789
1 C 386 509
4 D 433 78
2 B 105 118
3 D 277 234
4 B 521 534
0 C 383 256
1 C 937 982
2 A 406 401
3 A 991 984
4 C 215 168
0 C 170 213
1 B 654 657
2 B 16 15
3 A 944 951
0 D 494 17
1 C 353 286
2 C 133 250
3 D 848 687
4 B 273 270
0 A 641 646
1 D 82 429
2 C 577 574
4 D 636 899
1 C 181 202
2 A 153 158
3 C 788 875
1 D 351 160
2 D 88 423
4 C 269 370
0 D 923 612
3 A 517 514
2 B 820 811
4 D 483 28
0 D 248 263
3 D 181 330
1 B 259 284
4 C 950 969
3 C 584 567
2 C 823 840
4 B 880 879
0 A 7 0
3 B 520 535
1 A 739 740
2 D 179 332
4 B 383 352
3 D 937 598
0 D 536 999
1 D 77 434
2 A 74 77
4 D 422 89
0 C 111 16
2 A 457 462
3 D 16 495
4 D 657 878
1 C 820 843
0 C 394 501
3 B 809 822
1 C 370 269
2 D 117 394
4 A 262 257
0 C 863 800
3 B 679 696
1 B 488 503
4 C 183 200
0 C 884 779
2 B 736 767
3 C 322 317
4 A 14 9
1 B 875 884
3 B 497 494
2 B 957 930
0 D 10 501
3 B 552 567
4 C 848 815
1 B 450 477
2 C 215 168
3 B 301 306
4 C 218 165
0 D 816 719
1 D 615 920
3 C 738 669
0 C 820 843
1 C 829 834
4 D 324 187
2 A 534 529
3 C 345 294
0 C 1020 899
4 B 47 48
2 B 250 229
3 B 232 247
0 C 507 388
4 C 106 21
1 A 401 406
2 D 862 673
0 C 623 528
4 C 804 859
1 D 603 932
3 D 615 920
0 C 766 641
1 A 162 165
3 D 116 395
4 C 301 338
0 D 399 112
1 A 627 628
2 D 672 863
4 D 900 635
1 B 86 73
3 C 505 390
0 C 220 163
2 D 714 821
1 C 579 572
0 A 971 972
4 C 739 668
2 C 306 333
1 A 638 633
3 A 918 913
4 C 479 416
2 D 249 262
1 D 644 891
3 D 994 541
4 B 748 755
0 D 371 140
2 B 42 53
1 A 59 60
3 B 658 653
4 B 852 843
0 A 456 463
2 D 439 72
1 B 571 548
3 C 210 173
4 A 506 509
0 D 700 835
2 D 662 873
1 D 672 863
3 B 179 172
4 C 583 568
0 B 146 141
2 D 102 409
3 D 895 640
4 A 984 991
1 B 733 706
0 D 859 676
2 B 737 766
4 D 704 831
0 B 71 88
3 D 23 488
1 A 689 694
2 D 297 214
0 B 643 668
4 C 246 137
3 A 912 919
2 A 291 292
4 C 41 86
1 A 847 840
0 D 924 611
3 D 1010 525
4 A 884 883
0 A 62 57
1 B 157 130
2 C 797 866
3 C 274 365
0 B 795 772
1 B 583 600
2 B 277 266
4 D 774 761
3 D 821 714
0 B 801 830
2 A 427 428
1 D 758 777
4 A 304 311
0 B 663 648
3 C 846 817
2 A 640 647
3 A 351 344
0 B 84 75
2 A 694 689
1 D 640 895
3 D 144 367
4 C 740 667
1 A 460 459
0 D 159 352
2 B 161 190
4 B 476 451
3 C 852 811
1 A 562 565
0 D 240 271
3 C 290 349
4 A 779 780
1 C 775 888
0 D 278 233
2 B 877 882
3 B 319 288
4 D 94 417
1 B 982 969
0 C 469 426
2 A 266 269
3 A 292 291
4 C 148 235
1 C 849 814
0 C 396 499
3 C 206 177
4 C 637 514
0 D 405 106
1 A 924 923
2 B 641 670
4 C 400 495
3 D 764 771
0 D 366 145
4 C 658 749
2 C 759 648
3 C 191 192
0 C 200 183
4 C 457 438
1 D 781 754
2 C 315 324
3 D 747 788
0 A 919 912
1 C 955 964
3 D 788 747
0 D 186 325
2 B 61 34
4 D 698 837
1 A 333 330
0 B 792 775
2 C 194 189
3 C 585 566
4 D 762 773
0 A 55 48
2 A 874 877
3 D 179 332
4 A 655 648
1 B 108 115
0 D 89 422
3 C 969 950
4 D 124 387
1 C 448 447
2 C 464 431
3 D 213 298
4 B 1019 996
0 A 491 492
2 B 384 415
1 D 776 759
3 D 78 433
4 A 502 497
0 A 183 176
1 A 721 726
3 D 146 365
4 C 977 942
0 D 797 738
1 A 623 616
3 A 401 406
4 C 83 44
0 C 463 432
2 B 552 567
4 C 421 474
0 A 728 735
1 A 48 55
2 B 283 260
3 D 681 854
4 D 182 329
0 C 675 732
1 C 471 424
3 B 258 285
2 B 105 118
4 B 297 310
3 D 167 344
1 A 574 569
0 C 171 212
2 B 117 106
4 B 235 244
0 B 337 334
2 B 166 185
3 B 487 504
4 D 281 230
1 D 12 499
2 A 58 61
0 D 755 780
3 A 66 69
4 C 243 140
1 D 691 844
2 C 726 681
3 C 862 801
4 C 254 129
1 A 827 828
2 D 948 587
3 D 284 227
4 D 495 16
0 C 373 266
1 D 572 963
2 D 123 388
3 B 787 780
4 D 206 305
0 A 929 934
1 C 680 727
4 A 741 738
2 D 660 875
0 D 808 727
1 A 864 871
2 C 851 812
4 B 637 610
0 C 30 97
3 B 597 586
2 A 362 365
1 D 641 894
0 A 477 474
4 D 381 130
1 D 772 763
3 A 355 356
4 A 471 464
2 C 155 228
0 A 55 48
1 D 982 553
3 A 658 661
4 A 170 173
2 D 318 193
1 A 440 447
4 C 661 746
0 B 21 10
1 B 186 165
2 D 553 982
3 D 614 921
1 B 240 239
4 D 462 49
0 C 523 628
2 C 829 834
3 B 613 634
1 D 491 20
4 A 440 447
0 B 508 483
2 B 515 540
3 C 923 996
1 A 806 801
2 C 964 955
4 B 989 962
3 D 487 24
0 C 680 727
1 D 865 670
2 D 287 224
3 D 185 326
4 B 729 710
0 D 437 74
1 A 929 934
2 B 29 2
4 B 515 540
3 D 922 613
0 C 934 985
3 B 622 625
2 C 929 990
4 A 264 271
0 B 262 281
1 A 176 183
4 A 818 821
3 D 935 600
0 A 970 973
1 A 598 593
2 A 246 241
4 A 665 670
0 A 760 767
1 A 161 166
3 D 215 296
0 A 998 993
1 D 474 37
2 B 446 417
3 A 958 953
1 D 510 1
4 B 911 912
0 B 903 920
3 A 748 747
1 A 363 364
2 C 86 41
0 A 637 634
4 D 625 910
3 B 909 914
1 D 140 371
0 A 40 47
4 C 520 631
3 B 904 919
1 B 362 373
4 A 601 606
2 C 381 258
0 B 109 114
1 C 816 847
3 B 417 446
4 C 679 728
2 D 1011 524
0 B 142 145
1 A 550 545
4 B 986 965
3 C 197 186
3 C 197 186
4 B 688 687
0 C 495 400
2 B 83 76
1 A 188 187
4 B 370 365
2 A 659 660
3 D 20 491
0 C 480 415
1 B 228 251
2 A 721 726
3 C 104 23
4 C 478 417
0 A 265 270
1 A 565 562
2 D 51 460
3 A 813 810
4 B 928 959
0 D 1000 535
3 A 785 790
2 C 625 526
0 D 323 188
1 A 29 26
4 A 318 313
2 A 635 636
3 A 151 144
0 B 854 841
4 C 683 724
1 C 364 275
2 A 571 572
3 B 349 322
4 C 47 80
0 A 61 58
1 B 247 232
2 D 455 56
4 B 503 488
3 B 193 222
0 B 909 914
2 C 503 392
4 D 127 384
1 C 126 1
3 A 714 717
4 C 798 865
0 D 400 111
1 B 61 34
3 A 518 513
2 D 352 159
4 A 509 506
0 B 248 231
1 D 655 880
3 A 45 42
2 A 923 924
4 D 736 799
1 C 100 27
3 D 956 579
2 A 894 889
0 D 84 427
4 C 890 773
0 D 602 933
1 C 15 112
2 C 366 273
3 A 957 954
4 A 6 1
0 D 461 50
1 C 791 872
2 C 666 741
0 C 354 285
3 C 710 697
2 D 855 680
4 C 807 856
0 C 149 234
3 A 591 584
1 D 318 193
1 D 318 193
4 C 740 667
0 D 851 684
1 A 450 453
2 D 932 603
3 D 213 298
0 A 535 528
1 C 859 804
2 B 665 646
3 C 73 54
4 D 28 483
1 C 26 101
2 A 783 776
4 A 398 393
3 C 484 411
0 A 212 211
1 C 218 165
2 B 933 954
3 B 112 111
4 C 1015 904
0 D 440 71
1 D 1020 515
2 D 241 270
3 C 881 782
4 C 668 739
1 B 465 462
0 C 562 589
2 A 873 878
3 B 641 670
4 B 605 578
0 A 883 884
2 C 279 360
1 D 609 926
3 C 276 363
4 D 142 369
0 A 613 610
1 B 328 343
2 A 992 999
3 B 695 680
1 A 747 748
2 C 28 99
4 D 559 976
0 B 403 396
3 C 378 261
1 A 685 682
2 C 843 820
0 C 275 364
4 A 366 361
2 D 997 538
3 A 646 641
0 C 728 679
4 B 89 70
2 C 844 819
1 C 625 526
3 B 316 291
4 C 634 517
0 C 527 624
2 D 387 124
1 D 773 762
4 C 836 827
0 A 238 233
2 B 727 712
3 B 987 964
1 D 370 141
0 D 362 149
2 D 124 387
1 B 252 227
4 C 843 820
3 C 1009 910
1 D 482 29
3 B 3 28
4 B 606 577
0 D 505 6
1 B 735 704
3 A 283 284
4 C 276 363
0 B 968 983
2 A 573 570
1 C 293 346
3 B 264 279
4 D 207 304
0 C 338 301
2 D 9 502
1 A 678 673
3 A 825 830
4 D 573 962
0 C 663 744
2 B 451 476
1 A 244 243
3 C 423 472
4 D 805 730
0 B 478 449
2 D 262 249
0 D 88 423
1 A 928 935
3 A 391 384
4 B 479 448
2 C 199 184
0 B 898 925
1 A 75 76
4 D 660 875
2 C 209 174
3 A 996 995
0 A 448 455
1 A 462 457
2 D 657 878
3 B 933 954
4 D 395 116
0 C 246 137
1 D 787 748
2 C 697 710
3 C 998 921
0 A 916 915
4 D 627 908
1 B 293 314
0 B 598 585
3 A 573 570
4 C 33 94
1 D 52 459
0 D 392 119
2 A 345 350
3 A 527 520
4 A 708 707
1 C 99 28
4 A 308 307
3 C 842 821
1 A 846 841
0 D 599 936
2 B 755 748
3 C 744 663
0 B 372 363
2 A 580 579
1 B 97 126
0 B 215 200
4 C 639 512
2 A 301 298
1 D 995 540
4 A 751 744
0 C 727 680
3 B 67 92
4 D 953 582
1 D 592 943
2 A 528 535
3 C 181 202
4 C 852 811
0 B 693 682
2 B 6 25
1 C 995 924
3 B 954 933
4 B 94 65
0 B 348 323
1 B 175 176
2 D 880 655
3 B 148 139
0 B 246 233
3 A 217 222
2 D 27 484
4 B 519 536
1 A 17 22
0 A 478 473
2 C 729 678
3 B 158 129
1 B 103 120
4 C 712 695
0 C 999 920
2 C 947 972
3 C 306 333
1 B 268 275
4 C 764 643
3 B 949 938
2 D 299 212
1 A 856 863
4 A 879 872
0 C 330 309
2 D 99 412
1 D 366 145
2 A 146 149
3 A 630 625
4 A 327 320
0 A 718 713
1 C 694 713
3 B 892 867
0 C 473 422
1 A 623 616
2 A 366 361
3 C 230 153
4 A 659 660
0 B 456 471
1 D 878 657
4 B 172 179
0 C 197 186
2 D 510 1
3 C 766 641
1 B 438 425
0 C 503 392
3 B 383 352
2 C 117 10
4 D 888 647
0 B 436 427
2 B 577 606
1 C 156 227
3 A 862 857
3 A 106 109
2 C 447 448
4 D 338 173
0 C 515 636
1 C 683 724
4 A 746 749
3 D 12 499
0 A 522 525
2 B 865 894
1 A 31 24
3 C 551 600
4 D 209 302
2 C 713 694
1 C 1002 917
4 D 357 154
3 B 974 977
2 D 221 290
4 C 981 938
0 C 406 489
1 C 53 74
2 C 445 450
4 B 395 404
1 C 187 196
2 C 776 887
3 A 436 435
0 A 872 879
4 A 884 883
1 B 86 73
2 C 589 562
3 B 828 803
0 C 450 445
4 C 323 316
1 A 213 210
2 D 358 153
3 D 792 743
0 A 539 540
4 B 714 725
1 B 126 97
3 B 748 755
2 D 152 359
0 C 762 645
4 C 871 792
1 C 611 540
2 C 694 713
3 C 439 456
0 A 56 63
4 D 564 971
1 A 108 107
2 C 366 273
3 C 869 794
0 C 164 219
1 A 825 830
4 C 76 51
2 D 983 552
3 C 23 104
4 B 678 697
0 B 48 47
2 B 521 534
3 C 827 836
1 C 715 692
3 C 757 650
4 D 450 61
0 D 748 787
2 B 966 985
1 D 47 464
3 C 950 969
2 A 128 135
4 D 437 74
0 D 777 758
1 B 655 656
3 C 308 331
4 B 985 966
2 C 811 852
1 A 37 34
0 D 416 95
3 B 519 536
4 B 922 901
2 B 814 817
1 D 623 912
3 C 582 569
0 C 288 351
4 D 781 754
1 D 980 555
0 D 32 479
2 D 163 348
3 B 212 203
4 D 893 642
1 A 198 193
0 D 266 245
2 B 721 718
3 B 619 628
4 B 344 327
1 B 476 451
0 A 744 751
3 B 451 476
4 C 409 486
1 A 692 691
2 C 237 146
0 D 23 488
4 B 149 138
1 D 405 106
2 B 965 986
3 B 545 574
4 C 504 391
3 A 89 94
0 D 127 384
1 C 1012 907
4 A 130 133
2 D 840 695
1 B 349 322
2 C 419 476
4 C 188 195
0 C 71 56
1 D 644 891
2 A 674 677
3 B 378 357
4 D 563 972
1 B 752 751
2 D 785 750
3 D 574 961
0 D 393 118
4 A 976 983
3 B 935 952
2 C 61 66
0 A 543 536
1 B 731 708
4 B 936 951
3 A 459 460
1 A 886 881
0 D 442 69
4 B 719 720
2 D 704 831
1 D 69 442
2 B 138 149
4 A 996 995
3 D 77 434
2 A 465 470
0 A 535 528
4 B 937 950
2 C 925 994
3 D 1021 514
4 A 740 739
1 A 488 495
0 B 729 710
2 A 101 98
3 A 48 55
4 A 121 126
0 D 348 163
1 C 5 122
2 B 631 616
0 A 213 210
4 B 214 201
1 A 259 260
3 A 488 495
0 A 145 150
4 B 680 695
1 C 25 102
2 C 657 750
3 C 568 583
0 B 459 468
1 B 268 275
2 C 78 49
4 B 456 471
0 C 132 251
3 D 547 988
2 A 966 961
3 D 997 538
4 D 629 906
1 B 296 311
2 C 521 630
0 A 40 47
3 A 95 88
4 D 393 118
0 B 485 506
1 B 865 894
3 D 14 497
2 A 926 921
4 C 638 513
0 B 436 427
3 B 770 797
2 C 861 802
4 B 0 31
3 A 337 342
0 B 773 794
1 A 175 168
2 C 627 524
4 C 357 282
3 A 621 618
0 B 981 970
1 B 218 197
2 C 729 678
4 C 265 374
2 A 394 397
3 A 226 229
0 C 17 110
4 C 832 831
2 A 761 766
1 D 345 166
3 C 593 558
4 B 450 477
0 D 49 462
1 D 729 806
3 D 442 69
0 C 995 924
1 A 904 911
2 B 42 53
3 C 585 566
4 C 218 165
0 B 303 304
1 D 397 114
3 C 214 169
4 D 59 452
0 C 259 380
1 D 612 923
2 C 466 429
3 A 227 228
0 B 832 863
1 A 826 829
2 A 658 661
4 C 749 658
0 A 944 951
1 C 921 998
2 D 832 703
4 C 563 588
1 B 817 814
3 B 197 218
4 C 919 1000
0 D 194 317
2 D 883 652
1 D 768 767
3 C 318 321
0 D 273 238
4 A 426 429
2 C 797 866
1 B 617 630
0 C 367 272
3 A 518 513
4 B 121 102
1 B 679 696
2 A 923 924
0 B 659 652
4 B 632 615
1 B 378 357
2 B 238 241
3 B 184 167
4 A 287 280
1 B 482 509
0 D 553 982
2 A 882 885
3 C 787 876
1 A 561 566
0 C 20 107
3 D 805 730
4 C 1011 908
2 D 407 104
3 B 345 326
4 C 676 731
2 A 452 451
0 C 563 588
4 C 703 704
2 D 609 926
1 A 505 510
3 A 119 112
0 C 480 415
2 C 262 377
4 B 563 556
1 D 699 836
3 B 623 624
0 B 20 11
2 C 947 972
4 A 759 752
0 A 325 322
1 C 455 440
2 B 182 169
3 D 510 1
0 C 154 229
1 B 162 189
4 B 646 665
3 C 542 609
0 A 882 885
4 A 834 837
1 D 430 81
2 C 371 268
3 B 19 12
4 C 199 184
0 D 912 623
1 B 648 663
2 B 545 574
3 C 473 422
4 A 969 974
0 C 268 371
1 C 283 356
3 D 433 78
4 C 818 845
0 C 578 573
1 A 956 955
2 B 672 703
4 D 543 992
3 C 10 117
2 B 705 734
4 B 566 553
1 A 103 96
2 B 908 915
0 D 755 780
3 B 832 863
4 C 878 785
0 D 752 783
3 C 236 147
1 B 362 373
2 B 660 651
4 B 814 817
0 C 449 446
3 C 80 47
1 B 696 679
2 C 267 372
0 D 635 900
3 A 426 429
4 B 631 616
2 B 726 713
0 C 981 938
1 A 322 325
3 B 332 339
4 A 610 613
2 D 934 601
1 D 256 255
3 C 641 766
4 A 869 866
0 A 67 68
2 D 898 637
1 A 266 269
3 A 309 306
4 B 871 888
2 C 825 838
0 B 745 758
1 D 4 507
3 D 925 610
4 B 462 465
0 A 393 398
1 D 717 818
2 D 70 441
3 A 436 435
1 C 962 957
2 D 707 828
3 D 487 24
4 C 360 279
0 A 169 174
2 D 146 365
3 D 761 774
4 D 757 778
0 A 639 632
1 D 205 306
3 C 622 529
4 C 931 988
2 C 16 111
3 C 970 949
4 C 800 863
1 D 39 472
0 D 877 658
3 A 501 498
1 D 658 877
2 A 623 616
0 B 829 802
3 A 989 986
4 A 71 64
1 D 716 819
2 D 409 102
3 D 343 168
4 D 632 903
0 B 866 893
1 D 789 746
2 B 805 826
4 B 748 755
3 C 797 866
0 B 578 605
1 D 862 673
2 A 914 917
3 C 534 617
4 D 873 662
1 A 56 63
0 A 77 74
4 A 284 283
1 C 68 59
2 B 288 319
3 C 330 309
0 B 279 264
4 D 628 907
3 B 137 150
0 A 424 431
2 B 107 116
4 C 431 464
1 B 412 387
3 A 141 138
0 B 56 39
2 B 855 840
4 C 249 134
1 C 54 73
3 A 225 230
2 B 741 762
4 C 550 601
1 C 1000 919
2 B 832 863
0 B 203 212
4 D 378 133
1 A 590 585
2 A 50 53
4 C 698 709
0 A 488 495
1 B 233 246
3 B 979 972
3 B 344 327
0 A 460 459
4 A 648 655
1 A 123 124
3 B 188 163
2 C 144 239
4 D 674 861
0 A 441 446
1 C 46 81
3 D 184 327
2 D 212 299
0 C 935 984
1 B 585 598
4 D 229 282
2 A 937 942
3 C 322 317
1 C 70 57
4 D 995 540
2 B 635 612
3 A 986 989
0 B 324 347
1 D 21 490
4 B 28 3
2 D 775 760
3 A 383 376
0 D 837 698
4 B 144 143
2 B 936 951
1 D 315 196
3 D 860 675
1 B 83 76
2 C 227 156
3 B 75 84
4 B 163 188
4 B 163 188
3 A 105 110
0 A 706 709
1 A 754 757
2 A 572 571
4 B 644 667
3 D 910 625
1 B 412 387
0 C 281 358
3 B 417 446
4 D 826 709
1 D 496 15
2 B 188 163
3 A 536 543
4 B 185 166
0 D 739 796
1 B 113 110
2 B 702 673
4 A 41 46
0 D 4 507
2 A 846 841
3 B 223 192
1 B 244 235
0 C 385 510
3 B 722 717
2 D 508 3
1 A 987 988
4 D 382 129
2 D 266 245
3 D 353 158
0 D 950 585
1 B 64 95
2 D 869 666
4 D 400 111
3 A 796 795
0 D 841 694
2 D 118 393
4 D 153 358
1 A 215 208
3 C 1001 918
0 A 191 184
2 C 798 865
4 D 917 618
3 B 978 973
1 D 945 590
0 B 605 578
4 D 63 448
2 B 901 922
1 D 768 767
3 C 461 434
4 B 837 858
0 C 807 856
1 C 664 743
2 A 799 792
3 A 159 152
4 C 784 879
0 D 362 149
1 A 748 747
2 C 477 418
3 A 133 130
1 A 127 120
0 C 852 811
2 C 155 228
3 C 833 830
4 D 939 596
0 A 292 291
1 A 250 253
2 C 496 399
3 D 113 398
0 B 383 352
4 A 309 306
1 C 702 705
2 C 956 963
0 A 481 486
3 B 821 810
4 A 110 105
1 B 510 481
2 B 588 595
0 A 94 89
4 C 748 659
1 A 713 718
3 B 387 412
0 C 376 263
2 B 359 376
4 C 557 594
1 A 779 780
3 C 19 108
0 C 229 154
2 C 923 996
4 A 315 316
3 A 229 226
1 D 251 260
4 A 597 594
0 C 41 86
2 C 502 393
3 A 848 855
1 C 833 830
0 D 163 348
2 B 928 959
3 C 191 192
4 A 256 263
1 C 946 973
0 A 907 908
3 A 171 172
2 D 1 510
1 C 843 820
0 B 164 187
4 D 476 35
2 C 772 891
3 B 204 211
1 A 876 875
4 A 182 177
0 D 590 945
2 A 291 292
3 C 475 420
1 B 433 430
4 C 410 485
0 C 706 701
2 D 155 356
3 C 750 657
1 B 8 23
4 D 61 450
2 D 944 591
3 A 450 453
0 C 605 546
1 C 767 640
2 B 609 638
3 B 926 897
1 B 186 165
4 A 901 898
3 B 833 862
2 C 880 783
0 D 270 241
1 C 176 207
4 B 840 855
3 C 282 357
2 D 315 196
0 C 480 415
1 A 223 216
4 C 180 203
3 B 856 839
2 D 509 2
0 B 213 202
1 A 90 93
4 C 472 423
3 B 163 188
4 A 907 908
1 D 139 372
3 B 586 597
0 D 446 65
4 B 84 75
1 C 780 883
2 C 886 777
3 D 417 94
4 C 442 453
0 C 733 674
1 C 742 665
2 A 314 317
3 A 442 445
2 D 191 320
0 D 797 738
1 D 404 107
3 A 555 556
2 A 604 603
4 A 724 723
1 D 987 548
3 B 67 92
0 A 281 286
2 B 733 706
4 A 791 784
3 C 309 330
0 C 893 770
2 B 890 869
4 C 982 937
1 C 848 815
0 C 925 994
2 A 889 894
3 C 1006 913
4 A 775 768
1 B 896 927
0 D 950 585
3 A 886 881
2 D 405 106
4 C 727 680
1 B 899 924
0 D 20 491
2 D 240 271
3 D 860 675
4 A 848 855
1 C 978 941
0 B 761 742
2 B 804 827
4 B 849 846
3 D 1008 527
1 D 39 472
0 D 364 147
3 C 83 44
4 B 607 576
2 A 188 187
3 C 418 477
4 C 266 373
1 B 227 252
2 B 82 77
4 C 1012 907
1 B 77 82
0 D 65 446
2 D 839 696
3 B 269 274
4 C 858 805
1 C 665 742
2 C 573 578
3 A 305 310
0 D 426 85
2 A 262 257
4 A 75 76
0 A 754 757
1 A 75 76
3 A 530 533
2 D 976 559
4 B 362 373
0 D 542 993
1 A 769 774
3 C 666 741
2 B 229 250
4 D 4 507
0 C 60 67
1 A 931 932
2 B 904 919
3 C 490 405
4 D 567 968
1 C 355 284
0 C 636 515
2 D 795 740
3 A 890 893
4 A 328 335
0 C 764 643
2 A 316 315
3 A 351 344
1 D 85 426
0 B 209 206
4 D 726 809
2 C 316 323
1 A 790 785
3 D 336 175
0 A 240 247
2 D 14 497
4 B 790 777
1 A 233 238
3 B 337 334
0 A 341 338
1 A 428 427
2 B 30 1
3 C 74 53
4 C 710 697
1 D 125 386
2 D 969 566
3 B 188 163
4 D 339 172
0 C 245 138
4 A 209 214
3 C 269 370
1 D 152 359
2 D 656 879
4 B 250 229
0 A 354 357
1 B 222 193
2 A 778 781
3 A 878 873
0 D 643 892
2 B 317 290
3 C 41 86
4 C 277 362
1 B 886 873
2 B 67 92
3 C 20 107
0 A 726 721
4 B 223 192
2 B 165 186
3 C 972 947
0 C 634 517
4 B 255 224
1 C 693 714
2 C 858 805
3 C 673 734
4 C 755 652
2 B 20 11
0 D 473 38
4 A 429 426
1 C 549 602
2 C 246 137
3 C 787 876
0 D 794 741
2 C 569 582
4 B 897 926
1 B 952 935
3 D 441 70
0 C 685 722
2 B 858 837
1 D 918 617
4 A 104 111
2 B 452 475
3 D 688 847
0 A 942 937
4 C 9 118
2 A 460 459
1 C 1020 899
0 A 385 390
3 B 166 185
4 B 372 363
1 C 132 251
2 A 604 603
0 B 638 609
3 C 822 841
1 C 761 646
2 D 166 345
0 D 546 989
4 B 48 47
1 C 955 964
2 B 210 205
0 D 93 418
3 C 988 931
2 B 903 920
4 D 145 366
0 A 895 888
1 A 480 487
3 D 637 898
4 A 581 578
2 D 595 940
0 C 60 67
1 D 871 664
1 A 191 184
2 D 255 256
3 C 652 755
4 A 506 509
0 A 536 543
1 A 403 404
2 B 455 472
3 D 595 940
0 D 918 617
4 A 196 195
1 C 103 24
2 C 230 153
0 D 466 45
4 A 457 462
3 C 560 591
1 C 781 882
2 A 960 967
0 C 856 807
3 C 564 587
4 C 486 409
1 C 14 113
2 C 362 277
0 C 210 173
3 B 191 160
4 C 891 772
1 B 818 813
0 D 689 846
2 C 331 308
4 B 523 532
0 B 56 39
3 D 185 326
1 A 74 77
2 B 117 106
3 C 978 941
4 D 889 646
0 A 948 947
2 A 5 2
1 B 166 185
3 C 454 441
4 B 649 662
0 A 490 493
2 B 573 546
1 D 930 605
3 C 718 689
4 C 751 656
0 C 976 943
2 B 200 215
3 C 3 124
0 D 967 568
1 D 815 720
4 B 943 944
2 A 204 203
3 B 898 925
1 A 816 823
0 B 757 746
2 B 691 684
3 B 101 122
1 B 48 47
4 D 22 489
2 B 648 663
1 A 389 386
0 D 381 130
4 B 985 966
3 D 75 436
1 C 354 285
0 D 77 434
4 C 1016 903
0 B 178 173
2 A 202 205
1 D 1004 531
4 A 431 424
3 B 91 68
1 A 751 744
0 D 671 864
2 B 357 378
4 D 100 411
2 B 412 387
3 A 661 658
0 D 782 753
1 B 76 83
4 A 129 134
2 C 142 241
0 A 864 871
3 D 5 506
4 D 641 894
2 B 869 890
3 B 375 360
2 D 30 481
4 B 461 466
1 B 652 659
0 B 320 351
2 D 432 79
3 C 430 465
0 D 499 12
1 D 577 958
4 C 268 371
2 A 382 377
3 A 408 415
1 B 987 964
4 D 247 264
2 B 308 299
3 D 570 965
1 D 673 862
4 B 738 765
0 C 551 600
3 D 640 895
1 A 521 526
2 C 243 140
4 D 110 401
0 D 344 167
3 C 949 970
4 D 422 89
0 C 1011 908
2 D 17 494
1 C 114 13
3 B 794 773
0 C 883 780
2 A 205 202
4 A 93 90
1 D 332 179
3 D 651 884
0 C 922 997
2 C 824 839
1 C 884 779
3 D 3 508
4 B 806 825
0 B 955 932
2 A 544 551
1 A 349 346
0 D 1006 529
3 C 254 129
4 C 186 197
2 A 267 268
0 A 120 127
1 D 496 15
3 C 822 841
4 D 17 494
0 B 66 93
1 C 309 330
2 C 861 802
3 A 279 272
4 B 628 619
0 A 796 795
2 A 102 97
1 D 266 245
3 D 224 287
4 D 496 15
0 D 394 117
1 A 700 699
3 A 461 458
2 B 418 445
4 C 320 319
1 D 387 124
3 C 707 700
0 D 590 945
2 C 351 288
1 C 495 400
3 D 988 547
4 D 421 90
0 A 261 258
2 C 10 117
1 D 875 660
3 B 336 335
4 C 853 810
0 A 131 132
2 C 936 983
3 D 307 204
4 D 666 869
0 D 307 204
1 C 961 958
2 C 787 876
3 D 114 397
0 D 103 408
2 D 628 907
4 A 107 108
1 A 184 191
3 C 857 806
2 D 434 77
0 B 131 156
4 C 650 757
1 A 312 319
3 B 765 738
2 B 668 643
0 B 18 13
1 C 281 358
2 D 492 19
3 C 975 944
0 A 420 419
4 A 820 819
1 B 547 572
2 A 394 397
3 A 655 648
0 C 42 85
4 B 693 682
2 B 938 949
3 B 291 316
1 A 983 976
4 C 350 289
2 D 95 416
0 A 63 56
1 A 362 365
4 A 506 509
3 C 84 43
2 C 650 757
0 A 179 180
1 C 433 462
3 D 561 974
4 B 62 33
0 B 144 143
2 B 590 593
1 A 965 962
3 D 150 361
0 C 734 673
4 B 405 394
2 C 775 888
1 C 205 178
0 B 753 750
2 A 754 757
3 C 209 174
1 D 927 608
4 D 393 118
0 D 565 970
1 C 405 490
3 A 644 643
0 B 904 919
4 C 782 881
1 A 54 49
2 D 851 684
3 C 893 770
0 A 300 299
1 B 971 980
2 A 630 625
0 C 864 799
4 A 243 244
1 B 479 448
3 D 32 479
0 B 57 38
4 B 671 640
1 D 419 92
2 C 925 994
3 C 323 316
0 A 286 281
4 D 342 169
1 C 993 926
3 D 668 867
0 C 706 701
4 D 134 377
2 B 168 183
1 B 245 234
4 B 195 220
0 C 697 710
3 A 243 244
2 C 862 801
1 A 423 416
0 C 812 851
2 D 190 321
3 A 817 822
4 A 51 52
0 A 481 486
1 A 640 647
2 C 886 777
3 A 923 924
4 C 232 151
0 A 303 296
1 A 275 276
2 C 57 70
3 D 864 671
0 B 516 539
1 A 675 676
2 A 255 248
3 B 928 959
4 C 482 413
1 B 513 542
0 C 27 100
3 D 51 460
4 C 100 27
1 C 652 755
2 D 164 347
0 C 157 226
4 A 98 101
3 C 14 113
2 C 714 693
0 A 594 597
3 B 684 691
4 A 413 410
1 D 467 44
2 B 851 844
0 D 629 906
3 A 812 811
4 D 35 476
1 D 809 726
4 D 143 368
2 B 942 945
1 B 484 507
3 D 75 436
0 C 427 468
4 D 231 280
2 C 458 437
0 A 764 763
1 C 884 779
3 D 660 875
2 C 99 28
1 C 372 267
4 D 772 763
0 A 726 721
2 D 772 763
3 C 738 669
1 D 273 238
0 C 600 551
3 D 921 614
2 A 32 39
4 B 962 989
0 B 127 96
1 C 626 525
3 B 480 511
4 B 869 890
1 C 705 702
3 B 248 231
0 C 55 72
4 C 775 888
1 A 596 595
3 A 348 347
0 C 296 343
2 D 930 605
1 B 314 293
3 C 488 407
0 C 127 0
2 A 845 842
4 B 1018 997
1 A 220 219
3 D 380 131
0 C 600 551
1 A 280 287
2 B 635 612
3 B 548 571
4 C 508 387
0 D 216 295
1 A 492 491
2 D 717 818
4 A 60 59
0 C 381 258
1 B 336 335
3 B 177 174
2 C 142 241
4 A 942 937
1 B 535 520
3 A 733 730
0 B 382 353
2 B 37 58
1 D 802 733
4 C 562 589
0 D 82 429
2 D 209 302
1 B 1019 996
3 D 452 59
2 C 347 292
4 C 780 883
0 D 323 188
1 D 834 701
3 D 668 867
2 B 396 403
4 A 641 646
0 B 448 479
1 D 353 158
2 C 666 741
3 A 185 190
4 A 532 531
0 D 546 989
1 B 304 303
3 C 124 3
4 C 121 6
0 A 767 760
2 C 492 403
1 C 523 628
3 A 347 348
4 B 135 152
0 D 915 620
2 C 963 956
1 B 812 819
4 A 581 578
0 A 821 818
3 A 382 377
2 A 945 950
0 A 22 17
1 A 427 428
3 A 832 839
4 B 617 630
2 A 257 262
0 C 676 731
3 D 957 578
1 D 926 609
4 A 514 517
2 D 115 396
0 B 613 634
3 D 735 800
1 A 974 969
2 A 964 963
0 B 123 100
4 D 106 405
3 A 65 70
1 B 548 571
4 B 361 374
0 A 713 718
2 B 421 442
1 C 325 314
3 B 530 525
4 A 278 273
2 A 506 509
0 A 573 570
1 B 261 282
3 A 520 527
4 A 790 785
0 B 61 34
1 C 77 50
3 D 502 9
4 C 703 704
2 D 265 246
0 D 294 217
1 D 641 894
4 B 467 460
3 D 810 725
2 A 278 273
0 D 560 975
3 A 522 525
1 A 110 105
2 C 513 638
4 C 789 874
0 C 466 429
1 A 651 652
3 D 688 847
2 A 456 463
3 D 645 890
4 C 301 338
0 C 801 862
1 C 711 696
2 D 142 369
3 C 950 969
4 D 417 94
0 C 252 131
1 B 1 30
2 A 898 901
3 B 414 385
4 B 892 867
0 C 635 516
1 C 156 227
4 D 92 419
1 B 579 604
2 D 589 946
3 C 401 494
0 B 53 42
4 A 644 643
3 C 204 179
2 D 451 60
1 B 904 919
4 A 600 607
0 B 198 217
2 A 592 599
3 C 660 747
4 B 986 965
0 C 605 546
3 B 781 786
2 D 189 322
1 C 51 76
4 D 656 879
0 D 876 659
2 D 762 773
3 D 157 354
1 B 440 423
4 A 396 395
0 B 830 801
3 A 802 805
2 C 387 508
4 D 727 808
3 B 342 329
2 D 233 278
4 D 222 289
0 C 991 928
1 B 991 960
3 A 128 135
2 D 52 459
4 D 0 511
0 B 795 772
1 B 701 674
3 C 870 793
2 C 83 44
0 B 818 813
4 D 212 299
3 A 37 34
1 B 70 89
0 C 592 559
3 A 174 169
2 D 124 387
4 B 895 864
1 C 490 405
0 A 559 552
2 C 199 184
4 D 4 507
3 C 959 960
0 D 317 194
1 C 494 401
4 B 132 155
2 C 544 607
2 C 544 607
3 C 782 881
4 B 541 514
1 A 603 604
2 A 183 176
0 D 807 728
3 B 480 511
4 B 333 338
1 D 493 18
2 D 698 837
0 D 699 836
4 B 783 784
2 B 1016 999
3 C 927 992
0 D 602 933
1 A 577 582
0 A 80 87
4 B 195 220
1 B 844 851
3 C 925 994
0 A 546 549
2 A 478 473
1 C 939 980
3 B 757 746
2 B 637 610
4 B 552 567
0 D 347 164
1 C 838 825
3 D 274 237
2 B 858 837
1 D 847 688
3 B 142 145
4 B 946 941
1 D 8 503
2 A 928 935
3 C 716 691
0 A 671 664
4 C 203 180
1 C 800 863
2 C 15 112
0 C 634 517
2 C 742 665
3 D 229 282
4 B 176 175
0 B 475 452
1 D 759 776
2 B 297 310
3 D 761 774
0 B 136 151
4 D 989 546
3 B 747 756
1 C 29 98
4 C 860 803
2 D 954 581
0 D 684 851
2 A 921 926
1 C 823 840
3 B 58 37
4 D 941 594
0 C 283 356
1 C 945 974
2 C 1001 918
4 D 635 900
3 D 271 240
0 D 546 989
1 D 381 130
2 A 338 341
4 B 977 974
3 B 745 758
0 B 936 951
1 A 273 278
2 A 636 635
3 D 947 588
4 A 828 827
0 C 594 557
1 A 913 918
2 C 535 616
3 B 111 112
4 A 755 756
0 B 791 776
1 B 2 29
2 D 852 683
3 D 657 878
0 A 262 257
2 A 448 455
3 A 587 588
4 B 458 469
1 A 197 194
2 B 1017 998
4 D 706 829
0 D 250 261
1 D 425 86
3 A 306 309
0 C 538 613
1 D 599 936
3 C 545 606
4 C 309 330
0 B 1022 993
1 D 629 906
2 D 196 315
3 A 800 807
4 B 482 509
1 B 153 134
3 A 401 406
0 B 812 819
2 C 821 842
1 C 787 876
3 B 1019 996
4 D 685 850
2 C 372 267
3 C 765 642
1 A 757 754
0 C 0 127
2 D 617 918
4 B 706 733
3 B 817 814
0 C 78 49
2 A 239 232
1 D 884 651
0 B 922 901
3 C 348 291
4 A 750 745
1 D 941 594
2 C 454 441
3 A 471 464
4 B 393 406
0 A 194 197
2 C 376 263
1 C 304 335
3 D 768 767
4 D 657 878
2 A 462 457
0 D 299 212
1 B 889 870
4 D 1006 529
2 A 400 407
3 B 715 724
0 C 496 399
4 C 170 213
1 D 375 136
4 C 395 500
0 C 171 212
2 D 435 76
1 D 428 83
3 A 130 133
4 A 289 294
0 C 539 612
1 A 300 299
2 A 421 418
3 B 243 236
0 B 509 482
1 A 493 490
2 A 779 780
3 B 355 380
4 D 769 766
0 D 364 147
1 C 758 649
3 D 693 842
2 C 207 176
0 A 254 249
4 D 285 226
1 C 49 78
2 A 285 282
3 D 104 407
0 B 454 473
4 A 719 712
1 B 743 760
3 C 555 596
0 D 404 107
2 C 1015 904
1 A 646 641
4 C 1017 902
3 D 633 902
4 B 796 771
0 B 981 970
1 A 934 929
2 D 348 163
3 D 289 222
4 D 879 656
0 C 721 686
3 D 9 502
1 A 856 863
2 A 909 906
4 B 606 577
0 B 118 105
1 C 404 491
2 B 949 938
3 C 791 872
4 C 1001 918
0 C 811 852
1 C 562 589
4 B 153 134
0 A 82 85
2 B 698 677
3 A 763 764
1 A 33 38
4 B 489 502
2 B 440 423
3 D 930 605
0 A 643 644
1 B 533 522
4 C 597 554
3 D 461 50
1 C 29 98
2 D 257 254
4 B 77 82
0 A 441 446
3 D 308 203
2 A 683 684
4 B 171 180
0 C 960 959
1 B 821 810
3 B 576 607
2 A 479 472
4 D 506 5
1 C 779 884
0 C 68 59
2 C 689 718
4 A 461 458
1 B 497 494
3 C 226 157
0 D 760 775
2 C 683 724
4 B 742 761
1 B 601 582
3 A 858 861
0 C 659 748
2 D 102 409
4 B 1021 994
1 B 540 515
3 B 349 322
4 B 519 536
0 A 848 855
2 D 636 899
3 C 609 542
1 A 373 370
0 D 343 168
2 B 545 574
3 B 94 65
4 C 514 637
0 C 252 131
2 B 427 436
4 B 982 969
1 C 725 682
3 A 499 500
2 D 463 48
4 D 916 619
0 A 198 193
1 D 84 427
3 C 314 325
2 D 215 296
4 A 237 234
0 B 825 806
1 B 257 286
3 C 553 598
2 D 122 389
0 B 889 870
1 C 813 850
3 C 781 882
4 B 559 560
2 D 103 408
0 D 297 214
1 D 59 452
3 C 555 596
4 D 975 560
2 A 343 336
0 C 1022 897
1 B 615 632
3 A 252 251
4 A 351 344
2 A 856 863
0 C 679 728
4 D 467 44
1 D 716 819
2 A 44 43
3 C 653 754
4 A 965 962
1 A 170 173
3 C 928 991
2 D 753 782
4 D 349 162
0 C 55 72
1 D 762 773
2 B 454 473
3 B 625 622
4 A 420 419
0 D 770 765
1 B 983 968
3 C 433 462
2 B 483 508
4 B 104 119
0 A 948 947
1 B 188 163
3 D 298 213
2 A 986 989
4 A 316 315
0 A 285 282
1 C 814 849
3 B 321 350
2 A 52 51
4 A 82 85
0 D 191 320
1 C 154 229
2 D 160 351
3 C 629 522
4 A 23 16
0 C 824 839
2 D 349 162
4 C 274 365
0 C 499 396
1 D 617 918
3 A 916 915
2 C 812 851
4 A 479 472
0 D 728 807
1 C 966 953
2 B 289 318
3 D 389 122
4 C 635 516
0 B 556 563
1 D 907 628
2 A 606 601
1 A 646 641
3 B 158 129
4 B 570 549
0 B 933 954
2 A 878 873
3 D 198 313
1 D 788 747
4 B 984 967
0 D 665 870
2 C 325 314
3 B 908 915
1 D 697 838
4 A 472 479
2 A 131 132
3 A 813 810
0 A 573 570
1 B 286 257
2 C 285 354
3 C 876 787
4 A 971 972
0 C 626 525
1 B 86 73
4 B 799 768
0 A 45 42
2 A 190 185
4 B 753 750
3 B 369 366
2 D 1008 527
1 B 129 158
0 D 173 338
3 D 295 216
4 B 499 492
1 A 828 827
2 D 710 825
0 D 982 553
4 B 89 70
1 B 336 335
2 C 309 330
3 C 82 45
0 D 67 444
1 D 911 624
2 A 590 585
4 C 342 297
3 A 427 428
0 A 610 613
1 A 125 122
2 B 44 51
4 C 387 508
3 B 359 376
1 C 852 811
2 D 136 375
4 B 989 962
0 B 692 683
3 C 318 321
4 B 608 639
0 A 61 58
1 D 880 655
2 D 599 936
4 A 53 50
0 C 609 542
1 C 520 631
3 A 959 952
2 D 247 264
4 A 300 299
0 C 569 582
1 C 1017 902
3 C 126 1
2 A 383 376
4 D 974 561
0 A 856 863
3 D 583 952
1 B 218 197
2 D 612 923
4 A 22 17
0 D 20 491
3 B 367 368
1 B 907 916
4 D 731 804
0 B 917 906
1 D 412 99
2 C 231 152
3 B 811 820
4 D 258 253
0 A 770 773
3 A 786 789
4 C 254 129
1 C 753 654
2 B 435 428
0 D 684 851
3 B 470 457
2 B 295 312
4 B 959 928
0 A 284 283
1 A 384 391
3 B 132 155
1 A 836 835
2 A 217 222
3 B 260 283
4 C 617 534
0 D 703 832
1 B 969 982
2 A 176 183
3 A 729 734
4 B 603 580
0 C 951 968
1 D 929 606
3 A 591 584
2 C 136 247
4 A 602 605
0 C 17 110
1 B 419 444
3 A 413 410
2 C 326 313
4 D 211 300
0 C 449 446
3 D 658 877
1 B 345 326
2 D 634 901
4 D 674 861
0 B 625 622
1 B 466 461
2 D 131 380
3 D 901 634
0 A 387 388
4 D 357 154
1 A 43 44
0 D 638 897
2 A 124 123
3 A 833 838
4 C 696 711
1 B 491 500
0 B 760 743
4 A 396 395
3 D 323 188
2 B 460 467
0 B 72 87
1 A 191 184
4 B 827 804
2 A 635 636
3 C 413 482
0 A 362 365
1 D 993 542
4 B 624 623
2 C 357 282
3 D 565 970
1 A 909 906
0 D 585 950
4 B 92 67
1 D 786 749
4 A 636 635
0 B 959 928
3 D 858 677
1 D 987 548
2 C 855 808
4 C 411 484
0 A 719 712
3 C 980 939
1 C 892 771
2 C 835 828
3 D 432 79
4 B 744 759
0 A 341 338
1 D 265 246
2 C 180 203
3 D 935 600
0 C 361 278
1 D 723 812
4 C 549 602
2 D 476 35
3 B 292 315
0 A 437 434
1 C 518 633
2 B 4 27
3 B 385 414
0 A 184 191
1 B 18 13
4 C 545 606
2 C 320 319
0 C 219 164
3 A 138 141
1 D 992 543
4 B 698 677
0 D 305 206
2 D 981 554
3 A 572 571
4 A 489 494
1 D 967 568
0 C 923 996
2 A 332 331
4 A 102 97
1 D 865 670
3 C 204 179
0 B 347 324
4 D 788 747
2 A 268 267
1 C 942 977
3 D 232 279
1 A 860 859
0 D 853 682
4 B 940 947
3 C 262 377
0 A 466 469
1 A 591 584
2 D 188 323
3 A 821 818
4 C 862 801
2 B 404 395
4 B 314 293
3 D 5 506
1 B 60 35
0 A 676 675
4 A 433 438
3 A 938 941
2 D 742 793
1 B 173 178
0 D 492 19
4 A 45 42
2 D 327 184
3 B 878 881
0 D 483 28
4 D 671 864
1 A 947 948
2 A 65 70
3 C 854 809
0 D 573 962
2 A 437 434
1 D 415 96
4 C 527 624
3 C 548 603
0 A 192 199
1 B 112 111
2 A 769 774
3 C 258 381
4 C 819 844
0 C 383 256
1 C 933 986
2 A 864 871
3 C 669 738
4 C 324 315
0 C 191 192
2 D 540 995
3 A 507 508
4 D 573 962
0 D 674 861
2 A 615 608
3 A 336 343
1 D 713 822
0 C 383 256
3 A 119 112
1 A 942 937
2 D 750 785
0 A 924 923
3 A 734 729
2 C 657 750
0 B 44 51
4 C 138 245
3 A 793 798
1 C 661 746
2 C 360 279
3 D 880 655
0 C 848 815
1 D 112 399
2 A 897 902
3 A 469 466
4 D 444 67
0 A 298 301
2 A 2 5
4 B 937 950
1 A 126 121
0 C 487 408
2 B 457 470
4 B 531 524
3 D 235 276
1 B 8 23
4 B 664 647
2 D 627 908
0 A 772 771
1 A 568 575
3 C 533 618
4 C 529 622
0 A 451 452
1 B 41 54
2 A 529 534
4 B 296 311
3 D 849 686
0 D 179 332
1 C 743 664
2 C 444 451
3 C 445 450
4 D 70 441
0 D 955 580
1 A 50 53
3 A 558 553
2 D 625 910
4 A 350 345
0 D 690 845
1 A 925 922
4 A 448 455
2 D 218 293
3 C 111 16
0 B 634 613
1 A 379 380
4 D 423 88
3 D 312 199
0 D 687 848
1 D 547 988
2 C 3 124
4 A 405 402
3 B 957 930
0 C 190 193
2 B 149 138
4 A 667 668
1 C 941 978
3 C 578 573
2 B 210 205
4 B 292 315
0 B 257 286
1 C 46 81
3 B 123 100
2 A 997 994
4 A 157 154
1 D 155 356
3 D 41 470
0 B 836 859
2 D 161 350
1 D 321 190
4 B 17 14
2 B 722 717
3 C 495 400
1 C 479 416
4 C 646 761
0 B 52 43
2 B 316 291
1 D 60 451
3 D 184 327
4 A 101 98
1 C 742 665
3 B 578 605
4 C 396 499
0 B 961 990
2 B 721 718
1 A 136 143
4 B 371 364
2 C 119 8
3 C 998 921
0 D 567 968
4 A 162 165
1 B 660 651
2 C 855 808
3 D 256 255
0 C 404 491
4 A 125 122
2 B 967 984
1 D 719 816
3 C 844 819
0 B 621 626
2 D 185 326
3 B 759 744
1 C 480 415
4 B 197 218
0 A 528 535
3 C 944 975
1 A 959 952
2 C 297 342
4 B 986 965
0 B 756 747
1 A 780 779
4 B 195 220
3 D 865 670
0 B 778 789
3 B 420 443
4 B 288 319
1 B 679 696
2 C 192 191
3 C 1007 912
4 A 583 576
0 B 822 809
1 A 562 565
2 B 362 373
3 B 526 529
4 A 108 107
0 B 894 865
2 D 614 921
3 C 461 434
4 C 778 885
1 B 960 991
0 A 734 729
2 C 817 846
3 A 865 870
1 B 724 715
4 D 275 236
2 B 504 487
3 B 234 245
4 C 103 24
0 C 428 467
1 D 618 917
2 A 748 747
4 B 976 975
3 C 755 652
0 A 707 708
1 D 616 919
4 B 361 374
3 C 463 432
0 A 293 290
2 B 732 707
1 D 901 634
3 A 501 498
4 A 432 439
2 D 624 911
1 B 554 565
0 D 558 977
2 A 141 138
3 D 784 751
4 C 703 704
0 A 239 232
1 A 203 204
3 D 743 792
4 C 458 437
0 D 899 636
3 C 648 759
2 D 125 386
0 A 549 546
1 A 483 484
2 D 397 114
3 A 487 480
0 A 404 403
4 D 82 429
1 A 317 314
3 C 409 486
0 C 185 198
4 D 93 418
1 B 64 95
2 D 268 243
3 A 816 823
0 B 900 923
1 B 791 776
2 A 505 510
4 B 968 983
3 A 229 226
0 D 740 795
2 C 786 877
4 B 541 514
1 C 387 508
3 D 60 451
0 D 813 722
2 D 775 760
4 A 64 71
1 A 332 331
3 B 160 191
0 A 932 931
4 A 401 406
2 B 51 44
0 B 145 142
3 C 168 215
4 D 613 922
1 D 866 669
2 C 292 347
0 D 7 504
3 A 856 863
4 D 705 830
1 D 132 379
2 C 351 288
0 B 105 118
3 B 675 700
4 B 370 365
0 C 742 665
1 D 388 123
2 A 749 746
4 C 506 389
3 D 90 421
1 C 451 444
2 B 565 554
0 D 48 463
4 D 746 789
3 C 191 192
1 A 779 780
0 C 575 576
4 B 423 440
1 A 329 334
3 B 383 352
4 A 280 287
0 B 264 279
1 A 32 39
3 C 550 601
4 D 103 408
0 B 132 155
3 A 863 856
4 A 451 452
0 A 838 833
1 B 727 712
3 B 804 827
2 D 777 758
4 C 412 483
0 D 570 965
1 D 361 150
2 B 746 757
3 C 9 118
4 C 820 843
0 C 355 284
1 B 550 569
2 B 634 613
3 A 136 143
4 C 784 879
1 D 995 540
2 A 715 716
3 C 19 108
1 C 741 666
0 D 544 991
4 C 13 114
2 D 472 39
3 A 100 99
0 A 970 973
1 B 621 626
4 B 214 201
2 D 405 106
0 B 808 823
1 C 1021 898
3 C 344 295
4 D 228 283
1 D 931 604
2 B 462 465
4 C 811 852
0 C 230 153
3 D 608 927
1 D 864 671
0 A 113 118
4 B 133 154
3 B 95 64
1 D 891 644
4 D 882 653
0 C 482 413
3 D 161 350
1 A 824 831
4 A 188 187
0 B 818 813
3 D 256 255
2 D 588 947
4 D 992 543
0 C 1003 916
1 D 210 301
3 A 22 17
2 C 223 160
0 B 673 702
4 C 46 81
1 D 965 570
2 C 479 416
3 B 361 374
0 A 861 858
4 D 407 104
1 A 220 219
2 B 76 83
3 B 635 612
4 A 412 411
2 A 36 35
3 C 993 926
0 C 925 994
1 D 803 732
4 B 768 799
2 C 621 530
3 D 179 332
1 D 935 600
4 C 282 357
0 C 311 328
3 A 232 239
1 C 281 358
2 A 601 606
4 D 950 585
3 A 549 546
1 B 837 858
0 D 851 684
2 A 263 256
3 A 197 194
4 C 884 779
0 D 462 49
1 B 710 729
2 C 601 550
3 C 468 427
4 B 627 620
0 B 251 228
1 A 327 320
2 C 884 779
4 A 882 885
3 B 611 636
0 C 69 58
2 A 766 761
1 D 581 954
4 C 415 480
0 A 619 620
3 A 326 321
2 A 543 536
4 B 360 375
0 D 269 242
3 A 519 512
1 C 134 249
2 B 266 277
4 A 852 851
0 D 874 661
2 C 431 464
4 A 361 366
0 C 252 131
2 A 931 932
1 D 74 437
3 A 143 136
0 B 50 45
4 C 91 36
2 B 833 862
4 D 481 30
1 A 956 955
3 C 771 892
0 C 32 95
4 B 69 90
1 C 920 999
3 B 311 296
0 A 511 504
2 A 351 344
1 D 217 294
3 D 719 816
4 A 611 612
0 A 130 133
0 A 130 133
2 A 297 302
1 C 367 272
4 A 650 653
0 B 320 351
3 C 126 1
2 C 936 983
4 A 574 569
0 D 722 813
3 B 790 777
1 A 150 145
2 B 509 482
4 B 166 185
3 B 641 670
0 C 739 668
2 B 241 238
1 A 501 498
3 A 843 844
4 A 622 617
0 B 265 278
2 B 111 112
3 C 739 668
1 A 331 332
0 C 855 808
2 B 429 434
4 A 315 316
3 C 81 46
0 A 273 278
1 A 561 566
2 D 775 760
4 B 964 987
3 A 24 31
0 A 962 965
1 A 52 51
2 D 711 824
4 B 468 459
0 A 792 799
3 D 878 657
2 A 820 819
3 B 27 4
4 C 161 222
0 B 324 347
1 A 873 878
2 A 612 611
3 B 188 163
4 D 623 912
1 D 768 767
2 A 966 961
0 D 641 894
4 D 131 380
1 C 811 852
2 C 549 602
3 B 958 929
4 A 912 919
0 C 750 657
1 D 968 567
2 C 830 833
3 D 292 219
4 A 981 978
0 C 878 785
3 A 595 596
2 C 299 340
1 A 44 43
4 C 551 600
0 D 71 440
2 A 336 343
3 A 293 290
0 A 983 976
4 D 618 917
1 C 313 326
3 A 678 673
2 D 555 980
4 B 694 681
0 C 866 797
1 C 186 197
2 D 1023 512
4 A 759 752
3 D 988 547
0 B 22 9
1 C 797 866
3 B 756 747
4 B 455 472
0 C 676 731
2 C 692 715
1 D 612 923
3 B 567 552
4 A 501 498
0 A 3 4
2 D 749 786
1 C 617 534
3 B 506 485
4 B 909 914
0 B 454 473
1 D 988 547
3 C 34 93
4 D 263 248
2 B 491 500
0 C 689 718
1 D 466 45
4 A 297 302
2 C 48 79
3 C 426 469
0 D 652 883
1 B 620 627
4 D 292 219
2 D 589 946
3 C 838 825
4 D 392 119
0 D 478 33
2 A 978 981
3 D 442 69
1 D 437 74
3 A 700 699
4 A 140 139
1 D 553 982
2 B 390 409
0 C 151 232
3 B 847 848
4 B 135 152
1 D 538 997
2 C 122 5
0 C 269 370
4 A 597 594
1 B 693 682
2 A 773 770
3 C 406 489
4 C 310 329
0 D 163 348
3 B 207 208
2 C 990 929
1 B 278 265
4 B 61 34
0 C 1005 914
3 B 163 188
2 C 410 485
4 D 542 993
0 A 385 390
3 B 588 595
1 C 522 629
4 B 434 429
0 A 740 739
1 B 446 417
2 D 352 159
3 D 894 641
4 B 502 489
0 D 330 181
1 B 673 702
2 C 553 598
3 B 400 399
4 C 152 231
0 C 360 279
1 A 440 447
2 C 11 116
3 D 649 886
4 D 149 362
1 B 318 289
2 C 373 266
0 D 540 995
4 B 501 490
1 A 799 792
2 A 665 670
3 D 775 760
0 A 956 955
4 C 604 547
2 A 559 552
1 D 348 163
3 D 568 967
0 D 177 334
3 A 380 379
2 B 775 792
4 B 419 444
1 A 68 67
0 A 97 102
2 C 183 200
3 B 911 912
4 D 395 116
1 B 587 596
0 C 448 447
3 C 378 261
4 D 139 372
1 B 838 857
3 C 10 117
0 B 497 494
4 C 56 71
2 C 31 96
3 C 800 863
4 B 518 537
0 A 21 18
2 C 203 180
1 D 207 304
3 A 675 676
0 A 549 546
2 D 394 117
1 A 764 763
4 A 694 689
0 C 797 866
3 D 495 16
1 C 939 980
2 B 756 747
4 B 529 526
0 B 855 840
1 B 686 689
2 A 681 686
3 B 682 693
4 C 841 822
0 C 141 242
1 D 386 125
3 A 23 16
0 B 564 555
2 A 2 5
1 A 223 216
3 A 811 812
0 C 962 957
4 D 286 225
2 C 613 538
1 D 3 508
4 B 691 684
3 D 44 467
2 C 538 613
1 C 172 211
4 A 277 274
2 A 86 81
0 B 460 467
3 D 50 461
3 D 50 461
0 C 949 970
4 A 438 433
2 A 258 261
3 D 222 289
0 A 553 558
4 A 997 994
1 A 288 295
3 B 312 295
2 C 525 626
0 A 268 267
4 C 191 192
1 B 742 761
3 B 199 216
2 B 228 251
4 C 383 256
0 B 257 286
1 B 106 117
3 C 636 515
2 A 992 999
4 C 433 462
0 A 284 283
1 D 942 593
3 C 71 56
4 B 363 372
0 C 551 600
1 C 69 58
2 C 954 965
3 A 600 607
4 C 761 646
0 C 35 92
1 A 634 637
3 D 270 241
2 B 601 582
4 A 860 859
0 C 1016 903
1 D 830 705
2 B 134 153
3 B 557 562
1 A 228 227
4 B 603 580
0 D 843 692
2 A 854 849
3 A 371 372
4 C 274 365
0 C 31 96
1 C 750 657
2 C 454 441
3 A 907 908
4 A 468 467
0 B 763 740
2 B 401 398
3 A 953 958
4 B 164 187
0 D 841 694
1 C 520 631
2 A 936 943
3 A 467 468
4 D 419 92
1 B 739 764
2 C 469 426
3 C 971 948
0 C 461 434
4 A 548 547
1 A 466 469
2 A 978 981
0 C 201 182
3 A 455 448
4 C 389 506
2 A 735 728
0 D 415 96
1 D 286 225
4 C 376 263
2 C 421 474
3 A 558 553
0 D 568 967
1 A 471 464
2 C 718 689
0 D 405 106
4 B 961 990
1 C 945 974
3 C 969 950
0 C 203 180
2 D 797 738
4 A 569 574
1 A 927 920
3 A 278 273
1 B 640 671
2 A 358 353
0 C 799 864
1 A 812 811
3 B 922 901
4 B 108 115
0 D 998 537
2 D 78 433
1 D 19 492
3 D 616 919
4 C 647 760
0 C 5 122
2 B 955 932
1 D 338 173
4 D 13 498
0 C 458 437
3 B 601 582
1 B 286 257
2 A 225 230
4 C 254 129
0 C 431 464
3 D 541 994
2 D 690 845
4 C 849 814
0 D 911 624
1 C 419 476
2 A 42 45
4 C 776 887
1 B 308 299
0 D 736 799
2 B 252 227
4 B 373 362
1 A 736 743
0 D 778 757
3 D 98 413
2 B 883 876
4 B 889 870
0 A 918 913
1 B 168 183
3 C 400 495
2 B 702 673
4 B 211 204
0 D 11 500
1 D 157 354
3 C 644 763
2 B 665 646
0 D 810 725
1 A 109 106
3 C 800 863
4 D 619 916
2 D 459 52
0 D 653 882
1 A 554 557
3 C 631 520
4 C 530 621
2 D 219 292
1 C 376 263
4 A 470 465
0 C 24 103
3 C 237 146
2 B 878 881
1 D 438 73
4 A 151 144
0 B 82 77
3 D 293 218
1 D 301 210
2 C 90 37
2 C 90 37
0 C 315 324
1 A 188 187
2 B 558 561
3 A 545 550
4 A 77 74
2 B 932 955
3 C 483 412
0 C 484 411
4 B 233 246
1 B 455 472
3 B 522 533
2 B 667 644
0 D 188 323
3 D 64 447
4 D 639 896
0 B 164 187
1 C 780 883
2 B 978 973
3 C 161 222
4 C 259 380
1 A 502 497
0 D 225 286
3 A 670 665
2 D 1005 530
4 A 231 224
0 B 498 493
1 A 358 353
2 A 287 280
0 B 989 962
3 B 426 437
4 C 476 419
2 C 444 451
0 A 568 575
1 D 419 92
3 C 514 637
4 C 874 789
2 B 870 889
0 D 346 165
1 D 701 834
3 A 46 41
2 D 982 553
0 C 409 486
1 A 53 50
3 D 635 900
4 A 18 21
0 C 209 174
2 C 479 416
1 A 134 129
3 A 956 955
4 A 36 35
0 C 632 519
2 C 319 320
1 B 319 288
3 A 844 843
4 B 210 205
0 A 652 651
2 A 287 280
3 B 904 919
4 C 332 307
0 D 183 328
2 A 557 554
1 D 726 809
4 A 907 908
3 C 518 633
2 C 121 6
0 A 348 347
1 B 109 114
3 C 280 359
4 C 123 4
2 D 819 716
0 D 40 471
3 B 31 0
1 B 310 297
0 B 923 900
4 A 18 21
3 C 636 515
2 B 826 805
1 A 170 173
0 D 795 740
3 A 30 25
4 B 814 817
0 C 204 179
1 A 797 794
2 C 420 475
3 C 860 803
2 C 236 147
3 D 877 658
1 A 658 661
4 B 197 218
0 C 393 502
2 B 282 261
3 A 838 833
4 C 551 600
0 D 760 775
1 A 481 486
3 C 252 131
4 A 240 247
0 A 289 294
1 D 217 294
3 B 277 266
2 C 867 796
4 A 897 902
0 A 532 531
1 B 122 101
2 C 505 390
3 D 585 950
4 D 139 372
0 C 732 675
1 D 566 969
3 A 729 734
0 C 990 929
1 C 306 333
4 C 842 821
3 B 697 678
2 D 914 621
0 C 280 359
1 A 857 862
2 C 333 306
0 A 752 759
4 D 632 903
3 C 861 802
1 B 509 482
4 D 652 883
0 A 279 272
2 D 353 158
3 D 575 960
0 D 816 719
2 D 745 790
3 B 279 264
4 B 321 350
0 C 138 245
2 A 429 426
1 C 960 959
4 A 387 388
0 A 903 896
3 C 462 433
2 B 54 41
1 D 1003 532
4 A 513 518
3 C 442 453
0 D 1012 523
1 C 585 566
2 A 219 220
4 A 983 976
3 A 604 603
0 D 872 663
2 A 843 844
4 B 1022 993
1 B 152 135
2 A 809 814
3 A 546 549
0 B 690 685
1 C 569 582
4 C 282 357
2 D 947 588
3 D 410 101
1 B 527 528
4 B 697 678
0 A 412 411
2 D 880 655
1 D 664 871
3 C 323 316
0 C 345 294
2 B 42 53
4 A 654 649
1 B 751 752
0 C 215 168
2 B 915 908
3 D 912 623
4 B 5 26
1 A 271 264
0 C 993 926
2 D 259 252
3 D 986 549
4 B 393 406
0 C 753 654
1 C 180 203
2 D 240 271
3 C 297 342
4 D 382 129
0 B 90 69
1 B 281 262
3 C 747 660
4 B 811 820
2 D 678 857
0 C 520 631
1 A 92 91
3 B 115 108
4 A 204 203
2 A 274 277
0 B 624 623
1 C 395 500
3 B 730 709
2 A 412 411
4 B 928 959
1 B 811 820
3 D 877 658
4 C 1000 919
0 A 328 335
3 C 257 382
2 D 194 317
4 B 127 96
0 D 603 932
1 A 807 800
3 B 205 210
0 D 69 442
1 D 481 30
2 D 426 85
4 C 483 412
3 D 965 570
0 A 682 685
1 D 231 280
1 D 231 280
2 B 288 319
4 B 717 722
1 A 950 945
0 C 41 86
2 C 862 801
4 C 998 921
0 D 416 95
1 D 188 323
3 D 800 735
0 C 679 728
2 B 156 131
3 A 243 244
4 D 797 738
1 D 120 391
0 B 410 389
4 A 792 799
3 C 86 41
0 A 26 29
2 A 943 936
4 B 139 148
3 D 441 70
1 C 506 389
2 C 99 28
4 A 612 611
3 C 509 386
1 C 779 884
0 A 608 615
2 C 344 295
3 B 815 816
4 C 442 453
1 C 32 95
2 A 635 636
3 C 276 363
4 D 204 307
0 B 752 751
1 B 519 536
2 A 863 856
4 D 629 906
1 B 35 60
0 C 572 579
3 D 361 150
4 C 225 158
0 C 252 131
2 A 759 752
1 B 167 184
3 D 198 313
0 B 16 15
2 A 415 408
4 C 590 561
0 B 910 913
1 C 532 619
3 C 91 36
4 C 164 219
2 B 13 18
4 D 81 430
1 D 1000 535
0 A 64 71
2 A 403 404
3 A 716 715
4 B 269 274
0 B 609 638
1 C 103 24
2 D 869 666
3 D 706 829
0 B 19 12
1 A 554 557
2 D 935 600
4 C 569 582
3 D 202 309
0 A 842 845
2 B 523 532
4 B 223 192
3 B 22 9
0 A 139 140
1 A 230 225
4 C 851 812
3 A 787 788
0 B 112 111
1 B 87 72
2 B 597 586
3 A 696 703
4 B 311 296
0 C 153 230
1 C 882 781
2 C 508 387
3 D 36 475
1 B 528 527
0 C 157 226
2 A 522 525
3 D 952 583
4 C 676 731
1 A 370 373
0 D 183 328
2 A 521 526
3 B 698 677
4 C 693 714
0 C 1016 903
1 A 7 0
2 C 756 651
4 A 934 929
0 A 352 359
1 C 390 505
3 B 118 105
2 D 1011 524
4 D 802 733
2 B 435 428
4 B 87 72
3 D 271 240
1 A 247 240
0 B 187 164
2 B 210 205
3 C 199 184
1 B 957 930
0 D 59 452
4 B 31 0
3 C 64 63
1 A 768 775
2 A 107 108
0 B 29 2
3 C 335 304
1 B 858 837
2 B 804 827
4 D 257 254
0 C 686 721
3 A 432 439
2 A 83 84
0 A 19 20
1 A 762 765
3 C 623 528
4 A 511 504
2 B 177 174
0 A 873 878
3 B 21 10
4 C 415 480
1 C 113 14
2 B 194 221
0 A 978 981
3 D 131 380
2 D 879 656
3 A 568 575
4 C 779 884
0 D 626 909
2 D 857 678
1 B 56 39
4 A 970 973
3 C 377 262
0 B 507 484
1 D 782 753
4 B 467 460
2 A 931 932
0 C 2 125
1 C 170 213
4 B 784 783
2 A 812 811
3 A 212 211
4 A 272 279
1 C 309 330
2 A 483 484
3 C 802 861
0 A 502 497
4 A 112 119
1 B 636 611
2 B 693 682
3 C 481 414
0 B 507 484
1 D 484 27
0 D 89 422
3 C 113 14
4 D 536 999
1 A 331 332
2 C 80 47
0 B 932 955
2 B 292 315
1 D 403 108
3 A 529 534
4 C 778 885
1 D 72 439
2 B 545 574
3 B 16 15
4 B 325 346
0 D 281 230
1 D 348 163
2 C 686 721
3 C 116 11
4 B 102 121
0 B 204 211
2 C 201 182
3 D 435 76
4 B 424 439
0 A 158 153
1 B 163 188
2 B 983 968
4 A 238 233
3 D 1 510
0 A 991 984
1 B 124 99
3 D 118 393
4 C 733 674
0 A 669 666
1 A 78 73
2 A 401 406
4 A 777 782
3 B 709 730
1 C 547 604
0 D 164 347
0 D 164 347
2 D 556 979
3 B 184 167
4 B 932 955
0 B 188 163
1 D 4 507
3 D 363 148
4 A 152 159
1 C 63 64
0 B 631 616
2 C 537 614
3 D 704 831
4 B 214 201
1 A 264 271
0 C 250 133
2 D 675 860
4 D 427 84
3 B 310 297
0 D 364 147
2 B 52 43
4 B 233 246
3 C 932 987
1 C 236 147
4 D 714 821
0 C 587 564
2 B 239 240
3 D 347 164
1 C 717 690
4 D 754 781
0 C 462 433
2 D 402 109
3 B 688 687
1 A 330 333
4 B 752 751
2 B 195 220
0 D 927 608
1 C 432 463
3 D 96 415
4 B 871 888
2 A 841 846
0 C 957 962
1 C 628 523
4 C 574 577
2 C 260 379
3 A 381 378
0 B 9 22
1 C 361 278
4 B 880 879
2 C 923 996
3 C 527 624
0 A 126 121
1 C 331 308
4 D 732 803
2 A 902 897
3 C 549 602
4 C 247 136
2 D 544 991
3 C 683 724
0 A 725 722
4 A 203 204
2 A 905 910
3 B 488 503
0 B 61 34
1 D 161 350
2 A 453 450
4 B 815 816
3 C 35 92
0 A 958 953
1 D 653 882
2 B 958 929
3 A 127 120
4 B 764 739
0 A 182 177
1 A 319 312
4 C 97 30
1 C 523 628
3 A 46 41
0 A 656 663
2 A 684 683
1 C 337 302
4 C 460 435
3 D 1019 516
0 D 345 166
2 B 365 370
1 D 467 44
3 C 554 597
4 D 928 607
0 A 744 751
1 B 417 446
3 D 431 80
4 C 991 928
0 D 21 490
2 C 658 749
3 B 607 576
0 D 511 0
1 B 356 379
4 A 395 396
2 C 487 408
0 B 527 528
1 B 242 237
2 B 791 776
4 C 777 886
2 B 799 768
3 C 58 69
4 C 97 30
0 B 891 868
1 C 2 125
0 A 176 183
4 C 398 497
1 C 480 415
2 C 613 538
3 A 487 480
4 B 192 223
1 C 383 256
2 A 227 228
3 C 333 306
0 B 190 161
1 D 949 586
2 C 283 356
4 D 361 150
3 A 337 342
0 B 192 223
1 C 687 720
4 D 497 14
3 A 771 772
0 C 218 165
1 D 404 107
2 C 947 972
3 B 623 624
4 C 698 709
1 B 212 203
2 B 358 377
0 D 717 818
3 B 1023 992
4 D 174 337
2 A 552 559
1 D 76 435
0 B 150 137
4 D 485 26
1 B 590 593
3 B 16 15
4 A 190 185
2 B 971 980
2 B 971 980
0 C 225 158
3 D 78 433
2 D 1 510
4 C 577 574
0 A 568 575
1 A 715 716
3 C 363 276
2 B 192 223
4 C 548 603
0 A 651 652
1 A 802 805
3 C 836 827
4 A 330 333
1 B 535 520
2 B 867 892
3 A 206 201
0 A 659 660
2 C 51 76
3 D 733 802
1 D 232 279
4 B 583 600
0 D 230 281
2 D 652 883
3 A 891 892
4 A 733 730
0 B 929 958
1 A 891 892
3 A 424 431
2 B 355 380
4 B 159 128
1 C 19 108
0 D 308 203
3 C 864 799
2 C 782 881
4 B 77 82
0 B 242 237
1 D 652 883
3 D 817 718
2 A 409 414
0 A 675 676
3 D 459 52
4 C 983 936
1 B 431 432
2 B 757 746
3 C 159 224
4 B 945 942
0 D 439 72
1 C 136 247
2 A 311 304
3 C 93 34
0 C 715 692
1 C 325 314
2 C 238 145
4 B 223 192
3 A 93 90
0 B 195 220
1 D 977 558
2 A 353 358
4 A 979 980
3 B 83 76
2 C 640 767
1 C 279 360
0 A 979 980
3 A 820 819
1 A 157 154
2 D 1001 534
3 D 60 451
4 B 589 594
0 B 178 173
1 A 518 513
2 B 651 660
3 D 1001 534
0 B 350 321
4 D 849 686
2 D 806 729
1 A 377 382
3 A 145 150
0 A 661 658
4 D 381 130
1 D 687 848
2 A 405 402
3 D 664 871
0 C 323 316
1 C 155 228
2 D 596 939
4 B 572 547
3 C 447 448
0 C 862 801
1 B 13 18
4 A 400 407
2 D 702 833
1 C 936 983
2 D 349 162
4 B 519 536
3 B 78 81
0 B 448 479
1 B 27 4
2 B 342 329
0 A 460 459
4 D 556 979
2 D 632 903
3 C 214 169
0 C 271 368
1 B 386 413
4 C 828 835
2 A 520 527
3 B 531 524
0 D 239 272
4 A 520 527
2 B 419 444
0 B 858 837
1 B 798 769
2 D 24 487
4 C 235 148
0 C 633 518
1 D 414 97
3 D 350 161
2 C 922 997
4 D 453 58
1 D 964 571
3 A 517 514
0 C 378 261
4 A 639 632
1 B 685 690
2 B 500 491
0 A 227 228
3 B 629 618
4 D 689 846
2 C 1001 918
0 B 300 307
3 C 535 616
4 A 986 989
1 B 827 804
0 A 440 447
2 B 265 278
4 A 817 822
0 D 849 686
1 C 124 3
4 A 368 375
3 A 459 460
2 D 603 932
0 A 568 575
1 A 737 742
4 C 293 346
2 A 172 171
3 B 914 909
0 B 210 205
1 B 40 55
4 C 929 990
2 C 415 480
3 D 191 320
0 D 309 202
1 C 771 892
2 A 512 519
3 D 875 660
4 B 185 166
0 C 44 83
4 A 798 793
3 C 840 823
1 A 411 412
0 C 873 790
2 C 823 840
3 A 335 328
1 C 756 651
4 A 688 695
1 A 104 111
2 B 5 26
4 A 30 25
0 D 29 482
3 C 694 713
2 C 192 191
0 B 923 900
4 D 37 474
3 A 32 39
1 A 998 993
0 B 65 94
4 D 816 719
2 B 811 820
1 D 590 945
3 D 933 602
4 C 863 800
0 C 252 131
2 B 689 686
1 B 368 367
3 A 635 636
4 B 232 247
0 D 755 780
2 D 373 138
4 C 823 840
0 D 360 151
3 B 505 486
2 C 146 237
4 D 234 277
0 C 568 583
1 B 357 378
3 B 246 233
4 C 1016 903
2 D 156 355
0 D 170 341
1 C 518 633
4 B 860 835
3 C 254 129
0 C 594 557
1 D 688 847
3 D 584 951
4 D 324 187
0 A 557 554
1 D 294 217
2 B 335 336
3 D 580 955
4 A 970 973
1 A 673 678
0 C 843 820
3 A 722 725
2 C 634 517
4 B 510 481
0 D 145 366
1 B 911 912
2 D 915 620
4 D 1021 514
1 D 447 64
0 A 649 654
2 A 221 218
4 B 464 463
3 C 705 702
1 D 453 58
0 D 177 334
2 D 388 123
3 C 728 679
4 A 800 807
1 B 600 583
0 A 44 43
2 A 998 993
3 A 344 351
4 A 803 804
1 A 14 9
0 A 988 987
2 A 456 463
4 C 440 455
3 D 607 928
0 D 626 909
2 D 743 792
4 B 356 379
1 B 397 402
3 C 191 192
0 D 95 416
2 D 213 298
1 C 801 862
3 D 131 380
4 A 73 78
2 D 998 537
1 C 453 442
3 A 133 130
4 A 456 463
0 B 215 200
2 A 307 308
3 D 967 568
4 C 220 163
0 D 459 52
1 B 437 426
2 B 663 648
4 A 28 27
1 B 401 398
2 B 120 103
3 B 733 706
1 B 10 21
4 D 231 280
4 D 231 280
0 C 265 374
2 B 969 982
3 C 291 348
1 C 226 157
2 A 667 668
0 A 751 744
4 B 273 270
1 B 32 63
2 C 861 802
0 D 643 892
3 A 229 226
2 C 873 790
4 D 81 430
0 D 495 16
1 A 842 845
2 A 424 431
3 D 774 761
4 A 228 227
0 B 136 151
3 C 607 544
4 B 792 775
0 D 92 419
1 C 121 6
2 D 987 548
0 B 133 154
1 A 867 868
2 A 477 474
4 A 681 686
3 C 343 296
0 A 189 186
2 B 368 367
3 A 159 152
4 C 749 658
1 A 256 263
0 D 233 278
2 B 319 288
3 A 87 80
1 C 8 119
4 B 864 895
2 A 111 104
0 D 109 402
3 B 912 911
4 B 34 61
0 A 357 354
1 A 140 139
2 C 976 943
4 C 935 984
1 B 86 73
3 D 931 604
0 B 462 465
2 A 285 282
4 D 9 502
1 A 719 712
3 C 233 150
0 D 474 37
2 B 141 146
4 D 994 541
1 D 805 730
0 A 765 762
2 D 811 724
3 D 229 282
4 A 982 977
1 A 846 841
2 B 706 733
3 A 829 826
4 C 842 821
1 D 83 428
0 C 810 853
3 D 212 299
4 C 1005 914
1 D 599 936
2 B 206 209
0 A 822 817
4 B 697 678
3 D 1004 531
1 A 766 761
2 A 301 298
0 C 840 823
3 B 609 638
4 B 576 607
1 B 879 880
2 A 549 546
3 B 421 442
4 B 852 843
1 B 742 761
0 D 81 430
2 D 812 723
3 B 541 514
4 D 428 83
0 B 540 515
1 D 318 193
2 C 33 94
3 C 35 92
4 B 838 857
0 C 533 618
1 C 259 380
0 D 423 88
1 A 618 621
2 B 222 193
4 D 380 131
3 C 724 683
1 B 681 694
2 D 1022 513
4 B 728 711
3 A 82 85
0 C 114 13
1 D 542 993
4 C 257 382
2 A 932 931
3 A 494 489
1 B 384 415
4 B 430 433
0 A 499 500
2 C 750 657
1 C 312 327
3 A 937 942
0 D 136 375
2 A 769 774
4 A 799 792
1 B 287 256
3 B 382 353
0 B 746 757
4 A 813 810
3 C 395 500
1 D 128 383
0 A 644 643
2 A 313 318
4 A 483 484
3 D 581 954
0 C 612 539
3 B 546 573
4 A 319 312
0 A 650 653
2 A 107 108
1 D 537 998
3 A 237 234
4 D 629 906
2 B 437 426
1 D 952 583
0 A 231 224
1 B 510 481
4 D 149 362
0 B 72 87
2 C 125 2
3 D 927 608
1 D 11 500
4 B 434 429
0 B 772 795
2 C 358 281
3 A 764 763
1 A 845 842
0 B 222 193
4 D 304 207
2 A 96 103
3 A 818 821
1 B 211 204
4 D 434 77
0 C 654 753
2 A 834 837
3 B 251 228
1 D 226 285
4 C 239 144
0 A 857 862
2 A 152 159
1 B 271 272
3 D 592 943
0 C 317 322
2 D 121 390
4 D 500 11
1 B 1017 998
0 A 505 510
4 A 145 150
1 A 32 39
3 B 527 528
2 B 724 715
0 C 998 921
3 B 351 320
0 C 1008 911
1 B 954 933
2 C 739 668
4 C 227 156
3 A 570 573
0 C 433 462
2 D 73 438
3 D 866 669
4 C 505 390
0 C 144 239
1 A 540 539
2 C 572 579
3 C 627 524
1 D 118 393
2 C 803 860
0 C 770 893
3 A 807 800
4 C 842 821
2 C 799 864
0 C 420 475
1 B 599 584
4 C 373 266
2 B 297 310
3 A 603 604
0 A 978 981
1 D 677 858
4 A 688 695
2 D 623 912
3 B 82 77
1 D 342 169
4 D 273 238
0 D 86 425
2 B 581 602
1 D 598 937
3 D 382 129
0 D 47 464
2 D 6 505
4 B 794 773
1 C 694 713
3 C 41 86
2 A 155 156
4 A 196 195
0 A 950 945
1 D 946 589
3 D 367 144
4 D 844 691
0 D 960 575
3 B 793 774
4 A 269 266
0 A 249 254
1 B 430 433
2 B 842 853
3 C 463 432
4 B 988 963
0 B 366 369
1 A 800 807
2 B 616 631
4 B 606 577
0 C 81 46
1 B 562 557
3 A 501 498
2 D 698 837
4 A 872 879
1 C 792 871
3 C 254 129
0 B 612 635
2 B 751 752
4 C 586 565
1 C 642 765
3 A 828 827
0 C 442 453
2 A 982 977
4 C 944 975
1 A 206 201
3 D 590 945
2 D 19 492
4 D 377 134
0 D 253 258
1 C 83 44
3 C 649 758
2 A 572 571
4 A 295 288
0 B 681 694
3 D 960 575
2 D 42 469
0 B 746 757
4 A 437 434
2 A 863 856
0 B 200 215
1 A 927 920
3 A 831 824
4 C 923 996
2 C 65 62
0 D 858 677
3 B 94 65
1 D 713 822
2 D 206 305
0 C 67 60
1 B 130 157
2 D 638 897
3 B 183 168
4 B 89 70
0 A 324 323
1 B 563 556
3 D 445 66
4 B 249 230
1 C 27 100
4 C 772 891
3 D 857 678
0 A 885 882
2 D 287 224
1 B 615 632
3 C 780 883
0 C 50 77
2 C 523 628
4 C 801 862
1 D 11 500
0 A 213 210
2 B 179 172
3 A 110 105
1 B 841 854
4 C 560 591
0 C 399 496
1 C 46 81
2 C 731 676
3 D 269 242
0 C 533 618
0 C 533 618
1 D 804 731
2 C 945 974
4 C 286 353
0 D 195 316
3 C 97 30
4 C 551 600
0 D 425 86
1 D 152 359
3 D 423 88
2 A 914 917
4 B 509 482
1 A 283 284
0 B 609 638
2 C 167 216
3 D 589 946
4 D 106 405
1 C 838 825
2 B 793 774
4 B 419 444
0 C 235 148
1 B 919 904
2 B 664 647
3 D 610 925
4 B 355 380
0 C 942 977
1 C 52 75
2 A 185 190
3 A 404 403
0 C 78 49
4 D 842 693
2 A 754 757
3 D 313 198
4 C 529 622
0 D 789 746
1 D 633 902
2 A 120 127
0 A 735 728
4 C 327 312
1 D 188 323
0 D 330 181
1 A 95 88
2 D 365 146
3 B 991 960
4 D 605 930
0 D 480 31
4 A 781 778
2 C 509 386
1 B 756 747
0 D 598 937
4 A 0 7
2 B 913 910
0 A 127 120
3 C 739 668
1 C 958 961
2 A 648 655
3 B 851 844
1 A 293 290
0 C 721 686
4 A 340 339
2 B 276 267
3 B 934 953
1 A 505 510
4 C 34 93
0 D 310 201
2 D 597 938
1 C 990 929
4 A 26 29
3 D 178 333
0 B 254 225
2 A 875 876
1 C 774 889
3 B 335 336
4 A 134 129
0 B 147 140
2 B 335 336
1 C 677 730
3 C 59 68
0 B 203 212
4 D 872 663
2 C 828 835
1 D 502 9
3 B 620 627
4 D 924 611
0 A 478 473
2 D 627 908
1 D 873 662
3 C 359 280
4 C 243 140
0 D 218 293
1 B 874 885
2 B 952 935
4 C 547 604
0 A 625 630
3 A 418 421
1 A 870 865
4 D 59 452
0 B 182 169
3 C 827 836
1 B 414 385
2 A 193 198
4 B 341 330
0 B 732 707
2 B 960 991
3 A 653 650
4 D 455 56
0 D 767 768
1 A 422 417
0 D 131 380
1 B 814 817
4 C 121 6
2 C 580 571
3 A 240 247
4 B 219 196
1 C 507 388
0 B 898 925
3 C 839 824
1 A 385 390
4 D 672 863
2 D 699 836
0 B 75 84
4 D 123 388
1 B 477 450
2 C 557 594
3 B 335 336
4 D 417 94
0 C 1012 907
3 D 905 630
1 D 68 443
0 B 340 331
2 C 682 725
4 C 173 210
1 B 582 601
3 A 205 202
0 C 24 103
2 A 692 691
1 B 238 241
4 A 368 375
0 A 78 73
3 A 494 489
2 B 785 782
4 B 327 344
0 A 415 408
1 C 17 110
3 D 536 999
2 B 534 521
0 C 104 23
3 D 91 420
1 A 964 963
4 C 187 196
2 D 496 15
4 B 342 329
0 A 562 565
1 C 533 618
2 A 58 61
4 C 483 412
1 D 993 542
3 D 612 923
0 C 936 983
4 A 595 596
2 A 463 456
0 C 965 954
3 B 1021 994
4 A 27 28
1 A 242 245
2 A 660 659
0 B 325 346
4 A 154 157
1 D 871 664
0 A 1007 1000
4 A 888 895
2 D 382 129
3 B 311 296
0 C 3 124
1 B 201 214
3 A 561 566
2 C 74 53
4 B 688 687
1 B 517 538
0 D 399 112
3 C 160 223
4 A 831 824
2 A 254 249
0 C 848 815
3 C 757 650
4 D 320 191
1 B 114 109
2 B 921 902
0 C 622 529
1 B 379 356
3 D 835 700
0 D 331 180
4 A 476 475
2 A 815 808
1 C 932 987
3 C 780 883
4 A 741 738
2 C 99 28
3 A 633 638
0 C 548 603
1 D 770 765
4 B 816 815
2 D 436 75
4 C 555 596
0 A 7 0
1 A 293 290
3 B 31 0
4 C 450 445
0 B 642 669
1 B 974 977
3 C 803 860
4 C 372 267
0 A 818 821
2 B 390 409
3 D 553 982
0 D 698 837
1 C 613 538
2 B 133 154
4 D 223 288
3 D 929 606
0 B 5 26
1 B 957 930
4 A 832 839
2 D 15 496
0 C 275 364
1 A 947 948
2 D 921 614
3 D 768 767
4 C 554 597
3 A 934 929
0 A 78 73
4 D 1006 529
1 C 87 40
2 A 920 927
3 A 555 556
4 D 820 715
0 C 947 972
1 D 594 941
2 A 109 106
4 A 490 493
3 D 149 362
0 B 939 948
1 A 648 655
2 B 679 696
3 B 461 466
4 A 14 9
1 C 982 937
2 B 608 639
0 B 741 762
4 B 172 179
1 C 564 587
2 A 940 939
0 D 927 608
4 B 520 535
1 B 764 739
2 A 804 803
3 A 622 617
0 C 797 866
1 C 160 223
2 B 91 68
4 A 660 659
3 D 165 346
0 A 66 69
2 D 846 689
1 A 947 948
4 B 491 500
0 B 27 4
1 A 288 295
2 B 357 378
0 C 961 958
3 B 776 791
4 D 214 297
2 D 645 890
4 B 958 929
1 C 298 341
0 D 202 309
2 B 61 34
3 D 409 102
2 C 189 194
3 C 500 395
4 C 263 376
0 A 39 32
1 C 857 806
2 D 164 347
0 B 878 881
1 C 205 178
3 B 475 452
4 A 597 594
2 A 341 338
0 A 350 345
3 B 677 698
1 A 117 114
2 B 903 920
4 D 783 752
0 A 144 151
1 C 192 191
2 B 567 552
4 D 6 505
0 A 109 106
2 B 866 893
3 B 22 9
0 B 179 172
2 A 599 592
1 C 571 580
4 B 832 863
1 B 140 147
4 C 595 556
3 A 814 809
2 C 324 315
1 A 943 936
0 A 42 45
4 D 441 70
1 B 408 391
3 C 41 86
0 C 400 495
4 B 645 666
1 D 128 383
2 D 190 321
3 D 643 892
0 C 851 812
4 D 258 253
1 B 124 99
2 C 872 791
0 A 413 410
3 C 454 441
4 C 856 807
1 B 229 250
0 B 644 667
2 B 942 945
4 D 582 953
1 D 827 708
3 D 298 213
0 D 977 558
2 B 355 380
4 C 306 333
1 C 18 109
0 C 167 216
2 A 210 213
3 D 275 236
4 D 858 677
1 D 910 625
0 D 316 195
2 B 42 53
3 C 568 583
1 A 164 163
4 A 125 122
0 A 976 983
2 C 971 948
3 A 509 506
1 A 206 201
4 D 372 139
2 A 495 488
1 C 318 321
4 A 326 321
0 D 308 203
3 D 485 26
2 D 397 114
0 A 428 427
1 B 622 625
3 D 651 884
2 B 889 870
4 A 413 410
0 D 491 20
3 C 38 89
1 C 507 388
0 C 490 405
3 C 543 608
4 D 997 538
1 C 487 408
0 A 663 656
4 C 1 126
1 B 881 878
2 C 68 59
0 D 669 866
3 C 417 478
1 C 246 137
2 D 269 242
4 A 538 541
0 C 636 515
1 D 465 46
2 A 319 312
3 B 118 105
4 B 148 139
0 C 355 284
2 B 165 186
1 C 565 586
4 C 775 888
0 B 279 264
3 B 41 54
1 B 700 675
2 C 825 838
4 C 879 784
0 B 91 68
3 A 785 790
2 D 867 668
4 B 141 146
1 A 844 843
0 A 968 975
3 C 612 539
2 B 990 961
4 D 897 638
1 B 489 502
3 C 768 895
0 C 613 538
2 C 820 843
3 B 264 279
4 B 504 487
0 A 764 763
1 D 710 825
2 C 846 817
0 A 368 375
4 D 277 234
1 A 871 864
2 D 146 365
3 C 729 678
4 D 428 83
0 A 308 307
1 A 423 416
2 A 217 222
3 D 488 23
4 B 251 228
1 B 717 722
0 D 777 758
3 C 362 277
2 C 3 124
4 C 945 974
0 C 681 726
3 C 933 986
2 A 986 989
1 D 202 309
4 C 122 5
0 B 218 197
3 B 432 431
2 C 881 782
4 B 664 647
0 B 241 238
3 D 375 136
1 C 570 581
2 A 1007 1000
4 B 644 667
0 A 109 106
4 B 240 239
2 B 110 113
3 D 447 64
1 B 648 663
4 D 911 624
0 D 592 943
2 C 605 546
3 B 462 465
1 B 22 9
0 A 262 257
2 C 171 212
3 A 188 187
4 C 828 835
1 A 84 83
0 A 313 318
4 B 628 619
1 B 406 393
0 A 287 280
4 B 123 100
3 D 535 1000
1 C 68 59
0 D 75 436
3 A 1 6
4 A 447 440
2 A 48 55
0 B 57 38
1 A 80 87
2 D 282 229
3 D 223 288
4 D 511 0
0 D 813 722
1 C 429 466
2 B 640 671
3 A 123 124
4 B 306 301
2 A 551 544
3 D 233 278
0 D 824 711
4 A 515 516
1 A 47 40
0 D 811 724
2 A 587 588
3 B 423 440
1 A 787 788
0 A 157 154
2 B 970 981
3 A 726 721
1 A 277 274
4 A 755 756
0 D 488 23
2 D 312 199
3 C 5 122
4 C 628 523
1 A 367 360
2 C 826 837
0 C 55 72
3 D 837 698
2 A 332 331
4 A 517 514
0 C 447 448
1 D 489 22
3 C 524 627
4 A 332 331
1 A 231 224
0 D 946 589
2 C 654 753
3 B 265 278
4 B 431 432
0 D 46 465
1 B 137 150
2 D 402 109
3 D 765 770
4 C 823 840
0 B 161 190
1 D 86 425
2 A 632 639
4 D 546 989
0 D 866 669
2 D 315 196
3 B 587 596
1 B 963 988
0 A 470 465
4 B 345 326
3 B 59 36
1 B 292 315
4 C 134 249
0 C 596 555
3 B 347 324
1 C 803 860
4 D 152 359
0 C 188 195
2 A 920 927
3 C 877 786
1 D 121 390
4 A 834 837
0 D 323 188
2 C 429 466
3 C 224 159
4 C 763 644
0 D 210 301
2 B 1022 993
3 B 517 538
1 C 366 273
4 B 573 546
2 D 71 440
3 C 3 124
0 B 972 979
1 A 491 492
2 C 526 625
4 B 826 805
0 C 109 18
3 B 5 26
4 A 719 712
0 D 674 861
1 D 350 161
4 A 606 601
3 B 960 991
1 C 589 562
0 B 914 909
4 A 700 699
1 B 920 903
2 B 318 289
3 A 508 507
4 B 389 410
1 C 942 977
2 C 926 993
3 A 325 322
4 C 448 447
0 B 682 693
1 D 47 464
2 B 654 657
3 C 780 883
4 C 180 203
0 C 367 272
3 D 538 997
4 C 696 711
2 D 570 965
1 C 942 977
2 B 216 199
4 D 608 927
0 C 881 782
1 A 137 142
3 D 48 463
4 D 888 647
0 C 832 831
1 B 518 537
2 A 753 758
3 B 889 870
4 B 365 370
0 A 693 690
1 C 317 322
2 D 553 982
3 B 678 697
4 A 986 989
0 B 248 231
1 D 997 538
2 C 840 823
3 C 331 308
4 C 398 497
0 A 156 155
1 C 198 185
3 C 612 539
4 B 355 380
0 C 860 803
2 C 938 981
1 D 834 701
4 A 927 920
3 C 919 1000
2 A 473 478
0 B 889 870
3 A 562 565
4 A 223 216
1 A 879 872
0 D 229 282
2 C 789 874
3 D 497 14
4 A 246 241
1 A 58 61
0 B 496 495
2 C 679 728
4 A 959 952
3 D 995 540
0 D 952 583
2 C 518 633
4 C 761 646
1 D 104 407
3 D 933 602
2 A 560 567
4 C 310 329
1 B 488 503
3 B 780 787
0 D 579 956
2 A 386 389
4 A 260 259
1 D 159 352
3 B 594 589
2 D 734 801
0 B 222 193
4 C 67 60
1 A 31 24
3 C 571 580
2 B 457 470
4 A 398 393
1 A 626 629
0 D 844 691
3 C 675 732
4 C 743 664
0 B 450 477
1 A 129 134
2 C 738 669
3 D 17 494
0 C 1011 908
1 C 102 25
2 A 6 1
3 C 563 588
4 A 523 524
0 D 921 614
1 D 932 603
3 A 2 5
0 A 1 6
4 D 1023 512
2 A 539 540
1 A 135 128
4 C 272 367
0 C 836 827
2 A 811 812
3 A 715 716
1 B 429 434
4 B 589 594
2 B 761 742
3 C 50 77
0 A 885 882
4 D 146 365
1 D 219 292
3 C 1018 901
1 C 116 11
2 D 665 870
3 D 544 991
4 C 933 986
1 D 406 105
2 D 693 842
3 A 328 335
4 C 160 223
0 D 747 788
1 A 681 686
2 B 761 742
3 C 622 529
1 C 778 885
2 C 778 885
4 D 6 505
0 D 862 673
3 D 835 700
2 A 884 883
0 C 543 608
1 D 590 945
3 D 536 999
2 A 572 571
4 D 185 326
0 C 748 659
1 B 651 660
3 D 845 690
2 C 8 119
4 C 232 151
0 D 701 834
3 A 343 336
1 B 184 167
2 D 750 785
4 B 707 732
0 B 684 691
2 C 100 27
3 B 455 472
1 A 499 500
4 D 131 380
3 D 296 215
0 C 606 545
2 A 40 47
4 B 897 926
1 B 287 256
3 A 936 943
0 B 117 106
2 C 679 728
4 A 23 16
1 D 706 829
3 D 672 863
2 A 994 997
0 B 829 802
1 D 746 789
3 B 990 961
4 D 458 53
2 B 212 203
0 B 41 54
1 C 204 179
3 C 49 78
4 C 147 236
2 A 819 820
0 B 396 403
1 D 854 681
3 A 260 259
4 D 918 617
2 A 772 771
0 A 514 517
1 A 231 224
3 A 434 437
4 C 1 126
2 B 319 288
0 B 754 749
3 A 632 639
1 D 566 969
4 A 401 406
1 D 393 118
2 C 745 662
3 C 301 338
4 C 858 805
0 A 988 987
1 D 541 994
2 B 881 878
3 C 79 48
4 D 777 758
0 B 965 986
1 A 8 15
2 B 158 129
0 D 390 121
1 A 374 369
2 A 61 58
3 C 856 807
4 D 592 943
2 B 181 170
1 D 568 967
3 B 541 514
1 C 62 65
3 C 868 795
0 D 407 104
2 B 921 902
4 B 939 948
1 D 383 128
3 B 685 690
0 C 68 59
2 C 515 636
1 D 333 178
3 D 63 448
0 B 955 932
2 A 170 173
4 A 695 688
1 D 984 551
0 D 230 281
3 A 884 883
4 D 554 981
1 D 1004 531
2 C 965 954
0 D 819 716
1 A 783 776
2 A 915 916
3 A 388 387
4 C 35 92
0 D 328 183
1 B 136 151
3 B 285 258
2 D 825 710
4 A 192 199
0 C 385 510
1 C 883 780
3 C 476 419
4 C 231 152
0 D 635 900
2 C 64 63
1 D 455 56
4 C 619 532
3 D 203 308
0 B 165 186
3 B 710 729
2 D 154 357
4 C 233 150
0 D 835 700
1 B 895 864
2 B 665 646
4 B 130 157
1 C 622 529
3 D 293 218
1 A 138 141
2 A 446 441
4 C 771 892
0 B 493 498
3 B 181 170
1 B 441 422
0 A 535 528
2 C 209 174
3 D 796 739
4 C 826 837
1 B 127 96
0 C 795 868
4 B 627 620
3 C 995 924
2 C 1013 906
0 B 670 641
3 A 73 78
1 D 135 376
4 A 752 759
0 B 974 977
2 A 444 443
3 C 803 860
1 C 948 971
4 D 614 921
2 C 454 441
0 A 119 112
1 D 977 558
3 C 380 259
4 D 284 227
2 A 963 964
0 A 4 3
1 C 741 666
3 B 573 546
2 C 799 864
4 B 363 372
0 A 954 957
3 A 262 257
1 C 139 244
4 D 407 104
0 C 557 594
1 A 164 163
2 B 403 396
3 A 179 180
0 C 959 960
1 B 422 441
2 A 13 10
3 B 21 10
4 A 62 57
0 B 86 73
1 B 85 74
2 A 223 216
3 C 62 65
4 B 288 319
0 D 2 509
1 A 545 550
2 A 975 968
3 D 145 366
4 C 141 242
0 C 485 410
1 B 101 122
2 B 361 374
3 D 628 907
4 D 16 495
0 C 828 835
1 A 520 527
3 A 556 555
2 B 232 247
4 B 840 855
0 A 975 968
1 C 839 824
3 D 229 282
2 A 384 391
4 C 401 494
0 A 455 448
3 A 116 115
1 B 917 906
2 D 492 19
4 B 979 972
0 B 694 681
3 C 585 566
1 B 59 36
4 D 501 10
0 D 634 901
2 A 507 508
3 B 952 935
1 D 840 695
4 B 733 706
0 A 700 699
2 B 342 329
3 B 237 242
1 D 489 22
4 D 883 652
2 B 848 847
3 B 75 84
0 B 924 899
1 D 688 847
4 B 925 898
2 D 609 926
1 B 507 484
0 C 656 751
4 C 695 712
2 D 366 145
0 C 393 502
1 C 734 673
3 A 163 164
4 C 408 487
2 B 603 580
3 C 122 5
4 C 532 619
0 A 613 610
1 A 524 523
2 B 513 542
3 B 710 729
0 B 608 639
1 C 143 240
4 B 294 313
3 B 538 517
0 A 531 532
1 A 215 208
2 D 372 139
4 B 54 41
0 B 405 394
1 B 489 502
2 B 525 530
3 B 157 130
4 A 632 639
1 B 990 961
0 B 865 894
1 C 326 313
2 A 321 326
3 B 892 867
4 A 308 307
0 C 351 288
1 D 72 439
2 D 653 882
3 A 63 56
0 A 495 488
4 D 981 554
2 B 796 771
4 D 799 736
0 B 231 248
1 B 640 671
3 C 357 282
2 C 58 69
4 B 603 580
0 B 108 115
3 C 852 811
1 D 295 216
2 C 550 601
0 B 311 296
4 A 579 580
1 A 28 27
2 A 473 478
0 D 649 886
4 A 154 157
3 C 616 535
2 B 960 991
4 B 634 613
1 B 63 32
0 D 873 662
2 A 597 594
3 C 577 574
0 B 311 296
4 C 699 708
1 A 12 11
2 D 74 437
3 D 270 241
0 A 290 293
1 A 717 714
3 D 501 10
4 C 860 803
2 B 737 766
1 A 143 136
0 B 219 196
4 A 661 658
2 A 945 950
3 D 552 983
1 A 467 468
4 D 618 917
2 C 894 769
1 A 183 176
3 D 113 398
2 A 599 592
4 A 396 395
0 A 770 773
1 A 389 386
3 B 783 784
2 A 87 80
4 A 614 609
3 A 112 119
0 A 569 574
1 A 63 56
2 D 912 623
4 A 873 878
3 D 896 639
0 D 105 406
2 A 618 621
4 A 994 997
1 A 680 687
3 B 1 30
0 A 668 667
2 A 867 868
3 C 675 732
4 D 203 308
0 B 828 803
1 B 493 498
2 A 892 891
3 D 963 572
4 C 456 439
1 A 191 184
0 D 800 735
2 A 430 425
3 B 53 42
4 B 368 367
0 D 624 911
1 C 90 37
2 B 254 225
3 C 43 84
4 A 930 933
0 B 569 550
1 B 637 610
3 C 27 100
4 C 27 100
1 A 177 182
0 D 34 477
2 B 271 272
3 A 415 408
4 D 132 379
0 D 748 787
1 C 871 792
2 B 510 481
3 C 117 10
1 A 714 717
4 A 338 341
0 B 185 166
3 C 10 117
2 B 779 788
4 A 625 630
0 C 761 646
1 D 814 721
3 C 694 713
2 D 992 543
1 C 866 797
3 D 537 998
4 D 132 379
0 B 419 444
1 B 120 103
3 A 863 856
2 D 306 205
0 C 315 324
4 D 430 81
2 A 180 179
1 D 477 34
0 B 309 298
3 C 922 997
2 B 542 513
1 C 895 768
0 B 128 159
3 C 290 349
1 D 554 981
2 D 86 425
4 A 848 855
0 D 147 364
3 D 598 937
4 A 599 592
2 C 587 564
1 B 315 292
0 D 683 852
3 B 28 3
2 C 398 497
4 B 110 113
0 C 782 881
1 B 184 167
2 B 141 146
3 C 928 991
4 A 728 735
0 A 504 511
1 B 829 802
3 C 478 417
4 A 812 811
1 B 32 63
0 C 228 155
2 A 883 884
3 C 805 858
0 A 681 686
1 D 199 312
2 C 706 701
4 B 563 556
1 D 230 281
2 A 563 564
3 D 505 6
4 C 546 605
0 C 802 861
1 B 274 269
3 C 369 270
2 D 187 324
4 A 409 414
0 A 312 319
3 A 515 516
4 A 527 520
1 A 171 172
2 D 86 425
3 D 384 127
4 D 503 8
0 A 390 385
1 A 66 69
2 C 135 248
3 A 686 681
4 D 98 413
2 A 60 59
0 C 675 732
1 C 816 847
4 A 17 22
3 D 412 99
2 B 80 79
0 D 82 429
1 C 678 729
3 B 594 589
4 C 673 734
2 A 83 84
0 B 294 313
3 A 321 326
4 B 383 352
1 B 220 195
2 A 449 454
0 B 847 848
3 B 497 494
4 D 567 968
2 A 763 764
1 D 16 495
0 A 958 953
3 B 268 275
4 B 68 91
1 B 213 202
0 D 971 564
2 C 492 403
4 C 46 81
1 C 413 482
2 C 811 852
3 D 401 110
3 D 401 110
2 B 243 236
1 B 620 627
0 D 21 490
2 B 513 542
0 D 978 557
1 B 624 623
3 A 877 874
4 D 296 215
0 A 54 49
2 A 219 220
1 D 313 198
3 A 353 358
4 D 433 78
0 C 830 833
1 B 805 826
2 B 63 32
3 C 551 600
4 B 723 716
0 D 689 846
1 D 1011 524
2 A 909 906
0 D 837 698
3 A 675 676
2 C 1016 903
4 A 294 289
1 C 734 673
0 B 831 800
2 D 67 444
3 D 931 604
1 D 102 409
2 C 372 267
3 B 472 455
4 A 411 412
0 B 503 488
1 A 107 108
2 D 957 578
4 C 36 91
1 C 523 628
3 C 826 837
2 C 98 29
4 D 698 837
1 C 522 629
3 B 548 571
0 A 21 18
4 A 460 459
1 B 949 938
2 C 724 683
3 C 248 135
0 A 127 120
4 D 325 186
3 A 354 357
1 B 939 948
2 B 601 582
0 A 752 759
3 A 989 986
1 C 318 321
4 C 683 724
0 B 946 941
2 B 903 920
3 C 852 811
0 B 208 207
1 B 504 487
2 B 366 369
4 A 316 315
3 A 982 977
0 D 260 251
1 A 205 202
4 B 627 620
2 D 579 956
1 D 875 660
2 A 382 377
3 D 89 422
4 B 958 929
0 D 933 602
1 C 25 102
4 A 605 602
3 B 5 26
0 D 360 151
4 B 918 905
2 D 356 155
1 D 664 871
0 C 614 537
3 B 809 822
4 B 404 395
2 B 211 204
0 C 879 784
1 A 93 90
3 B 971 980
4 B 657 654
2 C 195 188
0 C 953 966
3 D 652 883
1 C 559 592
2 B 586 597
4 A 96 103
0 D 651 884
1 C 777 886
2 B 894 865
3 A 819 820
4 B 396 403
0 A 891 892
1 A 232 239
4 B 174 177
2 B 6 25
3 C 981 938
0 D 55 456
1 D 964 571
3 A 493 490
4 D 543 992
2 A 709 706
1 A 632 639
0 D 999 536
4 B 478 449
3 B 189 162
2 D 441 70
4 D 692 843
0 C 289 350
1 C 38 89
2 C 234 149
3 A 455 448
0 B 85 74
2 A 430 425
3 B 582 601
4 B 322 349
1 A 449 454
0 D 899 636
2 C 36 91
3 D 290 221
4 D 884 651
1 A 494 489
0 A 453 450
3 A 60 59
1 B 813 818
2 A 267 268
0 D 245 266
3 B 592 591
4 C 587 564
1 A 249 254
3 C 616 535
2 A 784 791
0 C 265 374
4 A 873 878
3 D 311 200
0 C 699 708
1 D 540 995
2 A 154 157
4 D 457 54
3 A 218 221
0 A 898 901
2 A 77 74
1 D 242 269
4 A 12 11
3 A 534 529
0 C 649 758
1 D 928 607
2 A 626 629
4 A 537 542
3 A 775 768
0 B 420 443
2 A 289 294
1 D 372 139
4 D 1011 524
0 D 305 206
3 A 129 134
4 A 544 551
1 D 76 435
2 C 805 858
0 B 724 715
3 B 873 886
1 C 480 415
2 C 829 834
4 A 291 292
0 B 853 842
3 C 869 794
2 C 322 317
4 D 401 110
0 B 796 771
1 D 248 263
3 D 296 215
2 A 434 437
4 A 586 589
0 C 923 996
1 B 304 303
3 B 355 380
2 B 550 569
0 B 838 857
1 B 864 895
3 A 896 903
4 D 137 374
1 D 854 681
2 A 57 62
4 C 81 46
3 B 664 647
0 B 1023 992
2 C 302 337
4 B 765 738
1 D 200 311
3 D 459 52
2 B 64 95
4 B 151 136
0 C 932 987
1 D 960 575
3 B 114 109
4 C 964 955
0 D 697 838
1 B 536 519
2 D 285 226
4 B 519 536
3 C 728 679
1 A 459 460
0 D 539 996
2 D 368 143
3 B 186 165
4 D 880 655
0 C 575 576
1 B 627 620
2 A 991 984
3 A 457 462
0 A 793 798
1 A 820 819
2 B 520 535
3 D 963 572
0 A 135 128
1 D 867 668
4 D 872 663
2 B 103 120
0 A 299 300
3 D 667 868
4 C 205 178
1 C 709 698
2 C 825 838
0 C 283 356
3 B 664 647
4 B 624 623
2 C 777 886
0 C 213 170
1 A 543 536
3 A 90 93
4 D 637 898
2 A 288 295
0 A 506 509
1 C 143 240
3 D 228 283
2 B 635 612
4 B 408 391
0 A 669 666
1 B 731 708
3 D 937 598
2 A 945 950
0 A 583 576
3 D 674 861
1 A 973 970
3 B 663 648
2 D 66 445
4 B 198 217
1 C 149 234
0 D 836 699
2 C 698 709
3 C 921 998
4 B 778 789
1 D 614 921
0 A 235 236
2 B 707 732
3 D 575 960
4 C 100 27
1 A 606 601
3 B 990 961
2 D 657 878
0 A 572 571
4 D 381 130
1 C 659 748
2 B 443 420
3 C 224 159
0 A 767 760
4 A 665 670
1 B 117 106
2 A 843 844
3 B 23 8
0 C 2 125
4 A 387 388
1 D 165 346
2 A 512 519
3 B 885 874
0 B 240 239
4 D 664 871
1 D 332 179
2 D 401 110
3 C 751 656
0 C 717 690
4 B 310 297
1 C 278 361
3 C 737 670
0 A 513 518
2 A 969 974
4 A 586 589
3 B 864 895
2 A 596 595
1 D 814 721
4 A 37 34
0 B 699 676
2 B 324 347
3 B 689 686
1 A 56 63
0 A 777 782
2 C 106 21
3 C 697 710
4 A 884 883
0 C 260 379
3 A 323 324
2 D 355 156
1 C 439 456
4 B 222 193
2 D 482 29
3 A 375 368
0 B 194 221
1 B 789 778
2 C 776 887
3 A 668 667
4 C 720 687
0 C 557 594
1 C 575 576
2 A 718 713
3 D 200 311
0 D 1001 534
1 B 753 750
3 A 373 370
4 C 143 240
2 A 758 753
0 C 110 17
4 D 127 384
2 D 215 296
1 B 122 101
4 B 472 455
3 D 158 353
0 B 141 146
2 D 278 233
3 D 475 36
0 B 955 932
4 C 502 393
2 B 831 800
1 C 200 183
3 A 711 704
0 B 392 407
4 A 823 816
2 A 372 371
1 D 80 431
3 B 405 394
4 C 155 228
0 A 3 4
1 A 258 261
2 A 553 558
3 D 661 874
4 A 669 666
1 A 680 687
2 C 687 720
3 D 407 104
0 A 98 101
4 D 237 274
1 B 56 39
0 C 866 797
2 D 375 136
3 D 165 346
1 A 910 905
4 D 68 443
0 B 902 921
3 C 693 714
1 D 378 133
2 D 448 63
4 B 93 66
3 D 558 977
0 C 342 297
1 D 654 881
2 A 908 907
4 A 530 533
3 C 107 20
1 B 614 633
0 D 433 78
2 B 135 152
4 C 845 818
3 B 347 324
0 A 343 336
1 D 499 12
2 A 711 704
4 B 337 334
3 A 349 346
0 A 81 86
1 B 756 747
4 B 276 267
2 A 858 861
0 A 944 951
3 C 671 736
1 D 838 697
2 A 406 401
4 C 411 484
0 C 641 766
1 D 658 877
4 C 281 358
1 A 641 646
0 D 816 719
2 A 304 311
3 C 769 894
1 D 640 895
2 B 631 616
3 A 828 827
4 C 455 440
0 C 329 310
1 C 891 772
3 C 393 502
4 B 747 756
2 D 59 452
1 C 529 622
3 B 850 845
2 A 623 616
4 B 207 208
0 B 615 632
3 D 268 243
1 D 816 719
2 B 233 246
4 D 153 358
0 D 47 464
3 C 940 979
1 B 825 806
4 C 588 563
0 C 529 622
3 D 724 811
1 C 491 404
4 A 225 230
0 B 549 570
2 B 490 501
3 D 211 300
1 D 42 469
4 C 847 816
0 B 297 310
1 C 289 350
2 A 373 370
4 A 662 657
3 C 462 433
0 A 554 557
1 D 169 342
2 B 667 644
3 B 816 815
4 C 231 152
0 D 38 473
1 C 994 925
2 C 5 122
3 C 471 424
4 B 766 737
0 D 78 433
1 A 361 366
3 C 886 777
2 D 642 893
4 B 442 421
1 C 639 512
3 A 882 885
0 D 997 538
4 C 79 48
1 D 427 84
2 C 605 546
3 D 143 368
0 C 77 50
4 C 1007 912
3 B 519 536
0 C 814 849
1 D 428 83
2 C 125 2
4 A 906 909
3 C 254 129
0 C 515 636
1 C 751 656
2 A 459 460
4 A 464 471
3 C 670 737
1 C 605 546
4 B 267 276
2 D 647 888
0 D 78 433
1 B 898 925
2 D 923 612
3 D 676 859
0 A 85 82
4 D 8 503
1 B 950 937
3 B 121 102
2 D 620 915
4 D 64 447
0 D 396 115
3 B 859 836
4 B 812 819
1 C 682 725
2 A 423 416
0 B 305 302
1 D 633 902
4 A 320 327
3 D 555 980
2 C 451 444
0 C 884 779
3 B 139 148
1 D 188 323
4 D 466 45
2 B 480 511
1 D 718 817
4 D 565 970
0 C 803 860
3 B 493 498
1 D 371 140
2 B 520 535
4 B 416 447
1 D 693 842
3 C 289 350
0 A 380 379
3 C 746 661
0 B 373 362
4 B 12 19
1 B 31 0
3 A 206 201
2 C 33 94
4 D 733 802
0 D 716 819
1 C 1004 915
3 D 917 618
2 D 455 56
4 D 504 7
1 B 649 662
3 B 379 356
0 D 444 67
2 A 982 977
1 B 848 847
4 A 154 157
3 C 745 662
2 A 867 868
0 D 785 750
1 D 408 103
2 A 896 903
3 B 245 234
0 B 217 198
4 A 990 985
2 D 579 956
1 A 125 122
0 D 683 852
3 A 963 964
4 A 282 285
2 C 656 751
1 C 52 75
0 D 188 323
4 A 762 765
2 C 585 566
3 B 148 139
1 D 334 177
4 D 913 622
2 D 47 464
3 C 965 954
0 B 842 853
1 D 396 115
4 D 642 893
2 D 217 294
0 C 612 539
1 C 423 472
3 A 941 938
4 B 70 89
2 C 792 871
0 A 16 23
1 C 394 501
4 A 645 642
2 A 89 94
3 C 766 641
0 C 132 251
1 A 307 308
4 D 919 616
2 D 113 398
3 A 38 33
0 C 297 342
1 A 680 687
4 C 825 838
0 D 943 592
1 D 581 954
3 B 345 326
2 C 141 242
0 D 118 393
2 B 804 827
3 A 130 133
4 B 817 814
1 C 191 192
2 D 943 592
3 D 543 992
4 B 202 213
0 C 805 858
1 A 885 882
4 B 193 222
3 D 713 822
0 B 1017 998
1 C 508 387
2 B 616 631
4 B 169 182
2 B 41 54
3 C 70 57
1 A 903 896
4 D 440 71
0 C 967 952
2 C 367 272
1 A 940 939
3 B 141 146
0 B 500 491
2 A 547 548
4 B 609 638
1 C 399 496
3 D 995 540
0 C 481 414
2 D 576 959
4 B 332 339
1 D 717 818
0 B 299 308
2 A 255 248
4 C 222 161
1 D 92 419
3 C 522 629
2 C 576 575
1 A 925 922
4 A 564 563
3 C 355 284
0 B 910 913
2 A 296 303
1 C 876 787
0 D 186 325
3 B 762 741
2 D 834 701
1 A 244 243
4 D 415 96
0 C 83 44
2 D 909 626
3 C 277 362
1 B 36 59
4 B 376 359
0 A 673 678
2 D 544 991
3 C 284 355
1 B 273 270
4 B 579 604
2 D 80 431
1 A 539 540
4 A 475 476
3 D 823 712
0 A 910 905
2 A 751 744
3 B 584 599
4 B 976 975
1 C 679 728
0 A 498 501
4 A 637 634
2 D 78 433
1 C 301 338
2 C 546 605
4 B 473 454
0 D 407 104
1 C 682 725
3 A 957 954
2 C 183 200
1 C 135 248
4 B 611 636
3 C 987 932
0 A 266 269
2 A 68 67
3 C 511 384
4 C 44 83
0 D 434 77
1 A 336 343
2 C 264 375
3 D 611 924
4 B 737 766
0 B 294 313
1 D 368 143
3 B 716 723
4 A 420 419
0 D 961 574
2 C 933 986
1 A 742 737
3 B 909 914
4 B 890 869
0 D 605 930
1 D 243 268
3 B 989 962
2 B 48 47
4 B 585 598
0 B 211 204
1 D 477 34
2 A 892 891
3 C 93 34
4 D 316 195
0 D 44 467
1 D 836 699
2 C 337 302
3 B 493 498
4 C 411 484
1 B 273 270
2 A 781 778
4 D 960 575
0 A 469 466
3 B 367 368
1 C 600 551
2 C 517 634
0 D 790 745
3 D 342 169
1 A 197 194
0 D 214 297
2 C 1020 899
3 C 93 34
4 B 876 883
1 A 787 788
2 C 110 17
3 B 809 822
0 A 551 544
4 B 825 806
1 C 550 601
3 B 428 435
0 A 757 754
2 B 602 581
4 D 535 1000
3 C 229 154
1 C 147 236
2 B 82 77
0 C 725 682
4 A 767 760
1 D 879 656
3 C 258 381
0 A 968 975
2 D 442 69
1 C 131 252
3 D 285 226
4 C 954 965
0 C 377 262
2 A 650 653
1 B 921 902
0 D 766 769
2 A 711 704
1 D 450 61
3 C 349 290
2 D 553 982
4 D 736 799
1 C 14 113
0 A 832 839
2 C 466 429
3 C 388 507
1 B 702 673
0 D 196 315
3 A 112 119
4 A 727 720
2 D 192 319
0 A 824 831
3 D 546 989
4 B 145 142
2 A 942 937
1 A 197 194
3 C 263 376
4 B 51 44
0 D 719 816
1 A 206 201
3 B 202 213
2 D 701 834
4 B 514 541
0 A 433 438
1 D 883 652
2 D 627 908
3 A 424 431
4 C 330 309
0 B 431 432
1 D 572 963
3 C 702 705
1 B 65 94
0 C 718 689
2 A 846 841
4 A 467 468
3 C 270 369
0 C 1004 915
1 D 846 689
2 D 288 223
4 C 956 963
3 C 987 932
0 D 904 631
1 B 715 724
2 C 768 895
4 B 572 547
3 C 275 364
0 B 832 863
1 A 238 233
4 A 104 111
3 A 752 759
0 A 948 947
1 C 577 574
4 A 53 50
2 C 870 793
3 C 12 115
0 D 791 744
1 A 557 554
4 D 261 250
2 A 590 585
0 B 420 443
3 D 310 201
2 A 630 625
3 A 966 961
4 C 46 81
0 C 77 50
2 B 182 169
3 B 301 306
0 A 351 344
4 C 993 926
2 A 179 180
3 A 973 970
4 B 707 732
0 A 380 379
2 B 113 110
0 C 321 318
1 D 750 785
3 D 416 95
2 B 667 644
4 B 627 620
0 B 99 124
3 A 977 982
1 A 695 688
4 B 221 194
2 D 406 105
0 A 80 87
1 D 941 594
3 C 754 653
4 B 705 734
0 D 467 44
2 C 308 331
1 A 64 71
4 B 934 953
3 D 343 168
0 B 229 250
2 B 961 990
1 B 227 252
3 C 237 146
4 A 270 265
0 D 817 718
2 C 211 172
1 C 60 67
3 D 434 77
4 C 828 835
2 D 846 689
0 C 513 638
1 D 833 702
4 D 494 17
0 A 799 792
1 B 254 225
2 C 787 876
3 A 226 229
4 B 260 283
0 B 834 861
1 A 726 721
2 C 451 444
3 B 355 380
4 C 803 860
0 A 863 856
2 B 648 663
4 D 909 626
1 D 628 907
3 C 890 773
2 B 798 769
0 A 923 924
4 C 822 841
2 B 30 1
3 A 98 101
0 C 241 142
1 A 588 587
2 D 480 31
4 D 481 30
3 C 245 138
0 D 329 182
2 D 964 571
4 C 871 792
1 A 760 767
0 C 922 997
2 D 678 857
3 D 972 563
4 A 738 741
0 D 345 166
1 B 805 826
2 A 945 950
3 D 230 281
4 D 314 197
0 B 410 389
1 A 345 350
2 B 445 418
3 B 938 949
0 A 325 322
4 A 697 702
2 C 803 860
0 D 209 302
1 B 888 871
2 B 921 902
4 D 772 763
0 C 398 497
1 B 601 582
2 A 667 668
4 D 668 867
3 A 538 541
0 B 436 427
1 B 852 843
2 B 551 568
4 C 495 400
3 C 995 924
1 C 417 478
2 B 231 248
4 D 343 168
0 A 33 38
3 A 1 6
1 C 793 870
2 A 543 536
4 B 603 580
0 C 957 962
3 B 496 495
1 A 191 184
2 C 616 535
4 D 822 713
3 A 120 127
0 A 35 36
2 A 250 253
4 B 312 295
3 D 872 663
0 C 541 610
1 D 387 124
2 A 778 781
1 C 94 33
3 A 556 555
4 C 104 23
0 D 40 471
2 A 616 623
1 C 635 516
4 A 986 989
0 A 450 453
3 C 289 350
1 D 993 542
2 D 959 576
0 A 2 5
3 D 583 952
2 B 472 455
4 D 164 347
1 A 276 275
3 A 750 745
4 A 343 336
0 B 443 420
1 B 732 707
2 A 194 197
1 C 8 119
4 A 68 67
3 C 572 579
0 A 956 955
2 B 91 68
1 A 444 443
3 D 898 637
4 A 49 54
0 A 328 335
2 D 502 9
1 C 387 508
4 C 274 365
2 A 128 135
3 B 21 10
0 A 99 100
1 D 877 658
4 D 677 858
2 B 910 913
0 B 255 224
3 C 777 886
4 A 27 28
2 D 434 77
1 B 346 325
3 A 41 46
0 A 510 505
4 B 509 482
1 A 808 815
4 A 235 236
2 D 1003 532
0 A 508 507
3 A 797 794
1 C 515 636
4 C 445 450
0 D 189 322
1 D 2 509
2 B 176 175
3 A 120 127
0 D 89 422
4 C 302 337
2 B 533 522
1 D 422 89
4 B 470 457
0 C 237 146
3 B 730 709
1 C 237 146
2 B 328 343
4 A 711 704
3 A 752 759
0 C 271 368
0 C 271 368
1 A 83 84
3 D 771 764
0 C 487 408
4 D 94 417
1 D 657 878
3 D 413 98
0 C 692 715
2 B 60 35
4 C 92 35
1 A 745 750
3 A 254 249
0 C 440 455
4 A 501 498
1 A 905 910
2 B 139 148
3 A 228 227
0 D 470 41
4 A 301 298
1 C 289 350
3 B 16 15
0 A 63 56
2 D 569 966
4 A 604 603
1 C 521 630
3 C 692 715
2 C 651 756
4 C 642 765
0 C 209 174
1 D 588 947
2 D 572 963
3 D 830 705
4 A 551 544
0 A 581 578
1 A 416 423
2 A 422 417
3 B 419 444
4 D 53 458
0 C 595 556
1 B 402 397
3 D 809 726
4 C 239 144
0 A 658 661
2 C 766 641
0 C 176 207
1 D 208 303
2 A 690 693
4 C 53 74
1 C 595 556
0 C 41 86
2 D 391 120
3 D 5 506
1 A 273 278
4 D 580 955
2 C 657 750
3 D 834 701
4 B 515 540
0 B 728 711
1 B 192 223
2 B 810 821
3 B 762 741
4 C 0 127
0 B 868 891
1 B 277 266
3 A 813 810
2 D 744 791
4 A 440 447
1 C 806 857
3 A 423 416
0 B 875 884
2 A 143 136
4 C 434 461
1 B 368 367
3 B 320 351
4 D 819 716
0 D 466 45
1 C 548 603
3 D 985 550
2 D 941 594
0 B 562 557
4 C 731 676
3 D 256 255
2 D 320 191
1 D 892 643
3 A 656 663
0 A 618 621
4 D 341 170
2 A 456 463
1 C 409 486
4 A 768 775
3 C 193 190
2 C 96 31
0 A 5 2
3 C 306 333
4 A 722 725
1 D 83 428
0 D 733 802
2 D 953 582
3 D 86 425
4 A 140 139
1 A 677 674
0 B 691 684
2 C 539 612
3 D 174 337
4 D 94 417
1 B 388 411
0 C 681 726
2 A 287 280
3 B 540 515
4 D 600 935
1 A 878 873
3 A 177 182
2 D 938 597
4 A 252 251
0 D 42 469
2 B 931 956
3 A 289 294
4 C 145 238
0 D 489 22
1 D 785 750
2 A 219 220
4 A 867 868
0 C 76 51
1 A 815 808
3 A 632 639
2 B 431 432
4 D 924 611
1 D 666 869
3 B 283 260
0 C 28 99
2 D 658 877
4 C 677 730
1 C 508 387
2 C 712 695
0 B 777 790
3 A 110 105
4 A 397 394
1 B 248 231
0 C 948 971
2 C 876 787
1 B 849 846
3 A 486 481
2 C 410 485
0 D 94 417
1 A 442 445
4 D 183 328
2 D 52 459
3 D 732 803
4 C 358 281
0 C 395 500
1 B 930 957
2 C 756 651
3 D 619 916
4 B 206 209
1 A 437 434
0 C 605 546
3 B 987 964
2 C 824 839
0 C 50 77
1 C 721 686
3 D 728 807
4 C 127 0
1 D 293 218
3 D 866 669
0 B 953 934
2 A 886 881
4 D 969 566
1 D 256 255
3 C 675 732
0 C 38 89
4 D 797 738
1 C 733 674
3 A 23 16
2 B 533 522
4 A 8 15
3 C 361 278
0 D 854 681
1 B 33 62
2 B 303 304
3 D 810 725
1 D 851 684
0 D 491 20
2 A 437 434
1 C 382 257
3 A 713 718
0 A 935 928
4 C 156 227
2 D 469 42
1 C 751 656
3 D 644 891
4 D 290 221
0 A 571 572
2 A 860 859
total time of producer and consumer measured by clock(2):
producer takes -1894567296 clicks 2400.399902 seconds.
consumer takes 30000 clicks 0.030000 seconds.
total time of producer and consumer measured by time(2):
producer takes 1195.000000 seconds.
consumer takes 0.000000 seconds.

real	20m0.402s
user	40m0.040s
sys	0m0.427s
