1 B 53 785
1 B 287 196
1 B 287 196
0 B 988 157
3 B 62 937
4 B 291 578
0 D 988 197
0 D 988 434
2 A 819 655
3 B 721 321
2 A 819 377
1 C 287 767
4 B 642 578
3 A 721 228
1 C 287 42
0 D 988 107
2 B 819 377
2 B 819 748
1 D 287 42
0 D 988 709
3 C 721 267
4 B 642 150
2 C 819 820
4 B 642 86
0 D 988 963
3 C 721 33
4 B 642 316
2 B 819 377
1 C 287 822
3 B 721 224
4 B 642 86
3 B 353 718
2 B 484 820
0 C 735 709
2 B 484 820
4 D 534 669
3 B 370 662
2 B 964 675
3 B 253 382
1 A 821 878
2 A 964 507
3 D 253 382
2 C 116 507
1 A 200 229
1 A 200 229
0 C 599 672
3 D 253 846
2 D 116 518
4 A 531 122
1 C 200 818
3 C 253 226
1 A 200 220
0 A 599 672
0 A 599 372
0 A 599 330
1 B 200 229
0 A 599 330
0 D 599 721
0 D 599 721
4 A 999 532
3 B 702 365
1 D 200 207
2 D 923 987
0 C 905 552
4 D 511 86
4 C 511 901
2 B 439 827
3 C 788 673
4 D 511 399
2 C 539 827
1 B 327 122
2 D 500 612
1 B 823 390
0 D 62 1014
3 C 788 673
4 A 63 174
4 A 63 0
1 B 823 390
2 A 500 424
0 B 454 436
3 C 119 516
1 D 823 344
0 B 454 436
3 C 119 875
1 D 823 808
4 D 197 56
0 A 454 436
2 A 604 612
2 A 604 855
2 A 261 117
0 D 454 473
0 A 454 436
1 A 841 311
1 A 841 619
3 B 207 8
1 C 1001 846
1 C 1001 846
3 B 385 599
4 D 73 907
1 C 986 846
4 C 73 314
2 A 65 126
2 A 65 121
3 B 554 8
3 B 554 208
3 B 554 208
4 B 73 205
3 B 554 437
0 D 545 449
4 C 73 205
2 A 65 70
4 C 73 205
3 C 554 437
2 D 999 70
1 A 600 918
4 C 73 675
0 B 85 230
4 C 73 438
0 B 85 230
4 C 73 205
3 C 696 565
4 D 73 438
0 D 85 615
2 D 371 121
0 D 85 603
1 A 927 607
0 A 85 74
0 A 85 615
0 A 85 74
1 A 617 609
2 C 571 536
3 C 126 711
2 C 571 975
3 C 126 711
2 C 571 975
0 C 324 615
4 D 466 76
2 C 376 140
3 C 503 711
1 A 20 42
4 D 244 76
1 B 20 622
1 B 20 596
1 C 20 609
3 B 925 1
1 C 20 19
3 B 349 1
4 A 244 842
4 A 244 4
3 B 349 1
1 C 20 19
4 D 244 45
0 D 825 1017
2 C 56 790
4 A 244 45
4 C 244 45
3 B 664 322
4 C 139 76
3 A 664 897
0 B 460 401
2 D 56 224
3 A 664 210
0 B 772 399
2 D 864 78
2 D 864 71
0 A 772 222
3 A 664 898
0 A 759 399
0 C 759 467
4 A 3 267
4 D 204 468
1 D 207 449
0 D 759 467
4 C 204 518
4 C 204 244
4 C 204 468
0 B 759 467
0 B 759 795
4 C 204 468
0 B 759 752
2 C 604 224
1 B 207 559
4 A 204 604
0 B 264 401
1 D 207 559
2 C 115 671
3 B 842 853
1 A 207 259
3 A 842 853
3 D 842 853
1 D 981 304
2 C 652 987
2 C 652 987
1 D 981 304
2 A 652 547
0 D 767 279
1 A 981 202
2 A 652 547
2 A 652 12
1 A 629 449
3 D 465 853
1 D 492 259
2 B 287 755
3 C 465 853
2 B 287 755
0 C 10 587
1 A 889 626
1 A 889 554
4 C 68 215
0 A 10 587
3 C 62 619
0 C 10 768
4 D 68 596
3 C 755 46
4 B 68 596
1 B 697 894
0 C 459 863
3 C 755 619
0 A 459 117
4 D 68 955
1 C 875 117
2 B 137 388
3 C 377 65
4 D 145 59
3 D 377 65
1 C 875 678
2 C 137 388
3 D 377 619
3 A 377 652
0 A 47 436
2 A 137 280
2 A 137 280
1 C 875 545
0 C 47 698
2 A 137 150
4 D 655 190
0 A 47 436
0 C 47 698
0 A 47 221
4 D 655 955
0 A 47 117
0 A 47 40
1 C 962 556
3 A 38 262
3 A 728 563
4 C 308 366
4 B 308 79
3 A 575 506
2 A 796 581
3 A 575 33
2 D 796 461
1 D 22 88
3 D 575 506
0 A 587 199
2 B 796 461
4 A 308 79
1 D 90 575
4 A 308 79
2 C 796 795
3 C 167 563
0 B 587 60
3 C 167 568
4 A 728 331
0 B 512 822
0 B 512 588
0 B 512 846
1 D 821 489
4 A 627 735
1 D 447 489
1 C 447 575
4 A 397 331
1 A 447 611
2 A 170 194
1 A 447 421
2 A 578 44
4 A 361 111
3 A 146 216
2 C 578 754
4 A 361 628
2 C 561 754
3 A 517 147
4 B 361 394
4 B 361 394
3 A 517 149
1 A 860 714
2 C 561 501
3 A 517 149
2 D 561 173
2 D 561 581
3 B 517 149
3 B 612 514
1 C 321 64
1 C 469 859
3 D 612 45
4 C 97 366
3 D 612 149
3 D 612 514
0 D 556 989
1 B 147 859
0 A 556 347
0 A 556 989
2 D 578 590
0 C 556 989
3 D 712 635
0 D 556 979
0 B 556 979
1 B 227 1000
0 B 416 979
1 B 631 318
4 A 79 812
0 B 416 979
0 D 416 979
4 D 79 812
0 D 624 979
1 A 822 252
2 A 17 957
1 A 822 252
4 B 390 72
2 A 94 398
4 A 390 72
3 A 71 823
0 C 517 447
2 A 198 398
1 A 215 817
3 D 640 118
4 A 322 30
4 A 322 812
2 C 198 22
1 C 215 817
3 B 384 64
2 C 198 439
2 A 198 193
3 C 384 64
0 C 928 979
1 B 681 208
0 C 776 634
3 D 384 64
2 A 133 398
0 C 776 634
4 A 327 606
3 A 129 415
0 A 312 991
3 C 609 870
4 D 327 659
4 D 327 659
2 A 241 130
1 B 922 694
0 C 312 991
4 C 327 325
0 D 312 991
2 B 241 130
0 D 846 991
0 D 846 887
1 B 639 901
1 B 639 901
2 A 241 262
0 B 846 634
1 A 639 901
2 A 241 246
1 A 13 901
4 B 437 954
1 C 13 891
3 B 403 542
3 A 403 355
1 B 13 608
3 B 403 249
0 A 198 319
3 B 800 249
4 B 181 311
0 A 595 689
3 C 800 396
4 B 181 426
3 C 800 249
4 B 181 311
4 C 868 106
0 D 196 193
4 C 868 72
0 B 320 846
1 A 95 415
3 C 208 831
4 D 868 170
2 D 136 749
2 D 136 454
2 A 136 375
1 C 95 415
1 C 95 415
1 C 95 415
2 C 136 375
1 C 526 415
1 C 526 88
2 C 136 375
0 B 892 314
2 C 136 375
2 A 144 375
3 C 224 980
3 C 224 536
0 A 892 947
2 A 144 375
3 B 224 175
2 A 144 375
2 C 144 375
0 A 892 947
0 B 936 350
4 A 721 741
3 B 72 159
3 B 72 881
3 B 411 159
4 A 216 741
0 B 290 867
0 B 843 314
1 D 647 1014
3 B 411 159
4 A 216 233
0 B 843 951
1 A 647 1014
2 A 406 363
3 A 23 87
4 C 216 726
4 C 216 887
0 D 1019 959
2 A 842 363
4 C 216 887
3 D 23 388
2 A 842 751
2 B 842 0
0 D 1019 317
1 D 647 325
1 D 647 325
2 C 842 401
2 C 842 751
1 A 296 893
2 A 604 845
1 A 296 325
1 A 296 888
1 B 483 760
0 B 957 317
0 A 246 75
1 D 483 760
2 A 42 822
2 A 42 603
2 A 42 845
3 C 1016 492
1 D 829 893
1 D 452 893
2 A 240 206
3 A 1016 173
4 A 796 157
2 B 240 206
3 A 1016 226
0 A 246 930
1 B 452 720
4 A 796 157
2 B 240 45
0 A 246 75
3 A 1016 226
4 A 796 157
3 A 1016 1023
4 A 796 423
4 C 420 795
0 B 831 75
3 A 1016 821
3 D 1016 1023
2 D 826 247
1 D 568 706
4 C 670 795
1 D 568 706
0 D 588 846
3 D 134 903
2 D 949 709
1 A 1004 967
2 B 949 709
3 A 957 2
0 A 367 559
1 D 1004 967
2 C 949 969
3 A 957 377
0 D 351 559
1 A 396 967
2 C 949 970
3 D 957 377
1 B 396 800
2 A 949 970
3 D 421 377
0 C 351 605
0 C 351 360
2 B 606 586
1 A 396 800
4 C 309 214
2 B 125 709
4 C 309 330
4 C 309 366
0 C 971 160
4 B 309 330
0 C 542 947
4 B 309 330
4 B 309 214
4 B 309 330
1 A 310 975
4 A 309 330
1 A 310 786
0 B 496 519
1 A 88 621
0 B 496 519
4 A 328 330
3 D 245 601
3 D 245 601
0 A 496 948
1 B 88 621
3 B 245 601
0 A 658 609
2 C 150 68
3 C 245 940
0 A 658 495
1 A 88 95
3 C 245 451
2 C 150 68
3 B 245 601
3 B 245 266
1 B 88 621
3 B 245 266
2 D 150 41
4 B 716 191
2 D 150 319
4 B 466 826
3 B 574 266
0 B 190 661
2 B 150 319
4 A 466 826
4 A 466 191
2 B 150 68
3 B 574 266
4 A 466 180
2 C 150 41
4 A 466 826
2 B 150 233
4 D 466 723
2 B 150 233
4 D 466 723
1 B 316 954
0 D 644 161
1 C 316 723
0 C 644 225
0 C 644 344
1 C 592 723
1 C 592 723
3 C 654 545
1 C 592 723
0 C 644 161
1 C 592 291
0 B 895 891
3 A 654 185
0 B 895 891
3 A 428 785
0 C 895 891
0 B 895 891
3 D 428 753
1 B 505 723
3 B 428 753
4 D 184 880
1 B 505 559
3 D 428 753
4 A 184 110
2 D 39 258
4 D 184 110
2 D 39 396
4 D 184 110
2 A 39 937
0 B 114 793
4 D 184 110
4 D 19 110
2 D 39 937
2 C 39 235
4 D 19 327
2 C 39 104
3 D 175 427
0 D 392 10
2 A 39 472
4 C 19 327
1 B 885 474
3 D 967 381
1 B 885 474
0 C 392 886
1 C 885 874
0 C 392 115
2 A 789 472
1 C 885 874
1 C 885 259
1 C 885 874
2 A 919 104
3 D 967 557
3 D 967 492
3 D 967 492
1 D 885 874
2 A 937 71
1 D 885 874
0 D 138 886
3 C 967 336
2 A 879 786
3 C 967 568
2 A 265 942
2 A 265 872
3 C 502 815
0 D 203 202
4 C 656 656
0 D 203 202
2 D 265 270
0 C 203 202
2 C 265 270
0 C 203 373
4 B 656 656
0 C 203 917
1 B 109 61
0 C 203 119
3 B 487 606
1 B 504 324
0 C 203 680
1 D 504 324
4 A 656 936
4 C 656 936
1 D 504 324
3 D 487 745
1 D 504 973
3 D 487 766
4 B 521 849
1 D 504 973
4 B 521 834
3 C 386 766
3 C 386 766
3 A 16 393
2 B 937 789
2 C 937 789
2 C 937 393
4 B 273 534
2 C 937 393
4 B 273 960
2 D 937 393
0 A 641 376
1 D 494 835
4 C 133 960
0 A 641 680
0 D 641 308
3 A 577 23
2 B 654 950
0 C 641 376
3 D 848 110
0 C 641 646
4 B 133 270
4 B 133 200
0 C 641 646
3 B 848 358
3 B 848 110
0 C 641 646
3 B 848 358
3 B 848 509
4 A 133 943
3 B 848 158
1 C 351 17
4 A 7 250
2 B 88 430
1 D 351 515
2 B 923 430
3 D 848 687
2 C 923 811
1 D 351 515
2 C 923 657
2 C 923 811
4 C 483 266
1 C 351 515
2 C 923 71
2 C 923 900
0 D 179 1018
0 A 179 1018
1 C 536 515
4 B 74 668
0 C 179 1018
0 B 179 263
4 B 809 412
4 B 809 85
3 D 16 687
3 C 16 1015
0 B 179 712
4 C 809 85
3 C 16 128
1 B 657 515
0 B 262 332
0 B 262 332
4 B 809 85
4 B 809 112
3 B 16 655
1 A 679 441
4 D 809 822
3 B 16 330
1 B 679 969
3 B 16 655
1 B 679 654
2 D 117 54
3 C 16 434
0 B 488 263
2 B 117 54
0 B 488 281
1 B 14 672
2 D 117 715
2 D 117 54
1 C 14 672
1 C 14 654
2 C 117 715
0 D 957 503
1 C 14 969
2 A 117 141
0 D 957 503
0 C 957 503
2 C 117 141
2 C 301 394
1 D 450 17
2 C 301 394
3 C 848 495
3 B 848 200
3 B 848 200
4 C 218 788
3 B 848 398
4 C 218 788
0 C 816 578
1 A 450 405
4 C 218 788
3 D 848 317
3 C 848 317
3 C 848 317
4 C 218 788
0 D 816 800
1 A 738 61
3 A 848 317
4 C 215 117
1 A 738 61
0 D 345 800
4 C 215 788
2 C 507 536
1 A 401 741
2 D 507 536
2 D 507 536
4 D 215 117
2 D 507 834
2 D 507 834
1 D 401 239
0 A 603 800
2 C 507 834
0 A 603 166
2 C 1020 834
0 C 603 847
1 D 401 323
0 A 603 166
0 A 603 166
2 C 1020 834
1 C 401 406
0 A 603 616
3 D 116 261
2 C 1020 388
0 D 301 616
3 D 116 261
0 D 301 604
3 D 116 673
3 B 116 731
3 A 116 731
4 C 86 168
4 B 86 641
3 B 116 731
4 B 86 641
4 A 86 641
4 A 86 641
3 B 615 395
0 B 627 980
4 B 86 21
0 B 579 620
3 D 994 731
0 B 748 620
2 D 644 863
3 D 658 632
4 A 852 163
0 D 748 620
1 D 371 635
2 D 644 6
1 C 371 617
0 B 748 620
1 C 371 617
0 B 748 604
2 D 644 796
0 D 748 755
4 D 456 851
1 D 371 205
2 B 644 891
4 D 210 496
3 D 439 469
1 B 371 205
3 D 439 541
1 B 371 140
2 B 146 891
3 D 439 877
1 A 371 140
2 D 662 6
0 A 984 254
3 A 439 452
0 A 984 180
4 B 672 964
2 D 733 6
0 C 102 180
3 D 439 452
4 A 672 5
1 A 689 205
0 A 102 699
3 B 439 72
1 A 71 576
4 C 704 703
2 D 895 891
4 C 23 703
1 A 859 742
4 C 23 301
2 D 297 873
1 A 912 742
3 B 291 452
0 B 41 991
2 A 297 802
1 A 912 64
2 A 297 802
0 B 41 25
1 A 912 860
2 A 297 640
1 A 912 860
3 C 1010 316
3 B 1010 72
2 A 297 640
3 B 274 316
4 C 797 104
4 C 797 816
4 C 797 816
0 B 774 772
4 A 797 816
0 B 774 772
3 B 84 226
0 A 774 830
1 D 351 919
4 D 797 816
0 A 774 875
3 B 84 269
0 C 774 830
2 A 304 640
3 B 84 362
4 C 797 816
2 B 304 818
0 C 774 793
4 B 460 816
2 C 304 753
1 B 351 84
2 C 304 576
3 B 161 75
2 C 304 689
4 A 740 866
2 C 304 311
1 C 351 84
2 C 304 311
1 C 640 449
1 C 640 160
3 B 144 899
4 C 240 739
3 A 144 190
0 A 562 475
0 A 562 475
3 A 144 143
3 A 144 143
0 A 94 475
3 D 144 143
0 A 94 475
3 D 144 899
1 D 148 884
0 C 94 475
3 C 144 143
0 C 290 89
2 C 206 786
4 D 641 373
2 C 206 786
1 C 405 160
1 C 405 553
2 D 206 786
0 C 290 565
1 D 396 233
1 D 396 233
2 A 206 426
1 D 396 233
2 A 206 814
1 D 396 363
2 A 206 814
2 A 206 426
4 D 366 683
2 B 919 177
3 C 759 224
3 B 759 224
1 D 200 490
0 C 290 349
2 B 919 177
4 C 366 894
4 C 366 145
3 A 759 224
3 A 759 224
4 B 366 111
3 D 759 643
3 C 759 224
4 D 366 111
4 C 366 145
4 C 366 894
4 C 366 683
3 C 55 648
2 B 61 786
0 A 457 316
1 D 747 311
0 A 585 184
3 C 655 224
0 B 585 956
2 A 61 34
2 A 61 34
0 B 585 877
4 C 108 111
1 D 179 788
0 A 585 877
2 A 61 786
2 D 61 34
1 C 179 788
3 D 89 871
1 A 179 788
3 A 89 72
4 A 464 189
0 D 1019 462
3 C 89 752
1 C 186 788
4 A 464 19
1 C 186 773
4 A 464 19
1 C 186 788
1 B 623 332
3 D 401 752
4 D 464 455
4 D 464 455
3 D 78 566
0 B 552 168
3 D 728 422
0 B 552 516
0 B 552 168
1 C 83 788
0 B 552 516
1 C 283 197
2 D 797 20
2 D 797 20
4 C 48 471
0 B 552 415
2 D 797 298
2 D 797 814
0 A 552 415
2 B 797 814
3 B 258 433
1 C 675 942
4 B 182 393
2 B 776 814
0 A 146 168
4 D 182 393
2 B 776 738
3 B 463 442
1 D 675 356
2 A 776 738
1 A 675 942
3 B 463 694
1 A 675 44
3 D 463 285
2 C 337 738
4 D 171 169
4 D 171 79
0 D 574 302
3 C 463 118
2 D 337 791
4 D 171 169
1 A 166 732
1 A 166 732
3 D 463 442
3 D 463 464
4 D 235 79
4 C 281 40
1 D 827 161
2 D 167 302
0 D 12 961
3 A 463 118
4 D 281 40
0 B 12 961
1 A 726 732
4 D 281 340
0 B 12 961
2 D 948 24
1 A 206 721
1 A 362 445
4 D 597 358
2 D 243 344
2 D 243 344
1 A 362 708
2 A 243 673
0 D 637 499
2 A 243 673
3 C 691 129
3 C 851 579
0 C 641 138
1 A 864 365
2 D 243 673
0 C 641 138
3 A 851 666
4 A 471 388
1 A 864 474
2 D 355 453
1 A 864 201
4 C 471 687
3 A 851 666
4 C 471 388
2 D 55 268
3 D 851 666
0 D 641 898
1 C 864 871
4 D 772 687
1 B 864 871
3 B 658 666
0 A 641 898
4 A 772 378
3 C 170 716
0 B 641 747
4 D 772 464
1 B 440 474
2 C 318 268
4 D 772 687
2 A 515 156
2 A 515 156
0 D 440 898
1 B 523 423
2 B 829 456
3 B 923 213
1 B 186 239
1 C 186 239
3 B 923 634
1 C 186 483
1 C 186 532
2 B 29 802
3 B 729 633
0 D 21 71
1 B 186 165
2 A 29 802
0 A 21 71
4 D 865 729
1 B 186 165
2 A 680 987
4 A 865 729
2 A 680 958
4 A 865 729
0 A 922 356
4 A 865 20
2 A 680 2
3 A 729 633
0 A 922 356
3 D 729 710
0 A 922 490
2 A 264 687
4 B 865 24
0 B 922 490
3 D 262 633
0 A 287 925
4 B 818 670
0 D 287 490
4 B 437 670
2 C 760 190
1 A 622 929
1 A 622 934
2 D 760 271
1 A 622 934
4 B 437 20
0 C 911 280
1 B 622 670
1 B 622 593
4 B 637 426
3 D 510 249
2 D 86 647
3 B 510 265
3 B 510 1020
1 C 362 617
4 B 904 200
0 C 601 1008
4 B 904 813
4 C 904 610
3 A 510 577
2 C 140 148
3 A 510 577
2 C 140 632
3 A 510 577
4 C 109 919
3 A 417 1
2 C 140 537
4 C 109 417
3 A 417 1
0 C 520 659
4 C 109 919
1 B 816 87
0 C 520 1010
2 B 140 425
3 A 550 265
2 B 679 243
3 C 1011 577
2 D 679 243
3 A 1011 422
0 A 520 631
4 B 109 18
0 D 520 1008
3 A 659 545
0 D 381 631
2 A 679 537
0 A 721 631
1 C 370 815
2 A 495 696
4 D 109 18
0 B 721 550
0 B 721 631
0 A 565 631
2 A 51 488
1 B 370 719
2 D 51 227
1 B 370 44
0 A 571 487
2 B 51 227
1 B 349 44
0 B 571 487
2 C 51 790
3 C 683 195
4 C 47 107
3 C 683 195
0 D 571 26
2 C 318 227
0 B 571 1007
1 B 247 933
1 A 247 322
3 A 683 417
4 C 151 991
1 A 247 34
4 C 625 991
3 A 683 516
0 D 193 130
3 A 683 516
4 A 625 316
4 C 625 991
1 D 247 34
3 A 683 516
1 D 247 34
3 A 714 724
4 A 625 275
3 A 248 717
2 C 126 392
4 A 923 232
3 D 248 513
4 A 894 232
0 C 127 318
1 D 655 232
3 C 45 513
4 A 894 222
2 C 126 440
0 C 352 318
2 C 126 392
0 C 956 66
4 C 100 232
4 C 100 924
0 C 956 66
1 D 84 2
1 D 84 2
2 A 957 1
0 D 956 0
2 D 15 1010
1 A 84 2
1 A 84 2
2 D 791 440
0 A 956 287
1 C 461 799
4 C 666 27
4 C 666 27
1 C 461 427
2 C 591 392
1 C 450 427
0 A 851 357
3 D 710 82
4 C 740 121
2 C 665 793
4 A 740 121
2 B 665 496
0 C 213 357
0 C 213 287
3 D 710 933
0 C 213 146
4 D 740 121
1 C 859 434
3 C 710 933
2 D 73 560
3 C 710 933
1 B 859 445
0 B 213 357
3 B 710 111
3 C 710 825
4 D 26 856
3 A 710 825
1 B 859 321
0 A 218 170
1 C 883 321
1 C 883 804
3 A 668 119
2 D 440 603
4 D 328 299
3 C 668 646
3 C 668 119
0 B 403 578
3 A 668 610
1 C 276 321
0 D 403 878
3 C 668 667
1 A 685 780
0 B 992 557
2 D 142 752
0 B 992 756
4 D 559 520
4 D 559 520
0 C 992 396
4 D 559 270
4 B 559 183
1 D 378 363
2 A 609 602
1 D 378 363
2 A 609 71
2 A 316 602
2 A 316 662
2 C 316 369
2 C 316 71
2 C 316 369
2 C 238 369
4 D 727 976
3 C 634 360
1 D 252 133
3 C 634 273
3 C 634 364
0 D 362 422
3 C 634 679
2 B 606 614
3 A 634 679
0 B 362 422
2 D 606 794
0 B 362 538
0 C 362 538
1 D 482 692
3 A 844 517
0 A 362 1008
1 A 482 889
1 A 482 124
3 C 844 899
3 C 844 517
3 C 844 679
0 D 362 699
0 D 264 548
1 D 482 141
2 D 1009 794
0 D 264 149
3 A 844 843
1 D 825 387
4 C 293 672
1 D 825 387
4 C 293 356
1 B 244 29
2 A 9 577
3 A 573 843
4 D 293 820
4 C 293 951
4 C 293 390
2 A 391 526
2 A 391 526
2 A 391 200
2 A 391 14
4 A 293 346
1 B 898 449
1 B 898 710
0 D 451 857
2 A 88 570
1 B 898 449
1 B 898 710
3 A 75 416
1 D 898 449
0 C 451 173
0 C 451 60
3 C 75 570
3 C 75 275
1 A 898 449
3 C 75 76
2 C 448 526
4 D 462 390
1 D 898 925
0 D 451 60
3 A 75 76
0 C 805 60
2 A 448 570
3 A 75 76
0 A 805 60
0 B 805 60
2 C 293 95
4 C 708 539
4 C 708 539
4 A 708 49
0 B 99 60
1 D 392 602
0 B 372 233
3 A 52 993
4 A 708 747
4 A 708 750
0 D 372 620
1 B 392 619
4 A 708 750
3 A 527 993
2 C 744 553
2 C 744 710
0 B 372 299
1 D 392 748
4 A 580 699
4 C 580 312
2 B 744 294
3 D 846 51
1 C 392 748
1 B 215 748
3 D 301 51
2 B 744 94
1 B 215 602
3 D 301 520
1 B 215 119
4 B 751 396
2 B 744 94
3 B 301 520
2 B 693 94
2 B 693 552
0 B 727 126
1 A 6 962
3 C 953 689
4 B 94 853
0 B 639 126
3 C 953 689
4 B 94 579
0 C 639 92
2 A 175 527
3 C 217 210
0 B 639 92
2 C 175 663
2 C 478 957
4 C 519 170
1 A 27 851
4 B 519 170
0 B 995 608
2 A 478 168
0 C 995 126
2 A 478 168
1 D 348 147
1 D 348 147
2 A 478 168
1 A 592 22
1 A 592 1
1 A 592 22
3 C 729 166
0 A 712 129
3 C 729 783
3 C 999 783
3 A 999 966
4 D 879 632
4 D 366 632
0 C 712 309
3 A 999 678
0 D 712 719
4 B 366 408
3 A 999 783
3 A 999 783
2 A 299 863
2 A 299 763
1 B 892 163
1 B 892 141
2 B 299 625
3 C 999 783
4 B 366 588
4 B 366 588
1 C 892 721
4 B 366 656
2 B 299 300
4 B 456 656
2 B 299 300
1 A 892 124
2 B 299 300
1 A 892 124
3 C 659 678
4 A 456 656
1 A 892 867
0 B 172 344
0 B 878 624
4 C 436 408
0 D 878 454
3 C 117 678
4 A 436 471
0 B 878 454
0 D 878 179
3 A 117 273
3 A 117 748
0 D 878 179
0 D 878 341
3 A 117 748
0 D 230 881
3 C 117 748
2 C 515 457
1 A 338 857
1 A 338 689
4 C 683 385
3 C 31 186
1 C 338 857
2 C 515 457
1 C 338 155
2 C 515 775
2 B 515 574
2 B 515 775
1 C 746 341
1 C 746 341
4 C 551 256
3 A 31 186
2 C 515 448
1 A 746 857
4 C 551 629
3 B 1002 96
4 C 551 724
2 C 974 641
3 C 1002 96
0 D 357 670
2 C 974 574
4 A 551 21
0 B 357 670
0 B 357 499
4 A 713 600
4 A 713 600
0 B 357 302
0 B 357 302
2 D 776 945
1 B 828 970
0 C 221 281
1 C 828 970
0 C 714 154
1 C 828 661
2 A 776 945
1 A 828 875
0 C 748 154
1 C 828 418
2 C 776 105
3 D 86 75
1 A 828 803
2 D 776 105
4 C 589 879
3 C 86 75
3 B 86 75
2 B 611 759
4 C 152 612
4 C 152 316
3 B 792 75
3 B 792 61
3 C 48 425
4 C 152 562
0 C 564 1
2 C 678 39
1 A 825 107
4 D 152 562
3 C 23 775
0 C 564 1
4 A 152 231
1 D 825 830
3 B 23 775
4 A 762 231
0 C 564 792
1 C 825 830
1 C 825 830
3 B 23 75
0 C 564 792
1 C 825 830
0 A 869 792
2 B 983 273
4 B 762 562
0 D 869 587
2 B 983 968
0 D 869 1
2 C 983 729
2 C 966 968
4 B 128 765
2 C 966 968
2 C 966 968
3 B 985 104
0 D 308 866
3 D 985 724
3 D 985 724
4 B 519 159
1 B 777 187
3 D 985 746
1 D 777 187
3 B 985 746
4 B 416 477
1 A 777 187
3 D 985 656
4 B 416 477
1 B 777 187
3 B 985 966
4 B 416 536
1 A 777 187
2 D 288 968
4 B 416 536
0 D 437 787
1 A 811 790
1 A 811 187
4 C 416 159
0 D 437 474
4 B 416 447
2 B 781 721
2 B 781 708
1 A 163 925
4 B 476 536
2 A 781 708
2 A 781 223
2 D 409 223
2 D 409 786
0 C 545 474
1 A 163 193
1 A 163 751
0 C 545 912
1 C 163 164
4 D 451 718
1 C 163 193
4 C 451 718
0 A 504 74
0 A 504 95
3 D 405 555
3 D 405 167
0 A 23 770
0 A 349 606
0 D 349 606
0 D 349 74
3 D 405 555
2 C 840 102
3 D 405 843
4 B 127 60
0 D 674 16
3 D 405 843
3 A 405 843
3 A 405 843
4 C 188 60
0 B 674 16
2 B 840 38
2 B 840 234
3 A 405 106
4 C 752 96
3 A 405 167
1 D 378 381
2 D 976 234
4 D 752 570
2 D 935 823
3 A 785 245
1 B 378 523
0 A 731 861
0 A 574 861
4 A 61 195
4 A 61 655
1 B 563 523
1 B 563 133
4 C 61 96
3 B 393 790
0 A 996 460
1 D 138 444
0 A 996 732
1 A 138 133
1 A 138 444
3 A 393 873
2 D 442 559
1 D 138 133
2 C 442 600
1 D 138 444
2 C 442 600
2 B 442 440
3 A 393 406
0 A 69 995
1 A 138 133
2 A 442 440
3 A 393 536
4 A 740 711
2 C 442 440
4 C 925 528
4 C 925 528
2 C 442 440
0 B 121 66
1 A 101 373
2 B 442 69
0 B 121 712
3 A 213 873
4 C 925 74
0 A 121 66
2 B 488 69
3 B 213 734
3 B 213 734
0 D 680 503
2 B 488 599
0 D 680 102
4 D 459 739
0 D 680 102
1 D 348 98
1 D 348 98
4 B 657 994
2 A 5 201
2 A 568 201
3 B 213 624
3 B 296 942
2 C 568 30
2 C 568 30
1 C 1021 252
2 C 568 267
0 A 926 855
0 C 926 463
0 C 926 463
4 B 485 654
0 B 926 961
1 A 638 898
1 A 638 898
0 C 926 961
4 B 521 81
0 C 926 870
3 A 95 131
4 C 521 506
3 A 95 131
1 A 175 898
4 C 521 506
1 A 175 548
3 D 95 435
1 D 175 548
1 D 175 898
4 C 981 406
3 D 337 88
1 C 394 163
3 A 14 88
1 C 761 163
0 B 450 197
4 B 226 406
2 C 729 890
3 C 593 88
0 C 450 197
2 C 729 802
2 C 729 890
2 C 729 530
2 C 729 530
4 D 832 938
0 C 345 378
3 B 729 9
2 A 729 524
4 D 832 253
2 A 729 524
0 C 345 477
3 A 729 511
2 B 729 678
0 B 345 197
4 C 303 938
0 D 397 294
4 D 42 703
0 D 397 294
4 D 42 703
1 D 612 494
1 D 612 494
1 D 612 540
4 C 921 336
1 D 612 69
2 C 817 678
2 C 919 169
3 C 832 1015
4 C 59 469
3 C 832 975
1 B 612 494
0 D 832 114
1 A 612 923
2 B 919 846
1 A 612 69
4 A 59 469
3 B 832 975
1 A 612 923
2 B 919 846
1 A 612 69
3 B 832 975
4 B 194 998
2 A 919 429
0 B 883 314
3 A 832 588
2 B 919 1000
0 B 883 703
3 A 832 165
3 D 679 831
4 C 318 68
0 D 184 703
4 C 238 221
0 D 184 876
0 D 184 786
0 D 184 703
1 A 518 429
1 A 518 278
2 C 632 846
1 C 518 513
1 A 518 513
1 A 518 513
1 A 518 513
3 B 345 368
2 C 482 6
4 A 452 794
1 B 518 622
0 A 805 767
2 D 482 519
0 B 805 876
2 A 482 519
4 B 676 794
4 B 676 788
2 A 482 352
3 C 407 877
2 A 482 519
3 C 407 566
4 A 676 321
3 D 407 326
4 A 676 451
0 B 505 767
3 B 407 368
2 C 759 908
2 C 759 908
4 B 623 699
0 B 20 556
3 D 407 558
4 B 325 788
0 C 20 486
3 D 262 488
0 C 20 802
3 D 882 488
1 C 455 704
4 C 646 624
1 B 455 8
0 D 609 11
4 C 646 624
0 B 609 11
2 A 834 700
1 C 455 588
0 B 609 556
0 C 609 556
3 D 510 488
1 C 455 415
2 D 834 177
1 A 455 415
1 D 455 972
2 C 834 177
2 C 834 837
2 C 834 157
3 C 430 249
4 C 969 346
1 D 648 440
3 B 430 349
4 B 969 761
0 C 912 926
1 D 956 415
2 A 672 177
3 B 430 1
3 C 430 1
3 C 430 653
4 B 199 108
0 D 578 268
0 D 578 268
4 B 566 950
3 C 705 465
4 B 566 108
0 C 578 606
3 B 705 465
2 A 103 679
4 B 566 275
0 B 578 1007
4 C 566 216
2 C 103 438
1 D 543 579
4 C 755 553
1 D 543 38
2 D 103 13
2 D 103 96
4 A 755 553
0 B 814 957
1 C 543 38
3 B 362 702
2 A 103 537
1 A 543 992
3 B 362 915
3 B 362 702
1 C 543 992
3 A 362 813
0 D 696 1007
1 C 543 887
0 D 696 260
1 A 543 887
3 B 362 881
0 D 696 260
1 C 543 992
3 B 362 881
0 D 696 751
1 C 631 992
4 B 726 863
1 C 631 38
4 B 426 863
4 A 426 863
4 A 426 652
3 D 67 373
2 A 869 454
4 A 426 863
4 C 426 863
2 D 934 268
2 D 934 325
4 C 436 437
0 B 898 339
1 D 825 520
2 D 309 866
0 B 4 339
0 B 4 339
2 A 309 454
0 B 4 287
4 C 436 713
1 D 717 554
1 D 717 554
0 B 4 465
3 D 393 664
1 C 717 554
3 D 393 790
0 D 4 27
0 D 4 339
1 D 717 894
4 C 962 47
1 D 717 710
3 D 393 790
1 B 146 245
4 A 757 47
1 D 146 818
3 A 393 441
3 D 393 610
3 D 393 118
3 D 393 790
4 A 623 214
4 B 623 214
4 B 623 957
4 B 931 754
2 C 622 512
1 B 877 818
2 C 622 512
2 B 622 408
3 D 658 790
3 D 658 118
1 D 866 802
4 B 805 956
1 D 716 802
2 B 800 529
4 D 805 210
2 A 800 529
0 D 71 495
0 B 71 495
2 A 578 529
3 A 789 546
4 C 805 616
4 C 805 957
0 B 71 495
3 A 789 546
2 D 797 742
0 B 71 472
4 C 805 826
2 D 797 831
2 C 56 529
3 B 284 877
2 B 56 581
3 C 284 786
0 B 288 472
4 C 805 210
1 D 748 819
0 B 107 102
0 C 107 102
1 D 748 787
2 D 855 738
0 C 56 319
1 B 748 787
0 C 56 264
1 B 748 787
1 C 748 787
1 C 862 787
3 C 249 1005
0 A 56 472
1 B 862 787
1 B 862 787
4 C 54 790
3 B 249 1005
4 C 54 242
4 C 54 309
1 B 50 787
3 A 249 483
2 A 431 230
0 A 550 71
4 A 54 242
4 A 54 242
3 B 249 483
4 C 54 242
2 A 378 839
3 A 979 134
2 D 378 585
0 C 488 545
4 C 54 73
0 C 488 545
2 C 378 585
1 D 698 212
4 C 54 73
2 A 378 738
0 D 488 545
3 B 648 1005
2 D 378 839
3 B 648 1005
0 B 488 545
2 B 378 381
2 D 378 381
0 D 488 246
3 D 441 134
2 D 378 424
3 B 585 467
0 D 144 407
0 D 144 407
3 B 585 663
1 D 383 837
4 B 28 100
1 B 70 837
4 A 28 100
3 A 936 60
4 A 28 100
4 A 28 49
4 B 28 49
1 A 163 278
0 B 75 250
2 D 315 598
1 A 144 549
2 D 315 598
1 A 144 861
2 B 315 187
3 B 227 943
2 D 315 600
2 D 995 600
0 B 75 792
1 A 754 164
0 A 75 84
4 B 644 733
0 B 75 84
2 D 837 600
2 D 837 600
4 A 644 733
3 B 412 252
1 B 754 757
2 D 417 196
0 B 75 612
4 B 644 733
2 C 417 196
3 A 910 118
3 D 910 203
4 D 644 349
0 B 188 367
2 D 417 196
1 D 754 757
3 B 910 203
3 B 910 118
3 D 910 387
4 D 644 667
1 D 185 151
4 A 223 349
0 D 722 163
2 D 739 94
4 C 869 216
0 D 826 999
3 D 382 905
3 A 382 387
0 D 826 999
1 D 400 326
0 B 826 398
1 D 400 833
2 D 796 15
3 A 153 689
0 D 826 267
1 B 400 833
3 B 153 689
0 D 826 507
2 B 796 126
3 B 191 846
1 C 400 833
3 B 191 447
3 A 191 158
2 A 118 126
4 D 1001 794
1 C 400 245
2 D 118 796
2 C 118 548
4 D 1001 387
1 C 605 111
1 C 605 833
0 C 917 507
2 C 837 739
3 D 191 160
3 D 159 129
0 C 63 709
4 D 945 534
4 D 798 534
4 D 798 534
1 C 784 546
0 C 807 286
0 C 807 286
2 C 362 585
1 A 784 546
3 A 250 747
4 A 798 590
0 B 807 64
4 B 798 590
3 B 939 130
3 B 939 898
2 C 852 895
2 C 852 864
3 C 939 898
3 C 939 253
1 A 309 434
2 C 852 895
0 B 807 1002
0 C 821 856
2 C 852 895
0 C 821 941
2 D 852 830
0 C 94 856
1 C 155 743
4 A 588 590
4 A 713 376
2 D 387 895
2 D 387 811
4 A 713 376
3 A 748 505
3 C 748 505
4 A 713 587
1 B 155 503
3 C 748 505
1 C 229 17
2 D 557 811
1 C 229 228
1 A 229 306
1 A 229 228
0 C 19 33
3 C 748 780
4 A 848 486
4 B 848 486
2 D 251 124
0 D 41 280
4 B 256 594
0 A 41 280
2 D 251 282
0 C 41 280
4 A 163 855
0 C 41 108
3 A 191 505
2 C 251 282
1 B 164 154
2 C 923 978
4 A 163 697
4 A 204 287
3 D 876 908
0 C 182 108
1 B 164 489
2 C 923 260
1 A 164 862
4 B 291 164
2 C 433 260
3 C 876 184
1 B 164 180
1 D 164 959
0 C 410 470
4 C 750 316
3 C 944 659
0 A 605 419
0 A 605 201
0 A 605 419
3 C 176 126
0 D 223 420
2 D 270 945
0 B 223 419
0 B 223 602
2 D 270 945
4 C 609 445
1 D 315 634
3 C 176 228
4 B 609 657
3 C 176 975
4 B 609 823
1 D 767 702
2 D 270 829
1 D 767 450
3 A 856 126
4 B 609 823
1 C 767 589
3 A 856 207
2 C 270 829
2 C 90 829
2 C 90 829
4 B 282 542
1 C 767 609
0 B 509 511
2 A 90 241
0 B 509 511
1 D 767 196
4 B 163 542
0 A 509 511
0 A 509 202
3 D 472 863
0 A 509 511
1 D 767 768
0 A 509 202
4 B 84 261
0 A 509 482
4 B 84 188
4 B 84 188
4 B 84 823
4 B 84 188
0 B 555 503
1 B 780 450
4 C 586 75
3 C 191 39
4 A 586 75
1 B 797 196
1 C 733 417
3 C 791 39
1 B 733 417
0 C 890 564
1 B 733 787
2 D 404 372
2 D 404 197
2 B 404 197
3 D 791 453
1 C 742 770
2 D 404 931
0 A 309 683
2 D 404 931
3 A 893 674
4 D 925 565
3 A 893 60
0 D 848 358
3 D 893 60
2 D 404 107
0 C 886 358
2 B 987 107
0 C 886 306
3 D 950 890
3 D 950 674
2 B 804 107
1 B 849 1009
4 A 188 646
1 B 849 1009
2 B 607 924
4 A 188 610
1 C 849 1009
4 C 188 977
1 C 849 1009
4 A 188 402
1 C 849 712
4 A 188 402
1 C 849 846
4 C 188 247
1 C 849 665
4 C 188 768
4 C 188 187
3 C 364 107
3 A 364 107
3 A 364 107
0 D 839 557
0 D 418 557
3 D 364 107
3 B 364 275
0 D 418 284
2 D 426 472
0 D 418 284
2 A 426 429
0 B 418 284
2 D 266 429
4 A 75 310
0 C 418 284
4 B 75 670
3 C 75 107
2 D 266 242
0 C 418 446
3 C 362 585
1 A 530 861
4 A 75 670
2 D 769 434
4 A 75 670
1 C 530 257
0 A 229 696
2 D 769 434
4 B 75 76
1 C 530 757
2 A 769 675
1 C 530 533
1 D 530 861
3 D 666 275
1 D 530 533
3 A 666 52
4 B 209 919
2 B 85 766
4 C 209 133
2 B 85 27
0 D 336 93
3 B 341 559
4 C 209 343
4 D 209 919
4 D 209 206
2 B 790 27
4 C 355 206
3 D 30 559
0 B 336 993
1 A 428 763
2 D 790 772
3 D 30 869
0 A 336 160
0 A 336 899
2 A 790 74
1 B 428 763
1 B 428 342
0 A 336 993
3 B 30 330
0 C 336 604
2 D 790 777
1 C 428 427
2 B 790 777
2 A 790 777
0 B 336 604
0 B 209 195
0 C 209 175
3 B 222 246
3 B 222 481
1 C 250 342
1 C 250 427
4 B 67 729
3 C 165 98
4 B 67 729
1 C 277 113
3 C 165 98
4 B 317 234
1 C 277 113
4 B 317 234
1 C 277 133
4 B 317 234
1 C 277 133
0 C 223 785
2 C 643 285
4 B 317 85
2 C 643 285
2 C 643 681
0 D 972 86
3 C 693 218
4 B 269 290
1 C 277 133
1 C 277 362
2 C 634 764
2 C 634 777
3 C 693 218
1 B 277 362
0 B 972 107
0 B 972 107
2 D 634 764
3 C 673 128
2 B 634 764
0 A 972 107
3 D 673 128
4 B 20 274
3 C 673 128
0 A 972 195
0 A 972 785
3 A 673 714
2 B 549 517
4 B 858 11
4 B 858 11
3 A 685 734
0 A 942 902
2 C 441 764
2 C 441 764
2 C 441 570
0 D 942 241
4 C 166 837
1 D 918 780
0 D 460 563
0 D 460 111
2 B 441 517
0 D 460 937
1 D 918 583
1 D 918 583
3 A 604 390
1 D 918 780
3 A 604 574
1 D 918 748
2 C 822 454
3 A 604 14
0 A 460 797
3 A 604 371
2 D 822 454
1 D 918 617
4 B 48 995
3 A 604 682
3 A 604 603
1 D 918 617
4 A 48 217
4 A 48 995
3 A 604 603
1 C 918 617
0 C 546 51
4 A 48 995
4 D 48 995
3 B 581 371
4 D 48 47
2 D 210 251
2 D 210 251
1 A 93 677
4 A 536 217
1 C 403 956
3 D 455 864
2 C 210 301
1 A 652 90
0 C 166 605
2 C 210 301
0 C 166 1016
2 C 210 301
0 C 166 415
4 C 595 543
2 C 210 301
2 C 988 301
1 C 457 651
1 C 145 514
0 B 166 415
2 C 230 301
0 B 166 67
0 D 166 415
4 A 818 128
0 C 14 415
1 A 362 438
4 B 74 567
3 B 689 991
4 B 74 187
3 B 689 991
1 A 948 438
2 C 210 153
4 D 185 863
3 C 689 160
1 A 5 365
1 A 5 365
3 C 486 991
2 C 978 882
3 C 486 686
2 C 564 173
4 D 649 85
3 C 486 5
0 C 454 71
1 C 5 947
2 A 564 173
1 B 490 2
0 A 331 10
2 B 564 173
0 A 331 10
3 B 718 532
2 D 564 173
4 B 930 326
2 A 564 941
0 B 331 10
4 D 930 345
0 C 331 10
2 D 204 556
2 D 204 941
2 D 204 587
0 C 816 774
0 C 816 441
4 D 930 886
3 B 691 752
3 B 691 752
3 B 691 546
3 D 691 925
3 A 691 409
3 A 691 684
0 A 431 847
1 D 381 592
2 B 75 307
2 B 75 410
1 D 381 592
1 D 381 559
4 D 1004 886
3 B 91 546
1 A 381 508
4 B 1004 410
2 D 75 9
1 C 381 508
2 D 75 173
4 A 1004 720
0 B 431 424
0 B 431 990
1 D 381 311
2 D 75 84
0 B 431 205
2 D 75 84
0 B 1016 990
4 D 1004 720
1 D 661 130
1 D 661 130
4 D 864 887
1 D 661 130
3 B 671 752
3 B 671 752
3 D 357 752
3 D 357 752
0 B 869 387
3 D 357 984
3 B 357 752
3 B 357 68
0 D 869 158
3 B 357 752
0 D 869 158
4 B 30 434
0 D 869 890
2 A 430 777
1 A 432 99
4 C 987 434
4 C 987 720
1 C 432 137
0 A 869 890
2 D 430 777
4 C 268 360
1 C 499 327
0 A 461 890
2 D 577 651
4 D 268 360
2 B 577 646
4 C 268 360
1 C 382 2
2 A 577 415
2 A 577 425
1 C 382 2
4 D 268 360
0 D 570 458
1 C 382 2
4 B 268 932
1 B 114 396
1 B 114 396
4 B 806 568
3 D 738 264
0 D 651 1014
1 A 884 109
1 C 884 109
3 C 738 264
2 D 3 958
0 A 651 862
0 A 651 306
4 A 17 339
3 D 738 167
0 C 651 306
2 D 3 418
3 D 738 89
0 C 651 306
1 C 243 883
1 C 243 257
4 B 17 825
2 C 3 418
3 A 738 264
3 D 738 797
4 B 17 568
0 A 349 884
4 B 267 938
2 D 3 401
4 B 267 22
3 A 738 797
0 A 349 884
2 C 3 711
2 C 3 711
1 D 254 607
0 C 796 346
3 A 279 203
1 D 254 140
1 C 254 140
2 D 861 508
3 C 279 189
3 C 279 189
4 D 628 529
1 C 590 257
0 C 707 867
4 D 628 445
0 D 707 7
0 C 707 434
4 C 628 445
2 A 875 674
4 C 628 445
0 D 707 434
2 A 875 488
0 A 707 700
3 C 936 707
2 A 875 488
4 D 387 907
0 A 707 700
1 D 10 561
2 D 875 397
1 D 10 399
4 B 387 907
3 C 936 303
4 B 387 445
3 C 936 303
1 D 10 477
1 D 666 501
3 C 936 399
2 A 184 876
1 A 666 501
2 A 184 132
1 A 666 373
3 C 936 810
0 A 312 966
0 A 312 966
3 B 936 159
1 B 765 501
0 A 312 108
1 A 420 501
0 D 312 319
0 A 312 319
2 A 975 667
4 C 281 876
1 A 983 738
1 A 983 501
4 A 281 876
2 A 975 667
3 B 291 661
3 B 291 661
2 A 975 667
0 A 114 108
2 A 975 819
4 B 281 252
4 A 281 523
3 B 291 572
4 A 281 109
4 B 281 109
2 C 655 968
4 B 281 124
1 D 983 690
3 B 291 949
1 C 983 976
3 D 291 949
4 C 281 332
0 C 95 117
3 A 291 316
4 C 281 358
4 C 281 358
0 D 95 96
2 C 590 752
0 D 205 32
0 D 205 64
0 C 205 277
2 A 590 204
4 A 393 402
2 B 734 561
1 B 893 558
4 A 433 757
2 B 734 561
3 A 782 45
1 B 893 558
3 C 782 643
3 C 782 758
4 C 433 402
3 D 782 920
1 A 893 206
4 C 433 398
0 D 851 367
1 D 893 206
2 D 630 561
1 D 893 554
4 C 433 509
3 D 775 45
0 D 243 306
3 D 775 777
1 B 971 866
2 D 57 204
4 C 433 49
3 A 775 299
4 C 323 438
0 D 32 684
2 C 419 905
0 D 32 684
2 C 419 905
2 A 419 905
3 D 668 760
0 A 32 268
1 B 245 980
0 A 32 671
0 C 32 268
1 C 134 257
2 A 243 32
0 C 32 671
1 C 134 183
4 A 706 709
1 A 134 234
1 A 134 234
4 D 706 709
2 C 481 476
1 A 134 640
0 A 51 479
4 B 706 709
0 A 640 479
3 D 697 610
3 B 697 169
2 C 812 32
2 C 812 244
4 B 817 709
3 C 697 867
3 C 697 760
4 C 817 998
3 C 697 88
0 C 303 52
1 A 275 249
0 A 232 647
3 C 697 88
3 B 513 88
4 C 862 814
2 D 57 414
2 D 57 851
3 A 513 88
1 A 255 276
3 D 513 88
3 D 513 321
0 A 594 336
1 D 255 248
0 B 594 676
1 D 886 248
2 D 57 851
1 B 886 276
4 D 14 801
0 B 27 485
0 B 27 101
2 D 164 454
1 B 812 248
0 C 942 676
4 D 467 671
0 C 942 4
4 C 467 607
4 C 467 801
0 D 942 4
4 C 467 883
4 C 467 883
0 D 942 4
1 A 143 819
3 D 157 851
4 C 467 883
1 A 143 649
1 A 143 819
3 D 157 821
3 D 157 411
2 D 35 460
3 D 157 411
1 C 764 136
4 A 467 44
0 C 427 977
3 B 157 906
2 A 35 476
3 B 157 726
1 C 764 649
2 A 35 476
3 B 157 726
2 A 35 476
3 C 157 726
3 A 157 411
4 B 884 497
2 A 32 476
0 C 372 468
4 C 127 497
2 D 32 476
4 C 127 713
4 C 127 124
4 C 127 875
4 C 127 875
3 A 348 965
0 C 772 267
1 A 55 741
1 D 55 643
0 A 772 267
1 D 55 741
1 D 55 741
3 A 775 866
0 A 772 267
1 C 55 487
0 B 772 267
2 B 314 84
0 D 772 747
1 A 55 595
3 A 921 255
2 D 930 84
3 A 921 347
2 D 930 39
1 B 55 224
0 C 772 551
2 C 930 84
3 B 845 768
2 A 930 84
0 A 548 525
3 B 280 278
3 B 280 965
2 B 930 293
3 B 280 926
4 B 600 311
4 B 600 311
2 C 930 84
4 B 600 311
3 D 177 850
4 B 600 311
0 D 942 891
3 C 177 263
0 D 216 547
4 C 488 612
4 A 127 583
0 D 381 219
1 B 492 355
1 B 492 335
1 B 492 335
1 B 508 335
1 B 508 335
2 C 717 616
3 C 82 451
4 A 1019 612
3 D 396 334
0 D 452 593
1 A 508 499
4 A 780 407
4 A 780 1020
2 A 142 674
4 C 780 1020
4 C 641 779
2 B 142 90
4 D 641 779
0 C 353 733
2 B 532 690
2 B 532 137
3 C 666 45
2 B 532 674
4 B 641 1020
1 A 767 483
0 C 353 302
2 A 532 90
0 C 121 316
3 C 124 292
4 A 641 779
1 A 347 190
0 A 121 739
0 A 121 302
2 A 135 523
1 A 347 760
2 D 135 523
3 B 124 829
0 C 121 739
0 C 121 130
1 B 382 491
0 A 427 286
3 D 124 829
1 A 382 348
3 D 124 741
3 B 124 3
3 B 617 3
3 A 546 3
0 B 427 6
1 B 514 760
1 B 613 353
4 D 926 723
3 B 548 829
4 A 926 723
2 D 957 954
2 D 957 954
4 A 926 620
1 B 361 541
2 A 957 954
4 A 926 489
2 A 957 954
4 A 926 489
2 A 957 703
1 B 964 94
2 A 957 703
3 B 530 571
1 C 964 94
1 C 964 634
3 B 530 726
0 C 735 945
2 B 506 703
3 D 115 726
4 D 278 714
1 D 964 374
2 B 520 578
2 B 520 578
1 D 261 987
3 C 115 117
3 C 115 525
0 C 735 474
0 C 735 4
0 A 735 731
3 D 522 117
0 C 110 731
2 C 520 535
4 D 61 254
4 D 502 254
0 C 110 672
0 C 110 4
3 C 294 396
4 B 641 233
1 C 560 250
4 B 641 745
4 C 641 450
0 B 789 474
4 C 1 450
4 C 414 450
1 C 77 704
3 C 142 345
3 C 142 756
1 D 77 853
4 B 414 670
2 D 417 246
3 C 142 638
1 D 635 704
2 C 417 246
2 D 417 246
1 D 635 429
0 B 456 867
3 C 142 638
1 B 635 862
3 B 142 638
4 A 156 126
1 A 635 50
0 B 301 778
3 B 142 762
2 C 417 847
0 C 301 471
4 B 579 481
2 D 417 824
1 D 635 50
3 B 53 241
2 D 417 824
0 D 301 471
0 D 301 925
2 A 417 94
4 D 579 155
4 D 644 155
0 A 301 471
0 A 301 306
4 D 644 604
2 A 451 847
3 C 781 227
4 D 644 126
1 B 440 67
1 B 440 67
2 B 189 607
1 A 440 594
2 D 189 607
1 A 656 591
2 B 189 607
4 D 986 891
1 B 656 591
2 C 189 403
1 D 656 423
3 D 204 882
2 C 342 651
1 D 656 591
1 D 128 663
4 B 991 891
0 D 233 930
0 D 233 460
3 A 204 705
3 A 204 313
4 B 818 549
0 D 233 354
3 A 387 493
4 B 818 960
0 C 233 733
3 A 174 307
0 C 233 733
0 C 233 808
1 D 212 383
2 A 870 51
0 C 233 278
3 A 592 705
3 C 592 65
2 A 870 34
2 A 870 865
2 A 870 796
1 B 124 834
2 A 870 865
3 B 592 169
0 A 199 460
1 D 124 834
2 D 870 297
2 D 870 865
2 D 870 865
1 B 124 834
3 B 592 599
4 D 83 31
1 C 132 834
3 B 603 388
1 B 132 99
1 B 132 299
4 D 317 640
4 D 317 640
3 B 1016 217
4 A 317 640
3 A 1016 580
4 A 317 640
4 B 317 428
0 D 493 576
4 B 317 428
0 D 544 576
2 B 602 511
4 B 546 640
3 C 1016 338
0 D 544 17
4 D 546 194
0 B 544 328
2 B 602 511
2 B 602 851
2 B 602 676
0 B 544 328
1 C 925 47
1 C 925 880
2 D 602 581
0 A 544 328
1 C 925 188
1 C 925 188
0 C 544 18
2 C 602 511
1 C 698 188
0 C 858 507
0 C 858 18
0 C 347 994
1 C 698 994
1 C 698 188
3 C 637 417
1 C 698 994
4 D 274 778
3 D 637 881
4 D 274 983
1 B 716 992
3 B 637 881
3 B 637 980
3 B 637 980
4 D 274 983
3 B 637 825
2 C 634 241
0 C 15 292
3 C 637 514
4 D 274 983
0 C 15 991
4 D 274 688
1 B 176 994
1 B 176 723
2 A 634 241
4 B 274 688
0 D 15 991
2 A 634 736
0 D 15 991
0 D 15 180
3 C 136 980
4 C 759 983
2 D 634 119
1 C 747 175
2 D 634 863
2 D 634 517
0 A 15 112
0 A 15 112
1 B 989 175
2 B 634 241
4 C 58 983
3 B 229 420
3 A 229 247
1 D 283 660
3 C 936 247
3 C 936 2
4 C 1001 646
3 A 936 310
4 B 1001 648
1 B 977 660
4 B 1001 646
2 A 635 950
0 A 271 938
2 D 635 950
2 D 635 750
0 A 271 278
0 A 271 859
2 B 635 750
1 A 111 974
1 A 111 793
0 A 271 278
1 B 111 228
0 A 271 816
1 D 111 974
2 A 828 636
0 D 271 278
4 B 791 918
4 B 791 723
3 B 2 983
3 B 2 910
0 D 262 278
3 B 2 910
3 B 2 910
4 D 791 69
3 D 2 910
2 D 657 827
1 C 1017 104
3 D 2 520
4 A 791 776
3 D 2 520
4 A 791 776
4 A 791 723
3 C 2 29
4 A 791 589
4 B 800 589
2 B 306 827
0 C 250 447
1 B 538 564
2 B 599 301
1 B 812 811
2 B 599 301
2 B 599 53
0 C 250 447
0 C 250 447
2 C 599 878
0 A 250 447
1 B 425 733
2 D 599 301
2 C 599 134
1 B 425 517
2 C 599 584
0 D 309 447
1 A 425 940
0 C 309 133
1 A 425 438
3 C 787 897
3 C 787 897
4 D 685 990
3 A 787 897
4 D 685 29
2 C 599 989
4 A 685 906
3 A 787 187
0 C 765 447
1 B 817 517
3 C 787 187
4 C 685 906
4 C 685 516
4 A 685 110
4 A 685 110
1 B 393 814
3 D 750 897
3 D 750 876
1 B 393 240
3 D 750 876
0 D 884 267
4 D 685 850
4 D 685 850
2 C 454 127
0 D 884 267
0 D 370 701
1 A 941 240
3 B 376 876
0 D 768 778
3 C 657 785
2 D 454 997
1 A 400 938
1 A 400 938
0 D 768 651
3 C 715 221
3 C 715 785
2 A 454 291
2 A 454 441
0 A 768 651
3 A 715 359
0 A 768 651
2 A 454 127
1 A 400 240
0 A 768 141
4 C 496 433
1 D 400 894
2 A 170 127
1 D 400 407
4 C 496 335
2 A 130 997
4 C 496 424
3 C 300 221
4 C 496 424
3 D 355 692
4 B 496 424
4 A 496 424
2 A 435 173
4 C 299 913
1 A 254 244
4 D 299 399
2 B 285 436
2 B 285 436
3 D 395 339
2 A 285 368
0 D 285 767
1 C 364 490
0 B 285 340
2 A 743 133
1 B 364 540
0 D 285 90
2 A 743 788
3 A 104 2
0 D 285 90
2 D 743 258
0 D 285 83
1 D 364 490
3 A 758 116
2 D 646 736
0 A 796 83
3 C 758 116
1 B 1015 275
0 C 796 766
4 C 1017 176
0 C 796 226
4 C 1017 688
4 B 1017 688
0 C 348 690
0 C 348 690
1 B 606 1000
0 C 348 83
4 B 1017 596
4 B 1017 596
4 D 1017 491
1 B 606 275
4 C 1017 176
3 C 791 753
2 A 562 872
4 D 33 902
1 B 153 577
2 C 562 889
2 C 562 14
3 D 791 807
3 D 791 686
0 A 1001 291
0 A 1001 291
3 D 791 985
0 A 643 906
3 A 791 985
0 A 643 906
2 A 82 764
2 A 82 565
1 B 533 318
1 B 533 134
0 B 643 1006
1 B 533 134
0 B 643 1006
0 C 643 1006
1 A 533 820
3 C 791 518
3 C 791 491
4 B 930 502
2 D 441 85
1 A 533 423
4 B 930 502
0 C 643 644
4 B 930 478
2 D 29 85
1 A 533 522
2 C 29 14
4 B 930 502
1 A 533 134
1 B 533 522
4 D 930 502
4 B 930 957
4 B 742 957
0 B 226 180
2 B 506 70
0 A 226 607
2 B 540 482
1 B 858 448
4 B 349 82
0 A 689 607
2 D 659 70
1 C 858 448
3 C 308 382
2 D 659 991
4 B 102 586
1 C 858 837
0 C 689 607
2 C 659 991
0 C 689 582
1 B 858 837
2 C 659 485
0 C 848 694
1 B 1021 837
4 B 519 322
3 D 308 842
4 B 519 322
0 D 373 694
3 C 308 382
3 C 308 724
3 C 308 842
3 C 308 59
3 C 499 331
4 D 427 536
2 C 636 876
1 B 198 837
3 D 499 382
4 C 427 536
0 D 514 815
4 C 427 121
3 A 499 842
1 B 889 969
1 B 889 743
1 C 889 217
3 A 553 606
4 A 122 84
2 C 813 515
1 D 609 870
0 D 297 1021
3 A 343 317
0 A 297 274
3 A 463 558
4 A 856 125
2 A 813 43
0 C 297 619
3 D 463 336
3 D 463 336
2 A 813 43
0 B 297 619
4 D 856 344
2 A 44 850
3 B 252 336
4 A 856 863
4 A 856 1017
0 C 170 754
0 C 170 754
2 A 965 131
2 B 965 296
3 B 252 60
0 A 653 754
2 B 965 382
1 D 467 560
2 B 965 43
2 A 965 962
1 A 467 560
4 A 420 556
4 A 349 863
1 C 467 856
1 C 467 560
1 C 467 926
1 C 467 856
1 C 467 856
4 A 762 556
1 A 316 856
4 C 762 419
2 D 285 962
0 A 986 48
1 A 321 44
4 D 82 556
0 C 986 48
4 D 82 765
3 C 104 936
4 D 82 765
0 C 986 438
0 D 986 935
0 D 986 438
3 A 104 23
0 D 986 989
3 C 104 23
2 D 160 323
2 D 160 28
3 C 104 23
3 C 104 23
0 B 770 947
2 D 160 226
2 D 160 459
3 A 104 23
4 B 824 429
2 B 160 459
3 A 814 23
3 A 298 654
2 B 160 459
4 B 617 807
2 B 160 459
4 A 617 807
3 A 635 809
1 C 499 522
3 A 635 301
3 A 635 915
4 D 617 448
1 B 499 229
0 A 646 277
1 D 499 522
4 B 349 630
0 A 646 277
1 A 499 522
4 B 349 448
3 A 635 601
1 B 499 522
2 D 570 351
0 A 646 735
1 C 499 522
3 C 635 961
4 C 933 807
1 B 499 522
0 A 646 641
3 A 635 636
0 D 646 641
1 B 813 851
2 B 753 628
2 B 753 628
2 B 753 628
0 B 131 641
4 C 876 986
1 B 626 967
1 D 626 851
1 D 626 818
1 D 626 851
0 A 129 156
1 D 626 257
2 B 369 73
4 B 876 1011
0 A 1008 156
2 C 369 646
0 A 1008 156
3 D 173 962
1 B 626 678
4 D 876 1011
1 B 626 621
3 C 285 186
1 A 626 768
4 A 876 875
2 D 499 366
3 B 285 321
2 C 499 366
0 B 828 972
4 C 89 785
3 D 285 39
3 A 285 39
3 A 44 39
3 A 44 321
0 B 359 134
0 C 692 312
2 A 61 466
2 A 852 12
0 A 692 593
3 D 136 321
1 B 125 729
0 A 692 593
3 C 136 43
1 A 125 98
4 D 318 785
2 D 852 306
0 C 610 376
1 D 125 98
1 D 125 98
2 B 852 58
1 B 125 98
4 A 599 429
2 B 852 851
4 D 599 429
3 D 609 338
1 B 608 98
2 C 852 68
4 D 599 546
4 D 22 124
4 D 22 592
1 D 367 639
1 A 583 639
3 B 811 655
3 B 811 655
3 C 811 232
4 B 22 624
3 B 811 232
4 B 731 193
2 C 231 165
3 B 811 232
0 D 20 211
1 D 770 128
3 B 811 839
0 B 20 541
2 A 231 582
4 B 786 489
0 B 20 385
1 A 770 128
2 A 231 1012
0 A 20 385
2 A 231 1012
0 A 20 491
4 A 435 708
4 A 435 285
0 D 20 576
0 D 20 576
2 A 231 1002
4 B 435 781
3 B 295 635
0 C 959 491
2 C 231 152
3 A 295 635
2 C 231 152
0 C 217 1015
1 B 254 99
0 C 217 491
1 B 260 765
3 B 295 635
4 A 132 436
3 D 295 457
3 D 295 750
0 D 217 491
0 B 217 385
4 B 591 131
4 B 591 131
1 C 684 225
0 B 413 960
0 B 413 166
1 A 684 225
1 A 684 225
4 D 345 592
1 A 326 225
1 D 326 950
0 A 625 672
2 D 211 335
0 A 625 386
1 C 326 950
2 B 211 127
4 A 466 131
1 B 387 723
2 B 211 127
3 D 674 933
2 B 211 127
3 B 674 92
1 A 387 321
2 B 211 375
3 B 674 92
0 A 833 637
4 A 357 469
0 A 833 637
3 B 674 62
2 B 491 300
3 D 674 62
2 B 491 300
1 D 191 950
0 B 833 44
3 D 658 62
2 B 491 606
2 D 491 14
0 B 833 44
4 A 323 123
2 D 491 500
0 C 833 838
3 D 827 861
2 A 491 500
4 C 909 79
4 C 357 636
3 D 362 92
1 C 638 115
4 D 357 324
1 C 638 775
3 D 585 51
1 C 638 320
4 D 357 79
3 D 987 911
1 A 835 252
4 B 357 282
1 A 835 926
3 D 987 899
0 D 432 419
3 D 987 149
0 B 432 970
3 C 987 950
0 C 432 970
3 C 987 877
1 B 437 836
4 A 935 1010
0 A 432 970
0 A 432 680
1 B 549 513
3 C 476 548
0 D 432 643
2 C 180 805
1 B 549 426
4 D 184 291
1 A 549 426
0 D 18 79
4 D 184 928
2 A 180 805
2 A 180 805
2 C 180 298
1 A 385 570
2 C 180 688
2 C 180 203
3 A 545 684
2 C 180 805
3 D 545 684
2 A 180 203
3 D 545 419
2 A 489 203
1 C 572 426
4 D 992 1017
1 D 572 390
0 A 305 327
4 D 992 327
3 D 981 550
0 A 305 493
0 A 305 220
0 A 305 220
0 A 305 331
1 C 347 390
4 D 865 246
0 B 305 310
0 B 305 327
2 C 268 203
1 D 942 579
4 A 865 543
4 A 865 555
3 D 232 409
1 D 262 709
1 D 262 709
4 D 865 612
4 D 314 543
3 D 188 409
3 D 188 568
2 B 60 371
4 B 314 612
0 B 404 461
2 B 204 947
3 A 188 568
4 B 676 246
2 B 204 371
0 D 404 810
3 D 188 747
3 D 188 747
2 D 204 592
0 D 404 395
3 A 188 747
2 D 204 833
1 A 938 850
1 A 938 249
2 C 204 35
1 D 938 850
0 A 404 395
2 A 204 211
1 D 938 292
0 C 404 810
4 B 433 699
3 C 45 323
1 A 938 850
2 B 878 592
1 C 938 2
4 A 742 430
3 C 45 323
4 A 742 197
1 A 938 941
4 C 742 430
4 C 742 430
0 C 65 395
4 D 173 430
1 D 192 593
4 D 769 737
2 C 671 881
3 C 548 279
3 C 548 403
0 D 527 62
3 C 383 412
2 C 112 458
3 C 383 82
3 C 383 412
1 D 191 319
4 A 540 338
3 D 383 412
3 D 383 603
2 A 669 809
1 C 191 671
2 A 669 15
1 B 191 96
4 A 383 323
0 D 507 184
3 A 383 972
2 A 669 15
4 C 383 539
1 B 191 716
2 A 942 15
1 A 191 716
0 A 507 1008
3 D 383 256
2 D 942 15
0 A 507 175
1 C 924 320
4 A 383 112
2 A 942 458
2 A 942 736
1 D 44 320
2 A 734 666
0 A 713 175
0 A 897 4
0 C 897 4
0 C 360 175
3 B 138 774
2 A 444 729
0 C 568 718
3 B 880 753
3 B 880 753
1 D 487 962
3 A 880 950
2 B 444 121
1 B 487 878
1 B 487 42
2 D 533 771
3 C 8 149
2 D 533 443
4 D 661 213
0 C 664 279
3 C 8 879
1 D 487 42
4 D 661 213
1 A 487 42
0 A 664 620
4 A 661 399
4 A 661 399
1 A 296 509
4 A 661 874
1 A 296 24
3 D 529 149
4 D 661 874
3 D 743 119
4 D 925 874
0 B 558 620
4 D 925 874
1 A 445 509
2 D 955 470
1 D 445 236
2 C 955 470
0 A 558 743
1 D 70 345
2 B 955 1002
1 D 70 303
3 D 690 1006
3 D 690 1006
0 A 634 561
1 C 70 345
1 C 70 442
2 C 955 60
3 B 379 461
4 D 218 908
2 B 955 60
4 C 218 610
2 B 955 60
0 A 444 637
2 B 957 580
4 A 218 63
2 D 3 60
3 A 149 845
3 A 149 356
4 D 218 63
3 B 149 845
0 A 687 443
4 C 218 63
2 D 578 930
4 C 46 293
3 C 997 146
0 A 405 668
3 B 997 792
0 A 405 668
0 A 405 668
4 C 423 63
0 A 405 402
0 B 405 402
1 D 155 988
1 D 155 441
1 D 155 301
1 B 155 321
4 C 646 81
1 B 155 594
3 D 479 922
1 B 155 988
2 C 41 957
2 D 41 219
1 C 155 388
1 B 155 388
4 A 321 472
1 A 721 388
3 D 184 494
1 B 721 388
2 C 742 86
2 B 742 219
1 B 721 356
2 B 52 86
4 D 396 761
2 B 52 86
3 C 371 195
0 C 136 26
0 C 136 573
4 A 404 226
2 B 621 665
0 C 136 958
3 C 256 254
3 C 256 327
0 C 136 247
2 B 621 665
2 B 621 552
4 A 528 349
0 D 119 247
3 A 197 268
1 B 185 984
2 B 621 840
1 B 185 984
0 B 119 247
3 A 197 254
2 B 986 190
1 C 185 651
0 B 119 247
3 A 780 843
1 B 185 651
1 B 185 98
4 A 480 712
3 B 780 383
3 B 780 843
1 B 185 744
4 B 480 535
1 B 185 166
3 D 780 268
4 A 480 487
3 B 780 268
2 B 679 965
3 B 583 779
2 B 679 747
0 A 865 392
2 A 679 747
2 B 679 220
0 A 108 302
2 C 679 220
0 C 108 302
0 C 108 870
2 D 679 789
4 B 734 487
0 A 108 870
4 B 734 487
3 D 944 600
4 A 461 487
1 C 778 351
0 A 822 107
2 C 504 696
4 A 234 865
1 B 778 912
1 A 778 277
3 D 960 1009
0 D 822 392
3 D 976 1009
1 B 778 589
0 D 748 817
4 B 707 723
3 C 976 591
4 A 707 705
1 D 361 912
1 D 361 885
2 A 755 798
1 D 501 912
3 D 976 921
4 C 732 814
2 A 755 96
1 D 554 912
3 A 976 921
2 D 755 621
3 A 203 236
2 A 755 621
0 A 141 427
0 A 141 787
0 A 141 427
4 C 239 814
1 D 784 150
2 C 549 798
0 D 141 456
4 B 239 732
0 B 141 456
0 B 141 138
0 A 141 427
3 A 125 553
4 B 648 144
3 A 317 484
4 B 648 144
1 A 743 981
1 A 82 911
4 C 64 144
3 B 317 900
3 D 317 480
1 A 505 736
4 D 64 663
1 D 505 736
3 A 317 314
4 A 900 663
2 C 409 437
2 C 409 437
1 D 816 736
1 D 816 85
3 A 317 484
2 C 409 491
1 C 816 510
2 D 409 491
0 D 740 634
2 C 409 491
0 D 740 634
2 C 409 491
0 D 740 744
2 D 409 498
2 B 409 486
0 B 740 418
4 A 813 975
1 C 775 911
1 C 775 719
0 B 268 418
4 A 813 388
3 B 145 95
0 A 268 418
0 C 268 795
4 C 813 931
3 B 160 398
3 B 160 35
4 C 786 810
3 B 160 514
0 D 675 795
0 D 675 418
3 B 160 142
1 C 866 719
0 C 7 275
1 C 351 888
3 B 160 191
1 C 351 215
1 A 351 807
2 C 370 347
3 B 779 142
1 A 351 807
1 B 351 76
2 C 370 22
2 C 370 22
1 B 351 797
2 C 370 22
0 C 575 120
1 D 351 288
2 B 370 269
3 A 423 191
4 A 329 387
0 A 575 658
2 B 742 269
4 A 329 452
3 B 423 788
0 A 506 586
4 D 329 452
2 D 742 269
4 D 329 452
3 B 32 416
2 B 742 269
0 C 506 251
4 D 329 334
4 B 329 334
3 C 32 416
3 C 32 416
0 C 506 251
4 A 329 877
1 B 264 797
0 C 506 576
2 C 550 761
1 D 727 263
1 D 727 279
3 B 804 63
1 D 727 279
0 A 863 509
1 D 727 279
4 A 570 184
4 B 570 184
3 A 634 352
0 A 9 251
2 D 777 251
4 B 570 184
3 A 355 827
0 A 715 856
4 B 570 184
4 B 136 545
1 D 995 279
3 C 100 637
0 A 970 14
1 D 995 808
3 C 741 352
3 C 741 356
0 A 361 716
2 C 544 789
0 A 361 791
2 C 820 758
0 A 361 791
1 D 472 60
1 D 472 60
0 C 361 973
0 B 361 10
2 D 405 251
1 A 472 60
0 D 361 366
1 A 472 540
2 D 1021 108
2 D 1021 108
3 B 462 666
4 D 228 914
4 D 228 151
2 D 1021 607
1 A 472 60
2 D 1021 843
2 D 1021 607
4 D 228 727
3 A 462 666
2 D 1021 758
3 A 462 327
1 D 608 39
3 B 462 465
4 D 228 727
3 C 188 27
4 B 818 297
4 B 818 727
2 C 864 514
4 B 818 727
4 D 818 727
4 D 818 914
1 D 256 398
0 C 1003 153
0 C 1003 153
2 B 46 799
3 C 479 852
0 A 1003 153
1 C 256 711
0 A 1003 153
3 D 479 32
3 D 479 32
4 A 220 216
1 C 256 29
0 B 891 781
3 D 479 105
1 C 635 29
0 B 891 916
2 D 76 49
3 C 479 563
1 A 635 255
0 B 412 153
4 D 407 962
1 A 635 711
3 B 479 563
4 A 407 219
1 D 635 398
4 A 407 216
3 A 479 416
2 D 210 799
2 B 925 799
2 B 179 435
4 B 935 104
2 A 179 435
0 A 549 35
0 A 549 916
0 C 549 775
4 B 263 104
2 B 179 674
0 C 549 868
2 B 710 674
2 B 627 301
0 A 549 546
0 A 549 387
2 D 627 172
0 A 549 546
4 A 468 952
4 A 468 280
3 C 837 328
1 D 851 934
3 C 837 860
1 D 851 229
2 C 611 729
0 B 549 775
3 A 837 358
1 D 851 229
4 C 468 252
1 C 851 229
4 C 882 467
3 A 837 969
3 A 837 358
3 C 519 550
1 B 462 684
1 B 852 684
1 B 852 229
2 A 581 312
3 A 519 826
0 B 266 737
2 A 581 540
1 C 852 684
0 C 884 90
4 D 134 781
1 C 269 684
0 B 884 375
2 A 874 578
2 A 874 578
3 B 956 969
0 D 884 277
4 D 74 992
3 A 69 374
2 A 874 877
4 C 74 992
0 D 311 345
4 C 74 992
3 C 69 374
3 B 69 374
4 A 74 992
0 D 351 628
4 A 74 377
1 C 920 370
1 C 920 77
1 B 920 131
1 B 920 830
0 D 719 779
3 B 130 66
4 B 217 437
1 A 920 131
1 B 920 988
4 A 126 992
3 B 790 157
1 C 920 999
1 C 481 988
1 C 481 999
0 B 722 160
3 B 936 157
4 A 297 198
3 A 936 157
4 A 297 198
3 A 936 351
3 B 936 777
3 B 936 777
2 C 739 757
2 C 739 757
3 A 936 951
0 D 622 200
2 A 739 272
4 A 331 302
3 A 936 951
2 D 739 540
2 A 739 386
2 A 739 386
4 D 561 844
4 D 561 569
2 A 739 386
1 C 81 142
4 A 561 332
1 B 81 374
2 A 962 386
0 D 429 913
2 A 962 668
3 B 24 270
4 A 561 161
1 D 81 374
0 B 429 913
1 D 81 414
1 D 81 808
0 A 429 196
3 B 468 987
1 D 81 374
3 B 468 7
4 D 878 974
0 C 429 196
2 A 711 965
0 A 429 196
3 D 468 7
0 C 429 196
1 C 324 46
0 C 188 400
2 A 873 799
2 A 873 799
3 C 468 987
3 C 468 459
0 A 966 82
3 C 468 459
1 A 27 808
2 A 873 704
2 D 873 878
2 D 873 878
4 D 768 715
4 D 768 657
1 A 595 315
2 A 44 704
4 C 768 923
4 C 161 923
1 D 336 616
0 A 293 812
4 C 161 923
1 C 336 616
4 D 161 923
3 C 292 961
1 B 336 596
2 D 983 43
0 A 293 978
0 A 293 961
4 C 161 923
4 C 161 767
0 D 293 978
0 D 830 978
3 B 292 961
3 B 292 961
4 C 313 222
3 A 292 347
1 B 22 175
0 D 759 290
3 D 551 347
1 B 186 570
2 B 1023 697
1 D 186 570
2 B 1023 552
2 B 1023 697
1 D 186 570
4 C 797 326
2 B 1023 681
4 C 797 326
1 D 555 9
2 D 1023 681
3 B 3 951
2 C 1023 472
0 C 612 440
3 C 506 552
4 D 797 797
3 B 506 490
4 D 797 167
0 C 454 776
4 D 797 931
3 B 749 490
4 A 797 167
4 A 692 866
3 D 676 28
1 A 988 165
1 A 988 755
0 D 34 705
0 D 34 539
1 A 297 980
0 B 34 539
1 B 297 755
1 C 297 755
2 C 48 404
1 C 700 302
2 C 48 404
2 C 48 404
0 D 442 477
0 D 442 477
2 B 48 404
3 B 437 627
1 A 135 755
0 A 442 441
1 A 135 755
2 C 48 429
3 C 437 627
2 C 48 429
3 B 437 147
4 C 589 755
3 B 437 147
4 C 589 755
1 C 597 707
3 D 437 426
2 C 693 79
4 A 589 503
0 C 847 918
1 C 597 128
4 B 589 503
0 A 847 33
0 B 847 69
4 D 589 503
0 C 847 598
4 B 589 232
2 D 406 347
4 B 434 562
0 C 740 613
1 B 446 554
0 A 740 598
1 C 1005 208
1 C 522 208
1 C 522 208
4 D 400 414
1 D 522 101
4 D 400 718
2 C 410 105
0 A 553 497
0 A 553 816
3 D 330 545
0 B 553 890
3 D 330 450
0 B 553 667
2 A 410 563
2 A 410 563
0 D 553 497
3 C 330 450
3 C 330 450
1 B 11 629
0 D 553 305
2 D 410 563
3 C 330 993
4 C 894 862
1 D 318 188
2 D 352 233
1 D 149 188
3 A 665 993
2 A 799 485
1 B 149 20
3 D 665 181
4 B 894 279
0 B 501 558
4 B 894 279
4 D 419 758
2 A 568 955
0 C 775 490
3 C 97 181
4 D 419 758
2 A 568 539
1 B 177 560
2 C 568 159
1 B 177 362
1 B 177 560
2 A 568 485
2 A 568 539
2 D 568 67
1 C 177 560
0 C 378 490
1 A 911 560
3 C 448 547
1 D 911 174
1 D 911 193
1 D 911 174
0 A 497 888
0 A 497 490
3 B 448 30
3 B 448 30
0 B 497 888
4 C 56 266
2 C 568 159
4 C 56 200
3 B 764 500
0 A 549 261
4 C 56 200
4 C 56 200
1 B 394 537
3 D 686 21
4 B 56 244
4 B 56 564
0 A 681 291
4 A 56 71
1 A 394 700
2 B 21 0
0 A 681 833
4 C 56 200
0 D 681 546
1 D 394 212
0 D 681 807
2 B 682 208
0 D 681 534
1 C 495 212
2 C 939 208
1 C 495 840
2 A 939 10
3 B 797 739
0 D 23 686
2 D 939 10
3 B 797 447
2 D 939 10
3 B 386 779
2 D 939 693
2 D 939 693
3 B 691 770
3 B 962 770
3 B 962 770
4 C 141 822
4 C 141 822
4 C 141 822
1 A 44 5
0 D 3 488
1 A 44 5
1 A 44 5
4 C 564 160
4 C 564 160
1 D 44 281
0 A 3 724
4 A 564 160
3 A 460 849
1 A 44 43
0 C 3 724
1 B 44 5
4 A 613 160
3 A 438 459
0 C 3 724
2 C 949 362
2 B 949 362
4 A 613 822
2 B 949 211
1 A 538 43
3 C 438 459
4 B 553 242
0 B 3 508
4 A 553 242
1 C 997 400
3 C 438 459
4 B 553 587
0 C 3 724
3 C 438 433
2 C 949 211
1 C 268 541
2 A 949 77
2 A 949 211
0 C 525 508
2 A 228 970
2 A 228 970
1 B 636 922
3 A 433 737
2 A 71 999
3 D 433 737
0 B 35 381
1 B 222 371
0 B 35 117
0 B 35 626
2 C 71 999
4 C 270 382
3 C 433 607
2 C 634 859
0 B 191 117
0 B 191 568
3 A 433 737
1 C 222 582
3 A 433 438
2 C 634 64
0 B 191 945
1 D 222 582
4 A 270 351
0 A 191 60
1 C 222 193
4 A 270 351
4 C 270 351
4 C 468 369
4 A 468 369
2 C 31 517
4 A 936 646
4 A 936 646
3 A 750 227
3 A 750 227
0 C 739 160
2 C 520 965
3 D 843 958
3 D 843 958
1 A 419 277
3 C 843 227
2 C 401 809
3 C 843 745
4 A 971 943
2 A 401 809
0 C 461 644
2 A 401 96
0 C 461 219
2 A 401 96
0 B 461 428
1 A 454 466
1 D 454 547
1 D 454 420
1 D 454 981
0 A 461 668
4 C 389 469
2 C 558 631
1 A 454 277
1 A 841 981
4 A 389 972
1 A 841 981
2 C 558 494
1 D 841 449
4 D 735 469
3 B 640 456
2 C 945 182
3 D 640 456
4 D 922 506
3 D 640 359
2 C 945 182
2 C 945 593
0 B 108 990
2 C 945 494
0 B 108 990
3 D 569 551
0 B 203 896
0 C 203 896
0 C 203 115
4 A 19 817
0 D 203 115
1 D 797 233
4 D 601 153
1 D 797 723
3 C 569 257
4 D 601 153
1 D 797 723
1 B 797 723
4 C 13 20
2 B 799 81
1 D 797 723
4 B 13 20
2 B 799 81
3 C 338 966
2 A 647 26
1 D 797 537
0 A 254 442
1 B 797 919
2 A 286 26
1 B 308 738
2 B 286 26
2 B 286 768
2 C 286 26
3 B 419 301
2 D 736 281
0 C 849 249
3 A 419 301
3 D 918 966
3 D 918 301
1 D 736 299
3 C 431 444
3 C 431 966
0 C 400 814
0 C 400 610
0 A 400 814
1 C 157 624
4 D 778 845
4 D 778 114
1 C 157 138
2 A 810 799
4 D 778 652
1 B 157 138
4 D 778 652
2 A 619 697
1 D 98 799
4 B 778 343
2 D 619 643
2 D 554 813
4 C 778 757
2 D 554 697
3 C 631 18
0 A 470 807
4 C 11 757
2 D 151 620
3 A 631 18
4 B 82 757
0 A 470 465
3 C 631 436
0 A 470 807
3 B 631 520
0 A 470 465
3 D 188 520
1 D 293 292
0 A 545 807
3 B 77 520
1 D 293 292
1 D 293 292
3 D 77 18
1 D 293 292
2 B 233 360
1 D 293 274
1 C 293 487
0 A 315 465
3 B 483 18
0 C 315 383
2 B 522 306
0 C 315 550
4 C 484 457
1 C 293 487
2 D 522 306
2 D 522 955
1 C 293 218
0 A 315 316
1 B 293 413
2 D 522 955
1 B 293 218
4 B 484 457
4 B 484 593
0 B 315 316
1 C 293 218
4 C 484 593
2 D 978 533
4 C 484 593
3 D 64 82
3 D 64 508
4 D 484 457
4 D 484 411
3 C 188 868
3 C 188 868
0 A 568 497
3 A 188 868
0 C 568 166
0 C 568 224
2 D 46 557
3 A 225 447
4 A 358 986
4 A 358 593
0 A 568 575
1 C 419 397
1 C 419 397
4 C 701 986
3 A 18 195
1 B 419 397
3 A 18 230
1 B 419 512
4 A 701 443
3 C 18 230
4 D 701 50
0 A 568 280
2 B 635 530
3 D 18 349
3 D 18 56
2 B 36 530
1 A 419 476
3 D 18 414
1 A 874 476
2 B 319 465
2 D 319 889
2 B 319 612
4 B 632 706
0 A 134 472
0 B 134 472
2 B 109 612
1 D 348 476
0 C 134 214
1 B 348 419
0 A 134 843
2 D 310 59
4 B 123 615
4 B 121 969
4 B 121 969
0 C 923 843
1 A 819 192
3 C 280 307
1 A 30 978
4 D 121 0
4 D 121 537
1 A 30 628
4 B 121 256
0 C 636 129
4 B 121 100
1 C 30 163
3 B 280 307
4 A 121 102
1 C 30 820
3 D 280 307
3 D 280 755
2 A 795 47
2 A 795 201
3 D 280 359
1 A 30 829
3 D 280 359
2 A 795 21
3 B 280 359
2 A 795 21
3 B 658 755
3 B 658 755
3 B 658 359
2 D 795 21
2 D 814 794
0 B 170 515
2 D 814 21
0 C 240 181
3 B 760 653
0 C 240 181
0 C 240 181
0 C 240 181
3 D 760 261
4 C 252 186
3 C 760 243
1 A 585 544
4 A 252 825
4 A 252 186
3 C 760 243
1 A 732 902
2 C 139 721
3 C 760 743
4 A 867 825
3 C 760 261
1 D 393 902
0 B 990 143
4 A 867 786
4 A 867 131
1 D 393 590
0 B 842 835
2 A 306 166
1 D 729 731
0 B 842 835
2 A 306 619
0 B 842 835
2 C 306 244
0 B 842 835
2 C 306 244
2 C 306 309
0 C 842 961
1 A 729 902
2 A 566 309
0 C 842 678
4 D 505 868
2 C 752 309
4 D 505 131
1 A 632 118
4 B 353 678
1 A 652 806
4 C 353 678
4 A 353 6
3 D 816 231
1 A 745 806
1 A 745 639
4 A 353 6
1 B 745 326
3 D 816 2
4 A 54 6
4 A 54 6
4 A 54 6
1 B 745 426
4 A 54 382
1 A 745 388
3 B 816 674
1 C 745 750
3 C 816 674
0 A 843 518
4 B 585 49
3 B 816 719
2 D 279 632
0 D 843 518
3 B 152 719
2 C 279 373
0 C 843 518
2 C 462 373
0 C 843 967
3 B 872 232
3 B 872 178
2 C 462 655
2 A 462 232
4 A 690 598
3 B 282 135
4 A 412 814
2 B 462 232
1 B 569 993
1 B 569 573
2 D 462 232
3 B 410 887
1 D 947 573
2 C 462 232
4 D 412 693
4 D 412 968
4 B 412 693
2 C 323 433
1 B 947 528
3 D 751 678
2 C 915 232
4 D 412 411
1 C 947 550
1 A 259 573
0 D 912 532
3 B 811 272
1 A 281 588
0 B 912 655
2 A 753 753
2 A 753 1004
3 A 382 784
0 B 912 871
0 B 912 871
2 A 753 989
3 A 382 406
3 C 382 171
4 B 115 69
0 A 624 296
1 A 204 286
2 D 274 2
1 A 204 302
4 B 993 69
4 B 993 108
3 D 412 377
0 C 928 532
1 B 204 302
2 B 274 907
0 D 928 623
4 D 993 108
1 D 204 527
1 D 204 286
1 D 204 203
4 A 678 69
1 D 204 203
4 A 678 108
1 D 204 203
0 D 328 871
4 C 678 108
4 C 678 1022
2 D 877 237
0 D 257 991
0 D 231 724
0 D 231 724
4 C 950 247
0 D 231 183
3 C 41 500
4 B 950 856
3 C 41 919
1 D 426 384
2 C 717 306
4 D 950 725
3 A 41 351
1 A 426 384
2 C 679 237
4 A 950 725
2 C 679 412
0 D 231 254
1 B 426 384
3 A 41 99
2 C 679 412
4 C 69 969
3 C 41 954
0 A 231 30
1 C 426 85
4 C 156 969
3 C 41 189
1 C 426 85
3 A 792 86
1 C 26 85
2 D 86 412
2 B 815 728
0 A 608 244
3 B 797 799
4 C 120 58
0 A 441 413
0 A 441 244
4 C 99 921
2 C 815 863
4 C 99 227
0 B 441 413
4 C 99 921
3 D 752 770
1 C 612 101
2 D 204 425
0 B 863 446
1 C 612 195
4 B 99 976
1 C 612 195
1 B 612 195
1 B 612 244
1 B 612 295
4 C 572 28
3 A 361 69
3 A 361 636
3 A 361 783
1 D 612 363
3 A 361 636
4 C 910 976
3 A 361 783
1 D 612 363
3 A 361 780
3 A 361 626
3 A 415 626
2 D 198 776
2 D 198 307
4 C 91 579
0 C 164 832
2 D 198 5
0 C 164 111
2 B 198 5
0 C 164 386
0 D 164 111
2 D 198 286
3 B 64 408
4 C 91 1009
4 C 91 1009
2 A 198 476
4 C 91 561
2 A 198 313
0 D 164 111
0 D 164 111
1 A 1000 10
4 B 91 131
0 B 164 619
2 B 269 313
0 A 164 219
1 A 1000 10
4 A 91 131
0 A 164 219
4 A 91 579
0 A 164 111
3 D 609 95
1 B 403 10
1 C 403 10
2 B 554 286
1 C 403 1007
4 A 569 36
1 C 112 396
3 B 935 819
2 D 851 565
3 B 935 926
4 A 696 96
2 D 851 313
0 B 202 890
0 B 202 890
3 A 935 926
4 B 696 96
0 C 202 249
4 C 696 574
0 C 311 780
3 A 882 926
3 A 882 952
4 A 696 703
2 A 597 489
0 D 311 780
1 C 522 46
1 C 522 15
0 B 311 213
2 D 370 829
2 D 370 829
4 A 698 140
3 B 676 885
2 D 370 80
2 D 952 35
0 B 693 328
4 C 756 703
1 A 157 387
3 A 435 534
1 D 157 387
2 B 802 141
0 C 31 682
3 A 107 436
3 A 107 527
3 A 107 436
1 D 210 154
2 C 59 583
4 C 64 985
1 A 183 154
2 C 804 829
3 B 107 385
4 C 64 651
0 C 31 40
4 C 64 136
1 B 183 230
3 D 107 108
4 C 64 136
3 D 107 385
0 C 19 962
0 C 19 96
1 A 762 767
2 D 804 184
4 B 64 9
4 B 64 63
2 D 804 98
1 D 762 767
1 D 762 301
4 C 415 63
1 D 568 262
4 A 415 136
0 A 970 463
0 A 970 182
0 A 970 182
3 B 467 10
0 A 970 182
4 A 931 9
0 C 970 182
3 B 377 10
3 A 377 10
1 A 782 317
1 B 782 872
3 A 131 480
4 C 812 508
1 B 782 878
3 A 131 460
2 C 686 528
3 A 131 621
3 A 131 480
4 D 812 932
1 B 782 872
2 C 686 528
1 C 782 791
1 C 782 872
2 C 686 884
0 C 502 108
4 D 812 932
2 B 686 884
3 D 112 132
0 C 636 973
2 D 686 125
2 D 686 721
4 C 802 851
2 B 686 721
4 C 331 851
2 B 686 528
2 D 932 721
2 D 113 528
0 C 481 367
1 B 80 484
3 B 536 28
0 B 481 515
1 A 80 484
4 C 778 861
3 D 325 399
0 B 481 330
1 D 292 484
4 B 778 308
0 B 481 330
1 D 292 682
0 B 481 367
3 A 102 519
0 B 204 393
0 B 204 414
1 C 292 484
0 B 204 367
4 A 686 411
2 C 72 622
4 A 686 38
2 A 116 111
4 D 991 492
3 A 435 28
2 C 116 111
0 A 124 211
3 D 669 186
2 C 116 55
4 B 163 681
3 D 669 347
0 B 124 431
2 D 116 55
1 B 733 129
2 C 777 55
3 A 669 347
0 B 983 431
2 D 281 55
3 B 669 233
1 A 733 214
0 C 983 431
3 B 669 97
1 D 733 214
1 D 733 214
1 C 733 30
1 D 733 730
1 D 733 730
0 B 932 968
0 C 932 123
0 C 250 955
4 B 118 167
4 B 118 188
4 B 118 167
0 D 250 968
3 B 52 135
4 C 427 616
0 D 250 955
2 C 675 604
4 D 427 616
2 A 675 195
3 C 214 43
4 B 427 246
0 B 587 398
2 A 932 195
3 D 214 43
0 D 587 329
3 D 214 43
1 D 364 247
2 B 932 64
2 B 330 703
1 C 364 998
3 C 214 563
2 C 330 931
0 D 754 596
2 B 330 732
1 A 364 998
3 C 195 169
1 A 364 275
1 B 364 821
1 B 364 247
1 B 364 147
2 B 871 341
0 C 754 329
2 B 871 276
1 C 364 147
2 D 871 931
4 C 432 144
0 A 96 847
4 A 432 690
1 C 880 998
2 D 9 888
0 D 96 164
4 A 432 655
4 A 432 655
3 C 462 188
0 A 96 164
2 A 9 888
3 B 462 822
0 D 96 103
4 B 902 463
4 B 902 463
1 B 880 258
4 D 902 655
2 A 732 502
3 A 462 992
1 B 880 783
3 A 488 523
3 A 488 379
3 C 488 433
2 A 905 569
2 A 905 502
3 C 488 379
3 C 488 822
4 B 61 921
2 A 905 722
2 A 905 731
2 A 905 910
2 C 905 910
2 C 905 910
1 A 182 240
0 C 35 996
4 A 764 34
1 D 182 240
0 D 35 180
0 D 35 602
1 D 182 684
4 A 653 34
3 A 319 953
0 B 35 1
1 D 815 953
4 D 653 763
0 A 35 1
4 D 653 763
3 C 127 953
3 D 46 312
0 D 544 1
3 D 46 312
4 C 653 650
0 D 161 92
4 C 653 650
3 B 97 312
0 A 365 92
1 B 417 332
0 B 744 1
2 D 467 879
2 C 467 879
2 B 467 879
0 C 791 991
4 B 242 691
0 C 791 759
2 C 467 879
2 C 467 879
2 C 467 174
4 B 487 691
1 B 356 960
4 C 487 653
1 C 356 960
3 C 777 597
3 C 777 126
4 B 487 237
1 C 356 960
2 A 891 44
3 C 777 0
1 C 356 960
1 B 356 720
3 C 777 544
3 C 777 624
4 D 487 691
4 D 487 504
1 A 356 768
0 C 58 872
3 B 777 106
0 C 58 500
3 B 777 106
0 C 58 384
2 D 398 51
3 C 777 886
2 D 487 51
3 B 777 886
0 D 58 294
0 D 58 294
0 D 58 69
0 D 58 69
2 D 487 892
2 D 949 414
4 A 687 487
2 D 949 113
3 B 947 223
4 B 687 228
2 B 949 24
0 A 212 294
3 B 947 260
1 C 698 193
1 C 698 538
2 A 949 24
4 B 687 487
3 D 947 260
4 A 687 680
1 A 698 538
0 C 174 221
0 C 174 211
3 C 333 260
1 A 698 538
3 C 358 940
0 C 174 211
1 A 698 398
2 A 1023 586
2 A 590 414
4 C 16 772
1 D 698 709
1 D 651 709
0 D 225 599
2 C 485 75
1 A 651 302
3 B 659 306
4 D 568 233
3 D 659 281
2 A 802 193
3 D 929 652
2 A 424 364
1 B 159 884
4 B 230 319
2 B 424 410
0 B 652 571
1 D 159 892
4 A 836 967
0 B 652 690
4 A 836 967
1 C 159 341
2 C 1 805
4 B 836 967
2 C 1 431
0 D 652 868
1 C 159 247
4 B 836 111
3 B 308 952
0 D 652 380
1 C 159 247
4 C 864 249
0 A 652 659
3 B 733 644
2 C 409 364
0 A 652 571
2 C 409 410
3 B 782 299
3 B 195 299
2 A 311 126
4 D 757 50
2 A 325 141
1 A 979 822
2 A 820 304
3 B 431 659
4 A 977 860
1 A 279 980
0 A 353 216
4 A 977 860
2 A 640 304
2 A 640 322
3 B 431 220
1 A 279 716
0 A 439 358
1 A 279 460
3 D 431 241
2 D 640 322
4 D 977 778
3 D 83 432
4 A 977 778
3 D 83 785
0 D 439 358
1 D 279 980
2 A 640 819
4 A 93 778
0 D 439 358
3 C 83 659
3 C 83 432
4 D 93 982
1 B 279 272
2 C 640 486
2 C 640 647
2 C 640 647
0 D 439 432
0 D 439 358
4 B 377 154
4 B 377 90
3 C 1001 428
4 B 178 778
1 A 400 513
1 A 400 513
1 A 687 571
3 B 155 562
2 C 806 756
1 C 687 513
4 B 448 173
3 A 27 918
1 D 687 407
0 D 349 366
2 C 323 490
4 B 519 18
2 C 323 490
3 D 862 132
4 B 519 18
3 D 862 132
2 B 323 490
0 A 349 366
4 B 519 951
2 B 323 448
0 B 381 366
4 B 519 479
3 D 460 562
2 C 323 857
0 D 381 366
2 C 323 857
0 D 381 162
0 C 520 162
0 C 520 162
0 A 798 162
3 A 632 28
0 B 798 354
3 A 632 169
0 B 798 366
4 B 858 536
4 B 858 413
4 A 858 587
4 A 858 413
3 B 517 51
3 D 517 639
4 A 858 413
4 B 858 837
1 D 350 50
4 B 858 837
1 D 350 297
2 D 964 240
1 D 556 297
3 C 500 240
2 A 964 92
1 D 556 297
2 A 964 92
0 B 629 608
0 B 629 608
0 B 629 690
1 D 556 297
2 D 986 92
0 C 629 803
2 D 986 613
1 A 556 297
1 A 556 161
2 D 440 902
0 C 414 803
4 B 827 252
0 C 378 618
3 B 265 395
3 A 265 442
1 A 556 161
3 A 265 395
4 B 300 252
3 C 265 7
4 B 300 252
3 C 265 7
1 D 556 297
2 B 568 92
4 D 300 252
3 A 265 1014
4 C 300 252
3 A 265 686
4 C 300 520
3 A 172 7
2 C 568 571
4 A 300 307
0 C 124 261
2 C 849 814
2 C 849 551
1 D 210 979
4 A 300 804
0 C 185 481
3 A 512 171
1 B 191 52
1 B 191 798
1 D 191 798
0 A 44 481
0 A 44 1005
3 A 309 934
1 D 191 301
0 C 44 3
2 C 840 548
1 B 191 301
0 D 104 480
4 A 873 412
1 A 5 301
1 A 5 160
1 A 5 301
4 D 873 876
0 B 30 43
3 D 798 306
4 C 873 772
4 C 873 328
3 D 798 519
2 D 756 87
4 B 873 878
1 B 29 798
2 C 756 823
2 C 756 87
0 D 811 198
0 D 811 1
3 A 192 306
2 C 590 779
1 B 863 687
3 A 635 39
2 C 590 87
3 B 635 39
1 D 863 1017
0 D 37 407
1 D 863 1017
2 C 505 779
1 D 863 1017
0 C 373 841
3 C 635 823
3 C 635 636
4 D 360 446
0 C 373 724
1 B 863 832
3 C 635 39
3 D 635 737
2 C 146 561
4 C 360 446
3 A 635 737
0 B 373 474
4 D 360 602
0 B 373 474
4 C 360 602
0 A 1016 474
4 A 360 602
2 C 568 840
4 A 360 602
2 D 568 840
4 B 594 151
4 D 594 446
0 D 254 712
2 D 568 840
2 D 568 237
2 D 568 583
2 A 568 583
4 A 294 589
0 D 510 718
3 C 634 227
1 D 170 675
3 D 634 282
1 D 170 341
3 D 634 633
3 D 634 594
1 D 170 341
0 D 915 257
4 B 1021 289
1 A 580 341
0 A 915 847
1 A 580 341
0 A 915 862
1 A 324 341
3 A 634 567
4 A 464 662
1 A 324 675
0 A 915 1
1 A 324 341
4 A 464 852
4 D 44 440
0 B 915 176
1 D 344 341
4 D 44 471
2 D 453 366
3 C 988 949
0 D 915 620
2 D 453 290
2 A 453 290
2 A 705 290
3 C 988 567
0 D 998 176
1 D 388 323
2 A 705 290
2 D 73 290
1 A 626 735
3 C 988 860
2 B 73 290
3 C 988 206
2 B 73 58
3 C 988 931
1 B 95 123
2 D 73 58
1 B 95 123
0 D 131 497
1 B 307 123
0 D 131 537
1 B 437 64
4 A 133 210
1 C 437 64
4 A 459 210
3 B 220 474
0 A 131 928
0 A 131 155
0 A 131 320
1 C 10 300
0 A 131 320
3 B 215 474
4 A 459 736
3 B 215 423
0 A 131 380
4 C 459 394
4 C 998 130
2 D 663 55
3 D 215 195
0 A 969 380
3 A 215 195
1 C 10 123
3 A 215 423
2 B 663 110
4 C 998 736
2 D 663 391
1 C 273 117
2 B 663 568
1 C 273 117
2 B 663 55
0 D 667 974
2 B 663 568
2 A 663 568
3 D 842 200
2 A 136 872
0 B 477 246
2 A 133 568
1 C 228 366
4 A 424 858
0 A 477 868
3 D 92 282
0 B 189 868
2 C 987 799
3 D 92 282
4 C 424 858
4 C 424 488
3 A 92 693
2 B 987 872
2 B 987 130
1 A 873 764
1 A 873 764
4 A 424 868
4 A 424 126
3 B 92 430
1 C 256 348
2 B 987 143
1 B 256 764
1 B 87 544
3 D 92 430
1 C 87 336
3 B 111 430
1 D 87 878
1 D 87 878
3 A 111 419
2 D 912 932
0 A 140 285
0 A 140 375
0 A 140 375
2 A 912 726
0 A 140 152
0 C 140 871
0 C 140 312
4 A 846 15
4 A 994 15
2 C 474 623
4 A 811 712
4 A 811 712
3 C 842 41
4 A 811 841
2 A 810 354
3 B 842 943
2 B 810 354
2 B 810 354
1 D 706 600
3 A 842 937
4 B 822 812
3 D 842 642
2 D 766 658
1 B 706 278
2 D 766 813
1 B 805 278
3 B 609 821
1 C 805 282
1 C 421 600
3 C 549 821
1 C 421 282
0 C 840 177
0 C 840 177
1 C 540 829
3 D 549 22
3 B 549 937
0 A 840 710
2 B 318 880
0 B 840 710
4 C 428 338
2 D 318 421
2 D 318 880
0 B 840 914
4 C 33 338
0 A 840 552
4 C 33 338
2 C 318 880
3 B 222 602
0 A 618 823
3 C 222 78
1 D 259 611
2 C 318 819
2 B 318 880
3 C 423 78
4 A 33 575
3 C 423 78
0 A 728 177
4 A 33 467
0 A 82 621
3 D 533 514
1 C 380 476
2 A 318 843
3 A 533 78
1 B 380 476
4 B 932 575
1 D 380 252
4 C 932 575
4 C 932 94
1 A 380 252
4 C 769 94
3 A 257 472
0 A 499 723
0 C 499 735
0 C 499 723
4 D 382 955
1 A 746 259
2 A 799 391
0 C 499 723
1 B 746 259
0 D 499 723
2 A 799 117
3 A 312 262
0 D 499 85
2 A 799 117
3 A 312 262
0 D 499 489
2 A 799 792
3 D 312 280
2 A 799 792
1 B 128 745
4 A 395 609
1 B 128 749
3 D 312 319
3 D 312 319
2 D 799 792
3 D 312 319
2 D 319 117
1 C 313 667
0 B 612 723
4 A 581 129
1 B 313 667
4 A 581 396
1 B 313 159
4 A 581 396
4 B 434 425
3 A 952 234
1 A 222 605
0 D 629 635
4 B 149 578
2 C 231 20
1 A 818 326
3 D 11 234
2 C 231 20
3 A 11 143
4 B 211 129
2 C 231 152
1 D 818 505
4 B 211 429
3 D 11 234
4 B 211 850
1 D 818 217
0 A 629 74
2 D 927 152
0 A 537 439
4 A 211 138
2 D 927 152
4 C 211 127
0 B 537 906
1 C 818 505
0 B 251 906
2 B 927 152
4 C 211 204
3 B 857 500
2 A 358 152
3 D 1017 500
0 B 654 542
0 C 304 228
2 A 500 608
3 D 351 429
0 C 152 657
2 A 570 264
0 C 505 657
2 C 570 232
0 C 505 657
2 C 570 232
0 C 144 683
3 C 351 838
1 C 227 829
1 C 227 829
3 C 807 1008
1 A 227 829
0 D 627 231
0 D 627 390
1 A 227 829
2 B 954 232
4 D 572 537
1 D 227 829
4 D 572 366
4 B 572 78
2 B 599 933
1 D 603 6
2 B 599 933
3 A 978 78
0 D 297 239
2 D 599 933
1 D 688 156
3 B 978 160
4 C 572 6
2 D 599 584
3 A 978 869
4 A 581 963
3 D 978 792
2 D 599 584
4 A 581 963
3 D 978 792
1 D 86 911
3 D 794 869
0 B 950 91
0 B 950 693
4 A 598 995
0 B 950 214
4 A 196 337
1 A 382 429
0 B 41 270
1 A 382 429
1 B 382 847
1 B 382 429
4 C 196 593
0 B 844 270
4 D 196 195
1 B 249 429
1 B 249 377
1 B 249 425
3 D 367 741
0 A 793 54
4 C 196 195
3 B 367 138
3 B 367 138
4 A 196 337
2 B 269 941
2 A 269 25
3 C 367 356
1 C 562 377
1 C 562 230
2 D 269 433
0 D 842 798
2 D 269 433
3 D 367 356
3 A 367 144
2 C 960 369
3 A 612 144
3 B 612 144
0 B 842 851
3 B 612 144
1 D 254 863
1 A 254 545
3 C 572 611
2 A 982 274
4 A 295 744
4 A 295 827
0 A 681 693
4 D 81 827
2 B 437 977
2 D 437 977
0 C 590 589
4 B 81 879
2 D 960 977
4 B 81 288
4 D 81 201
0 A 442 686
2 D 94 426
1 B 130 800
0 A 324 800
0 A 324 992
1 B 130 53
4 B 89 430
3 D 858 591
3 D 858 591
0 A 67 686
2 C 638 575
3 B 858 311
1 D 130 94
1 D 130 157
2 C 638 575
3 C 858 612
4 B 249 168
0 C 67 323
3 A 858 789
4 B 563 70
1 D 130 53
3 C 858 789
2 C 638 417
0 A 885 445
3 C 615 591
3 C 615 789
2 C 772 513
3 C 615 677
4 C 445 230
3 C 615 677
4 C 179 226
0 D 801 882
4 C 179 226
2 C 46 492
4 C 399 450
1 D 269 305
1 D 269 305
4 C 399 450
2 C 46 100
4 D 399 450
1 A 269 305
1 B 269 224
3 C 523 170
4 D 286 204
3 C 523 170
2 B 97 822
0 D 195 734
1 D 269 500
3 C 533 591
4 D 286 450
2 B 97 81
4 B 286 496
1 D 914 678
4 B 286 496
3 D 533 676
2 B 509 126
3 C 533 628
2 A 509 942
2 A 509 77
3 D 533 676
0 C 425 731
0 C 793 316
1 D 106 224
3 D 167 676
0 C 793 316
2 C 419 482
1 D 106 621
4 A 185 416
1 D 106 228
4 A 355 416
0 A 942 470
4 C 355 416
0 A 942 755
0 A 942 470
1 D 106 926
4 C 919 190
2 C 78 743
3 D 842 344
0 A 754 544
1 D 106 926
3 D 842 344
2 A 78 476
1 D 106 926
3 D 842 618
2 A 529 491
3 D 789 276
4 C 120 586
0 B 735 757
2 C 529 491
3 A 789 459
0 B 735 757
2 C 95 491
1 D 633 926
4 C 327 1000
0 D 991 937
4 C 327 1000
2 C 95 534
2 C 95 49
3 A 789 344
0 D 991 704
3 B 789 693
4 C 327 7
3 B 365 459
4 A 327 7
4 B 327 7
2 B 509 491
3 B 0 746
4 A 327 312
1 B 605 902
1 C 605 163
2 B 648 32
1 C 605 902
4 D 327 312
1 C 605 163
3 D 851 370
0 D 598 544
0 D 598 704
1 D 605 294
3 A 851 459
3 B 851 786
1 C 605 578
3 B 851 31
2 B 276 663
2 B 276 314
2 C 276 764
0 A 721 779
4 B 254 929
0 A 134 779
2 C 276 267
0 B 134 779
3 B 310 684
0 C 134 726
1 C 147 578
4 D 990 953
0 C 134 779
0 C 875 726
2 C 276 267
3 D 335 5
4 C 990 331
0 C 754 129
3 D 335 5
4 C 990 225
2 D 276 764
4 B 990 486
3 C 335 336
3 C 335 297
3 A 335 511
1 D 774 93
1 D 774 93
1 A 774 236
1 A 774 236
3 A 924 176
0 B 828 788
0 C 828 212
1 B 677 761
3 B 418 176
0 A 828 212
1 B 677 1006
1 B 677 761
0 A 828 653
4 A 243 879
0 A 828 803
1 B 870 761
2 D 218 452
3 B 547 923
4 D 243 879
0 D 952 803
1 A 182 698
2 B 218 915
4 D 243 244
2 A 218 9
4 D 243 545
4 D 243 473
4 D 243 244
2 C 218 9
1 C 627 889
1 C 627 889
2 B 218 152
4 D 873 630
3 B 732 572
1 C 627 177
2 C 218 293
3 D 732 385
2 C 219 293
3 D 732 385
1 C 422 761
3 D 732 707
3 B 732 707
3 D 732 707
1 C 422 68
0 C 767 190
1 C 422 298
1 D 422 524
0 C 767 754
0 C 767 754
4 B 385 575
4 C 385 662
0 C 767 754
2 B 839 152
1 A 422 473
4 A 477 472
2 B 898 164
0 B 767 754
4 A 477 472
0 B 767 6
2 B 898 817
2 B 898 239
2 B 898 856
0 C 767 640
0 C 767 190
4 B 477 474
1 A 905 524
3 B 68 703
2 D 898 925
4 B 368 472
1 A 173 579
2 B 494 817
3 A 68 676
3 A 68 676
3 A 68 703
3 A 68 446
1 D 173 1011
3 C 68 446
1 D 173 691
1 D 173 170
3 A 68 601
4 D 534 693
1 D 173 554
0 A 964 73
0 A 964 73
2 B 536 344
0 A 785 73
2 B 496 100
0 A 91 31
2 D 496 100
0 A 91 31
2 A 496 100
2 A 496 100
4 A 993 693
1 A 612 170
4 A 660 1001
0 A 27 790
2 A 496 119
2 D 496 164
3 A 58 565
4 C 660 1001
0 B 27 92
3 A 58 565
3 A 58 596
4 B 660 530
4 B 660 530
1 A 154 484
3 B 58 596
0 C 27 233
0 C 27 22
3 B 463 61
1 A 154 245
1 A 154 611
0 C 27 28
3 C 463 565
4 D 660 659
0 B 27 22
1 B 154 245
3 C 463 61
1 B 154 962
1 B 154 962
3 C 561 61
4 D 311 998
0 D 201 22
1 D 154 157
2 C 74 912
2 C 74 912
2 C 74 912
2 A 74 792
3 A 622 983
4 D 320 200
3 A 622 464
4 D 320 200
0 C 835 310
3 D 622 514
2 C 74 792
3 C 622 514
4 B 320 647
2 C 74 53
3 C 622 754
1 A 379 824
3 C 622 617
0 C 780 496
2 B 633 912
4 C 320 257
0 A 780 815
1 C 379 926
1 C 379 926
2 B 99 792
4 C 7 257
1 D 379 931
4 D 7 257
1 D 379 380
0 D 293 419
4 C 7 191
4 C 7 847
2 B 642 792
1 D 974 824
0 A 450 419
0 A 450 883
2 D 642 124
2 A 5 571
4 A 31 847
2 D 5 669
0 A 698 435
0 D 223 435
4 C 275 371
4 C 554 24
0 B 555 948
1 A 921 839
1 B 921 839
3 D 768 980
1 B 934 610
3 D 768 378
1 B 934 610
3 B 768 982
2 A 109 927
1 B 934 610
2 C 820 927
3 B 768 982
4 A 947 112
1 B 934 926
2 C 820 2
0 A 87 218
3 D 768 982
2 B 820 927
2 B 820 1001
4 C 947 597
3 A 768 980
3 A 768 765
3 A 461 732
3 A 461 767
0 B 674 80
4 C 149 948
2 C 820 927
0 A 674 80
3 B 608 767
0 A 674 80
1 A 679 934
0 A 674 80
0 B 674 501
1 A 940 940
1 A 940 940
3 B 622 458
0 B 674 501
0 B 594 501
3 B 91 639
1 A 741 672
3 B 91 179
4 A 66 9
4 A 66 759
4 A 66 234
1 B 741 939
3 D 91 827
4 A 66 9
3 D 91 827
4 A 66 9
1 D 288 672
1 C 288 672
4 D 66 563
0 B 27 651
1 C 288 738
4 C 66 69
0 C 27 651
4 C 66 9
2 D 846 771
2 D 846 553
4 C 66 69
0 D 27 535
2 D 846 553
0 C 27 535
0 C 27 500
0 A 27 4
2 B 846 738
0 A 27 589
2 A 846 738
2 A 846 351
2 A 846 351
2 D 846 351
2 D 475 689
1 C 645 972
1 A 645 887
3 A 61 209
2 D 350 689
2 D 350 689
1 C 645 887
3 B 61 32
4 A 117 205
3 B 961 920
1 A 298 887
3 B 961 32
4 B 117 414
3 B 961 32
3 C 961 953
0 B 903 491
1 B 298 762
4 B 117 186
0 B 903 330
3 C 961 32
4 C 117 186
1 B 144 762
1 A 144 762
2 C 783 36
4 A 857 114
4 A 857 114
0 C 903 920
0 C 903 920
2 C 179 161
2 D 179 161
1 D 42 143
0 D 814 187
1 C 42 301
0 D 814 210
3 C 571 990
2 D 595 880
0 C 814 920
2 D 595 880
4 D 599 862
3 B 571 584
1 C 441 402
3 B 571 584
1 C 441 402
1 C 851 703
2 C 128 505
3 D 413 584
0 C 643 721
3 D 413 580
2 D 128 505
4 B 190 592
3 D 229 584
2 C 128 940
0 D 872 762
0 D 872 762
2 C 856 495
1 D 124 454
4 D 190 161
4 D 190 161
0 D 872 86
0 D 872 764
2 A 856 255
4 A 190 592
3 A 582 98
3 A 582 643
3 A 582 580
3 A 582 643
3 A 582 282
0 D 977 253
4 A 275 187
2 A 42 940
0 C 977 663
2 A 125 807
3 A 582 643
4 D 275 936
1 A 858 356
1 A 858 387
1 A 858 828
4 D 206 937
2 A 509 301
1 A 858 828
2 A 167 309
3 D 582 577
2 C 167 45
1 C 858 163
2 C 167 506
1 D 858 861
0 D 318 558
4 C 206 21
2 C 167 506
1 D 413 828
4 B 910 559
1 C 413 828
4 C 910 967
0 C 651 195
0 D 651 195
3 D 491 16
0 D 971 195
0 D 971 558
3 B 491 913
0 B 971 139
1 C 997 98
3 C 491 646
1 C 997 98
3 C 491 646
2 D 487 26
1 B 636 89
3 C 491 646
2 D 669 83
3 C 118 20
0 C 148 564
4 A 319 536
3 C 118 646
0 C 148 195
2 B 1 872
2 B 1 83
1 B 165 233
1 B 165 922
4 C 319 536
4 C 319 536
2 A 1 24
2 A 1 24
1 A 279 405
4 D 319 312
4 D 319 266
0 C 148 59
1 A 41 186
2 B 700 30
0 C 148 59
2 C 700 24
3 A 775 646
1 B 41 186
3 A 775 9
3 A 775 9
2 D 700 866
4 B 319 422
0 C 141 235
3 C 785 356
1 D 41 272
3 C 825 356
1 D 41 46
2 C 700 675
3 C 825 356
3 A 825 768
2 A 867 30
0 D 871 430
4 B 897 880
0 D 768 36
2 A 710 868
3 D 423 878
0 C 768 36
1 A 146 975
4 C 897 502
0 C 428 970
1 A 146 610
4 C 897 926
2 A 729 511
0 D 428 923
2 A 729 843
3 D 488 838
2 C 729 307
1 A 146 271
4 B 251 880
1 C 146 222
3 B 488 771
0 D 428 923
2 A 729 734
3 B 488 771
0 D 717 767
4 A 251 502
3 B 488 771
2 A 729 734
0 B 717 767
2 D 729 734
3 D 488 88
2 D 729 375
3 C 488 689
3 C 644 689
1 B 277 149
0 A 462 818
1 B 22 266
2 A 188 1000
4 C 605 886
0 A 3 686
1 B 22 266
1 B 22 266
2 A 911 125
4 A 605 974
1 D 22 663
0 A 3 247
2 B 911 125
0 A 3 457
1 D 22 9
3 A 313 246
4 B 605 18
0 A 3 4
2 A 911 187
3 A 313 105
0 D 3 4
2 D 911 904
3 D 313 105
4 C 605 18
3 D 313 763
4 C 287 18
3 D 313 257
4 C 287 986
4 C 287 546
3 B 313 827
3 B 313 318
3 B 313 221
2 A 48 187
0 B 640 213
0 A 640 213
2 D 123 124
2 D 123 55
0 A 640 213
1 D 75 907
1 B 75 907
4 A 429 62
1 A 75 105
0 A 223 79
4 A 429 448
1 A 75 105
1 A 75 105
4 B 429 67
2 D 511 124
3 A 515 309
0 A 47 180
4 D 429 544
1 A 75 1000
3 A 824 309
4 C 429 285
0 A 587 216
3 A 824 810
0 A 587 216
4 C 429 6
1 C 157 436
2 D 233 388
1 A 157 436
3 D 824 516
1 A 423 105
3 A 824 831
0 A 726 588
4 C 277 352
3 A 824 831
2 C 811 0
0 A 726 588
2 C 811 0
3 B 367 810
1 B 517 105
0 B 332 721
0 B 55 40
1 B 628 226
2 D 447 0
4 D 524 949
2 D 447 852
2 D 447 852
0 D 137 339
1 A 265 538
1 B 265 788
1 B 265 619
1 B 265 748
1 A 265 270
4 B 46 506
2 B 447 852
1 A 632 270
2 B 447 23
3 C 765 307
4 B 46 199
3 C 765 152
2 C 447 698
3 C 765 464
4 B 345 1011
0 D 86 374
2 B 402 23
3 C 823 406
3 C 823 406
1 A 946 639
0 C 86 350
4 D 292 657
3 A 823 406
4 D 292 657
3 A 823 642
1 C 946 588
1 C 946 588
2 B 963 573
0 D 86 350
0 D 86 350
2 B 963 397
4 B 292 709
2 B 963 893
4 B 292 49
0 D 86 425
4 A 292 709
0 D 86 425
3 A 803 840
0 D 86 425
2 B 59 893
3 A 834 595
2 B 59 988
4 B 1022 219
3 A 834 595
3 A 834 804
1 C 224 949
2 D 972 36
3 B 834 840
3 B 834 837
2 B 972 36
2 B 972 988
4 A 491 135
3 A 719 837
4 A 491 135
0 C 109 195
0 B 109 324
4 B 606 829
4 B 606 324
0 B 109 786
1 C 366 6
4 C 674 492
0 C 109 786
2 C 350 563
0 C 109 466
0 D 109 173
1 B 3 273
1 B 526 273
0 D 318 56
1 D 526 273
2 C 460 122
2 C 460 578
3 A 508 699
3 D 508 586
1 D 325 273
1 D 325 6
2 B 460 959
4 C 942 733
0 C 926 466
2 D 460 959
3 C 508 586
2 D 460 289
3 C 508 507
1 D 654 529
3 C 508 507
0 C 47 56
2 C 460 563
2 C 367 435
4 A 180 506
1 B 654 273
1 C 538 186
4 A 137 927
4 A 137 506
0 A 696 193
0 A 696 993
4 B 137 179
4 B 137 977
0 A 753 447
1 B 889 881
4 C 137 179
4 C 137 142
2 C 832 272
0 C 986 703
1 B 888 186
0 C 986 758
1 B 248 870
2 C 832 167
2 C 832 167
4 A 678 725
1 C 248 881
2 C 832 167
3 D 553 965
0 D 986 447
1 C 248 871
3 D 881 1017
2 A 832 167
1 B 248 871
3 D 881 1017
2 A 832 831
2 C 832 883
1 A 248 231
3 D 881 146
4 C 331 673
3 D 881 146
0 A 355 714
1 A 317 870
3 D 881 146
3 D 562 146
0 A 223 847
4 D 331 673
0 A 223 847
4 C 331 922
4 B 331 308
4 B 331 308
2 B 789 217
2 B 789 635
0 A 398 216
2 D 789 635
2 D 789 896
1 C 518 774
2 A 789 896
3 A 995 973
0 A 834 393
1 D 518 784
3 A 995 61
3 A 995 61
2 B 789 778
0 C 834 393
1 B 518 137
3 A 229 654
3 A 229 982
0 D 834 837
3 A 229 502
3 B 229 502
1 C 518 960
1 C 518 960
0 C 834 837
4 A 310 672
4 A 310 959
1 A 518 960
3 A 31 111
4 A 488 779
4 A 386 305
3 A 450 226
3 A 450 567
4 D 386 941
3 A 450 567
3 D 450 24
4 D 386 495
2 C 743 379
1 A 6 462
4 D 386 305
2 A 743 379
4 C 386 389
1 A 17 152
4 C 386 305
4 C 386 495
2 A 743 161
2 A 743 557
3 B 450 453
2 B 743 161
1 A 17 152
0 C 563 580
1 A 17 1
2 D 1 161
1 A 17 676
0 C 563 673
0 C 563 673
0 C 563 908
2 D 1 664
1 D 811 68
0 D 563 819
0 D 563 819
0 D 563 588
3 C 50 125
2 D 715 510
2 D 715 161
0 A 219 673
3 D 429 125
3 D 429 125
3 D 429 987
4 C 836 998
3 D 429 987
4 C 836 562
4 D 836 248
2 C 544 774
4 D 836 562
1 C 665 724
0 C 406 220
3 D 429 987
1 C 160 724
4 D 836 778
2 C 761 365
4 D 836 778
4 D 836 827
0 C 622 11
4 D 884 827
2 C 778 607
4 D 884 778
0 C 622 11
1 C 778 742
1 B 778 742
3 A 6 77
0 D 622 489
2 B 835 646
1 A 778 714
0 D 622 311
2 D 835 774
2 A 835 646
0 C 622 529
3 D 572 1
1 B 707 885
3 C 747 82
2 A 455 885
4 B 845 833
4 B 845 651
2 A 455 860
4 B 845 519
4 A 845 833
4 A 845 519
2 A 936 239
4 B 184 519
1 D 499 732
3 C 131 945
4 D 184 850
2 A 296 448
3 B 131 945
3 B 679 963
3 B 679 706
3 C 679 706
2 A 40 943
1 D 706 12
2 C 40 303
0 D 23 785
2 B 40 303
4 B 829 850
3 C 212 706
3 C 212 252
2 B 40 47
1 D 706 12
3 A 212 696
4 A 829 1021
0 A 23 394
1 C 706 12
2 B 40 47
1 C 706 787
4 A 458 1021
1 A 706 787
4 A 458 802
1 D 819 829
1 A 819 829
1 D 819 12
4 A 231 461
0 C 434 863
0 C 434 488
3 C 514 171
0 B 434 638
0 B 434 394
0 B 434 929
0 A 566 929
4 B 401 224
3 D 301 179
2 C 745 78
0 A 858 379
1 D 393 716
2 C 745 891
3 D 147 637
0 D 858 461
2 A 745 320
3 C 147 637
4 B 881 46
2 A 745 320
4 B 881 398
1 B 541 903
1 C 541 510
4 B 158 878
4 B 158 878
1 D 374 547
4 B 158 878
4 B 158 398
2 B 61 662
3 D 777 781
1 D 374 118
3 C 777 210
1 D 541 118
0 D 79 570
4 A 158 129
0 A 79 570
0 A 79 570
0 A 79 503
2 B 921 320
2 B 921 320
3 D 568 364
3 D 568 758
3 D 568 781
4 D 181 841
3 D 568 758
0 C 79 503
2 B 685 33
1 D 868 994
0 C 695 503
0 C 695 503
2 A 685 902
0 A 695 121
2 A 685 690
3 D 333 679
1 D 383 943
2 A 685 690
3 D 333 967
1 C 383 943
3 B 333 967
2 D 955 690
4 D 984 330
1 C 383 667
4 C 984 341
0 A 965 883
0 A 965 712
1 C 383 667
3 A 136 443
4 D 984 1020
3 C 136 443
4 D 984 1020
1 B 383 128
3 C 192 178
4 D 984 448
0 D 965 916
1 B 35 943
4 C 984 596
2 B 328 784
3 B 192 820
4 C 984 551
2 B 328 411
0 D 230 883
1 B 825 943
0 D 230 962
2 C 328 411
1 B 883 128
2 A 328 258
1 B 165 60
2 C 328 258
3 D 665 191
1 B 895 806
1 B 895 806
1 A 895 806
1 A 895 876
4 B 233 414
4 B 233 451
0 B 835 281
1 C 895 186
4 B 233 1011
4 A 233 212
1 B 181 864
2 D 441 343
0 C 493 628
3 C 293 981
4 A 233 212
4 A 233 246
3 B 293 981
0 A 493 133
4 A 130 414
0 D 493 860
3 C 293 825
3 C 293 870
0 D 444 281
4 D 73 133
1 B 995 520
3 A 974 63
1 B 995 520
0 D 1013 402
2 C 752 70
1 A 995 520
0 B 1013 402
3 A 119 63
1 A 995 641
3 C 119 796
3 C 119 346
2 C 135 0
1 C 995 520
2 C 135 524
1 D 995 1020
3 C 119 796
1 D 995 1020
3 C 119 112
2 B 135 529
0 A 284 522
2 B 135 655
4 B 363 473
0 B 284 522
2 A 135 860
4 B 741 473
0 B 284 379
4 B 741 473
3 C 799 969
0 A 284 609
4 A 741 473
1 A 139 3
2 B 403 248
4 A 741 988
1 D 139 3
0 C 284 570
2 B 403 174
4 A 741 372
1 B 139 3
1 B 139 3
4 D 741 372
1 D 139 3
2 B 13 655
4 C 223 438
1 A 139 163
4 A 223 438
3 D 959 377
2 B 288 18
2 B 288 18
2 B 288 73
3 D 2 978
4 A 556 550
3 D 85 978
0 C 485 473
0 C 485 473
1 A 16 98
3 D 85 978
0 A 485 473
3 A 85 978
3 A 85 576
2 C 141 319
3 B 85 971
4 A 828 550
0 D 485 944
3 B 85 576
1 B 16 98
4 B 828 550
1 D 16 527
1 D 16 400
4 B 975 627
2 B 232 319
3 D 85 509
0 A 485 410
0 B 485 965
0 B 485 410
4 A 975 827
4 D 975 827
3 B 455 509
0 B 485 410
4 B 59 160
2 B 694 278
2 C 694 247
2 C 694 278
4 B 59 976
1 B 501 107
3 B 917 472
1 C 501 972
2 C 848 681
1 C 237 398
3 B 75 250
3 B 634 426
1 C 237 935
3 C 634 706
4 B 883 675
1 C 237 490
3 C 634 906
4 B 609 675
2 C 656 823
0 D 688 127
3 C 634 84
2 C 656 823
4 C 609 899
0 D 492 4
2 A 656 823
0 D 492 169
4 C 507 876
1 B 695 398
3 A 925 250
2 C 656 815
0 D 492 169
4 D 507 876
2 A 840 406
0 D 492 169
4 B 507 638
2 A 840 406
0 B 492 847
2 A 710 751
0 B 492 847
1 B 538 188
1 B 538 369
3 B 54 922
4 B 405 388
3 B 54 922
2 A 632 705
3 C 54 391
1 D 538 542
1 D 538 580
1 D 393 639
2 D 632 532
3 A 215 391
1 A 393 523
3 B 215 391
4 B 294 101
2 D 632 532
0 A 321 169
0 C 321 494
3 B 215 41
4 B 294 394
3 B 215 391
2 C 632 136
0 C 321 154
4 B 372 530
0 C 321 985
0 C 321 19
0 C 326 19
4 B 372 530
4 A 372 894
0 A 326 985
4 D 372 313
0 C 326 985
1 A 72 891
1 A 72 307
4 D 108 363
1 D 72 307
1 A 495 307
3 D 603 208
1 A 495 307
3 C 603 448
2 A 154 650
2 A 154 650
3 D 603 739
1 B 495 307
1 D 495 118
3 A 603 160
3 A 603 280
4 D 649 895
2 A 852 580
3 A 603 932
2 D 852 61
4 B 649 403
0 B 357 569
3 B 603 932
0 B 357 454
4 A 649 483
3 A 603 932
0 D 357 631
2 D 12 851
4 A 649 483
1 A 717 594
0 A 357 631
3 A 699 448
0 A 357 32
2 D 12 792
1 A 717 878
4 A 737 483
1 A 717 878
4 B 945 886
1 A 717 582
4 B 945 483
1 A 717 582
3 A 860 293
3 A 860 700
3 A 860 700
2 D 12 499
2 D 12 499
0 A 396 378
3 B 860 77
2 A 389 499
3 A 860 220
2 A 389 499
4 A 783 942
3 D 860 859
4 A 599 886
1 A 994 773
2 C 680 386
4 D 599 776
0 A 618 80
4 D 599 776
0 A 618 559
0 A 618 80
1 B 994 609
4 A 599 621
1 B 994 889
1 B 994 119
0 D 618 80
0 D 618 176
1 B 994 997
4 B 63 592
0 C 912 621
3 A 892 6
3 A 892 6
2 D 896 582
3 D 892 110
4 B 368 621
2 C 896 727
1 B 456 265
3 B 892 827
2 D 800 10
4 B 963 32
2 C 800 10
0 B 624 621
3 A 892 490
4 B 569 160
1 D 637 42
2 A 800 582
2 A 800 10
4 B 569 367
0 B 430 1007
1 B 637 42
4 D 569 32
4 D 569 988
2 D 800 639
4 D 569 988
0 C 510 623
4 D 569 550
0 B 177 433
1 D 637 605
1 D 779 605
3 C 10 368
0 B 694 480
2 D 748 639
3 A 761 368
0 C 694 174
0 C 694 100
0 C 694 52
2 D 537 484
3 B 761 93
3 B 761 792
2 C 537 821
2 C 537 787
0 C 694 52
3 B 180 117
2 D 537 787
1 D 430 898
1 D 992 669
4 D 477 721
2 A 537 787
1 D 992 669
2 A 537 787
4 C 477 721
1 D 992 669
3 B 542 93
2 D 537 998
4 C 477 379
3 B 542 766
1 C 992 669
3 B 542 171
0 C 922 681
4 B 315 379
1 B 992 205
1 B 992 379
4 C 315 379
3 B 542 298
4 B 315 379
3 A 128 513
1 A 992 81
0 C 290 7
4 A 315 34
0 C 290 7
0 C 290 7
0 B 290 997
2 D 848 640
1 A 728 592
2 C 848 640
1 A 728 592
0 A 290 349
4 A 928 105
2 D 848 981
1 B 728 593
4 A 928 148
0 D 32 997
2 D 848 687
0 D 32 349
2 D 86 687
4 C 928 148
3 C 478 324
1 A 728 735
3 A 478 324
1 A 728 543
2 A 86 687
4 A 928 935
3 A 478 242
2 D 86 687
3 D 478 391
0 C 782 349
3 D 478 99
3 A 312 417
4 C 928 811
3 A 527 417
1 A 409 393
0 A 230 780
1 D 409 564
0 A 230 155
0 A 230 155
1 A 274 414
3 C 66 520
1 A 274 414
0 C 686 155
0 C 686 881
0 C 686 709
3 B 503 520
0 D 686 225
2 D 515 730
3 B 503 417
2 A 515 312
4 C 390 605
1 C 60 564
4 C 390 605
2 A 515 312
1 C 60 277
4 B 390 212
2 B 515 324
2 B 515 324
4 B 390 212
2 A 86 324
2 A 86 852
4 B 390 511
2 A 86 1020
4 B 390 248
2 D 86 1020
1 B 847 67
1 C 847 14
1 C 847 67
1 C 847 14
1 C 847 14
4 B 68 212
0 A 763 823
1 C 847 697
0 A 763 823
4 C 68 195
0 A 82 721
0 A 82 823
3 D 383 860
1 D 847 697
0 A 82 678
4 C 16 195
3 D 383 941
2 B 213 929
0 B 82 764
3 D 567 128
2 B 971 76
0 B 82 823
3 B 567 128
4 A 16 505
0 D 82 764
2 B 971 350
2 B 971 350
3 A 567 128
2 A 971 350
2 A 971 350
0 A 82 85
2 A 971 202
3 D 567 128
3 C 567 99
4 C 620 195
4 D 620 111
3 B 567 128
4 D 620 111
2 B 513 980
4 A 620 275
1 D 978 19
0 B 805 236
0 B 296 236
2 B 63 542
1 D 978 19
0 C 296 236
3 D 433 128
4 D 830 81
1 B 978 19
0 D 296 196
2 D 63 382
1 B 978 19
1 B 401 98
2 A 63 32
0 A 296 311
1 C 675 98
2 A 294 32
3 C 723 968
1 C 831 98
1 C 831 557
3 C 1011 490
0 C 1016 826
3 C 1011 490
3 A 1011 490
3 A 1011 457
4 B 472 705
2 D 67 289
3 A 931 684
3 A 931 911
3 A 460 684
4 B 957 858
4 B 957 455
0 B 523 705
3 B 127 908
3 B 127 371
3 A 127 932
0 A 523 705
0 A 523 903
4 B 698 626
1 C 724 392
0 A 523 121
1 C 724 392
0 B 523 121
2 A 354 108
0 B 523 938
2 B 354 108
2 A 522 108
4 B 601 677
2 D 522 108
1 C 21 392
4 A 601 686
4 A 601 677
1 D 21 832
3 A 939 96
1 D 21 837
1 D 21 837
1 D 21 91
2 D 522 357
4 D 946 571
1 B 21 683
4 A 946 582
4 A 205 582
0 B 208 751
3 C 982 101
1 B 852 106
1 B 852 106
2 D 627 255
1 B 852 392
1 B 852 106
0 B 208 751
0 B 208 207
0 B 208 207
1 B 579 843
0 C 208 751
3 D 382 940
3 B 25 273
3 C 25 321
4 B 918 589
0 B 208 751
2 C 933 195
3 C 25 937
2 C 933 195
4 D 918 578
2 C 933 195
0 B 211 207
1 A 404 604
4 A 918 26
3 B 356 129
2 A 260 788
4 B 918 905
3 B 356 129
4 B 918 578
2 C 260 391
3 D 356 129
1 B 96 403
0 B 586 822
2 D 260 986
1 A 195 403
3 D 894 379
2 D 614 259
0 A 586 654
0 D 586 654
0 D 586 880
1 A 493 127
0 D 586 597
1 D 493 196
1 C 493 651
3 B 55 564
2 D 981 986
3 B 478 564
4 D 964 716
1 C 493 651
3 B 478 641
4 D 964 716
2 C 543 644
1 A 6 90
4 A 964 884
3 B 999 934
2 B 543 758
3 A 999 40
4 D 964 337
4 D 964 337
3 A 999 449
2 D 543 758
1 C 455 1
2 A 543 758
3 D 999 934
3 D 999 162
4 A 430 337
2 A 543 554
4 A 430 571
4 A 430 716
4 A 430 571
0 D 441 903
0 C 441 871
0 C 441 826
4 B 430 82
2 D 322 608
4 A 430 425
0 C 441 903
0 C 441 70
3 A 884 454
1 C 692 440
0 C 441 70
0 C 441 70
1 C 692 350
1 C 692 89
0 A 441 70
0 A 441 70
3 D 884 454
3 D 884 454
4 A 494 900
0 A 587 903
1 C 692 569
4 A 494 900
3 D 884 268
4 A 494 599
2 D 245 189
1 A 692 569
4 D 494 599
3 A 884 883
1 A 692 91
2 A 245 451
4 D 494 489
0 A 587 903
2 A 245 451
4 D 494 489
0 A 873 588
2 A 245 221
2 A 245 221
1 D 218 350
2 A 245 277
1 A 12 569
2 D 775 266
0 A 289 623
0 B 289 270
2 C 775 266
1 C 12 715
1 C 12 11
1 A 537 11
0 B 289 462
1 A 537 293
0 B 289 629
2 C 544 221
4 D 372 262
4 D 372 262
3 D 305 637
3 D 305 995
4 D 372 262
2 C 76 1001
3 D 305 995
4 A 372 262
0 B 873 74
3 B 305 91
4 B 372 269
3 B 305 886
2 B 480 607
2 B 724 607
3 B 305 886
3 B 305 206
4 B 372 139
1 D 805 542
4 D 372 139
4 D 434 262
3 D 305 206
0 B 869 886
2 A 355 51
0 B 869 842
0 B 869 886
4 C 401 607
2 D 355 511
0 D 829 842
0 D 829 771
1 C 248 730
2 B 896 589
0 C 829 890
1 D 664 382
1 D 664 730
3 B 1023 569
3 B 137 311
1 D 664 730
3 A 137 857
4 C 151 494
4 B 151 335
1 D 57 135
2 C 64 589
3 D 137 857
1 C 57 135
2 A 459 589
0 D 200 706
1 A 57 730
3 A 137 150
2 D 459 642
1 D 960 871
2 A 793 63
4 B 854 46
3 A 991 857
1 D 539 209
0 D 880 311
3 C 991 460
3 C 991 460
2 C 963 63
2 B 963 798
3 B 991 984
4 B 103 470
0 C 880 311
3 C 991 984
4 B 103 711
0 C 880 1016
4 A 103 152
0 D 880 1016
1 D 867 226
1 D 867 19
4 A 103 470
0 C 880 1016
4 A 103 120
1 D 867 996
0 B 880 655
0 B 880 999
2 B 664 987
4 A 103 120
1 D 867 960
2 B 709 887
1 D 867 960
2 B 709 887
1 A 867 668
3 A 777 202
2 B 709 308
3 B 777 375
2 B 709 644
3 D 777 631
3 D 777 536
1 C 867 668
4 B 669 120
2 C 709 730
3 B 777 830
4 B 731 69
3 B 288 830
0 A 945 1016
0 A 583 210
4 D 731 485
2 B 709 647
0 A 143 636
0 A 143 634
4 D 731 642
0 C 143 950
1 D 674 1015
4 D 731 708
0 C 143 950
4 B 731 485
4 B 731 708
0 B 143 284
0 B 143 284
3 A 606 193
2 B 990 648
1 A 614 283
3 C 575 193
1 D 614 598
2 A 149 244
3 B 778 193
3 B 778 319
1 D 614 861
3 C 778 601
1 C 614 701
2 A 707 902
1 C 614 701
1 C 614 861
2 A 707 961
4 A 843 571
2 A 512 648
4 D 843 444
3 A 2 789
2 A 512 708
2 A 512 708
4 D 843 378
4 D 843 670
4 D 843 844
4 D 657 99
1 B 664 103
2 B 969 146
0 D 240 394
3 B 586 882
0 D 240 394
1 A 278 736
0 C 240 488
1 A 278 736
1 A 278 736
0 A 240 124
1 C 56 647
0 A 240 271
3 B 689 597
1 D 56 714
0 A 240 271
0 B 240 271
1 D 56 273
3 C 689 597
4 A 657 878
0 C 240 271
3 C 689 58
0 C 332 271
3 C 689 686
0 A 332 271
2 C 324 555
2 C 324 555
3 A 689 297
2 D 324 982
2 A 324 555
2 A 324 555
2 C 324 555
4 A 814 883
4 A 814 883
4 C 814 702
2 A 324 555
4 C 814 217
4 C 814 782
2 D 324 21
3 B 575 360
4 C 814 356
3 B 575 360
2 D 373 21
0 D 200 251
3 B 718 791
1 C 557 456
4 D 814 809
1 C 557 494
0 A 200 746
4 D 814 883
3 D 718 791
1 D 557 494
3 D 718 544
0 B 200 746
1 D 557 594
0 A 200 746
1 D 557 594
0 A 200 815
2 B 141 745
1 D 557 594
0 A 506 815
2 B 141 745
3 C 718 791
1 A 557 594
0 A 955 815
2 B 215 1014
2 B 215 138
1 A 557 594
2 B 143 1014
1 D 557 456
4 B 502 113
1 D 278 413
2 B 143 96
0 C 472 509
4 C 502 113
0 A 472 815
2 D 143 200
4 B 502 113
4 C 502 129
4 D 502 113
0 A 687 4
1 D 407 233
0 A 910 840
4 B 502 800
0 D 910 4
3 D 475 311
3 D 475 139
0 A 910 696
3 A 475 982
1 C 375 233
0 C 910 4
3 A 475 311
3 B 475 855
1 D 375 431
0 B 910 905
0 A 910 423
1 D 375 431
2 D 378 455
4 B 448 893
3 A 475 36
4 B 448 893
1 B 375 104
2 A 378 455
4 A 448 682
3 A 237 36
2 A 378 455
1 B 342 264
4 A 448 66
1 D 342 106
1 D 342 253
2 A 378 443
0 A 343 907
4 C 448 479
0 A 343 907
2 C 349 443
3 C 711 356
3 C 711 533
3 C 711 234
0 D 343 907
1 D 756 329
2 A 349 133
0 D 343 128
2 A 858 346
0 C 343 336
3 A 304 292
3 B 304 292
3 B 304 609
1 C 756 78
3 D 304 696
3 D 304 609
0 C 558 108
1 C 631 78
4 C 658 363
1 C 631 779
3 C 304 609
4 A 658 975
4 B 658 489
0 C 455 593
0 D 455 593
2 C 393 766
2 C 393 835
1 C 838 520
1 C 838 78
0 D 455 593
4 B 281 484
4 B 281 484
0 D 455 593
2 C 393 835
0 D 455 847
2 C 393 835
1 C 838 174
1 C 838 396
2 C 393 835
3 B 529 756
4 B 615 489
1 B 838 310
4 D 615 845
3 D 529 756
1 B 838 520
0 A 455 440
1 C 838 825
2 B 233 502
0 A 455 847
3 A 529 526
3 A 529 526
4 C 825 632
1 D 838 825
2 B 233 772
3 C 529 208
3 C 529 36
4 A 825 798
2 C 940 246
4 C 289 838
1 C 994 602
2 C 529 979
0 D 38 719
2 C 5 979
1 C 994 80
0 B 153 719
0 B 153 138
2 D 5 979
4 C 886 85
2 D 5 740
0 B 153 981
3 D 642 300
0 D 153 688
2 C 5 740
4 C 766 152
3 D 642 719
1 B 994 214
0 D 442 286
1 B 882 342
4 C 766 278
4 C 766 278
2 A 5 622
1 B 882 342
3 C 642 873
4 C 766 278
1 A 882 925
3 A 642 873
4 C 766 777
3 D 642 873
1 C 79 342
1 C 79 877
3 D 642 893
0 D 442 473
3 D 642 40
4 B 605 641
2 A 427 632
0 A 143 69
2 A 814 632
2 D 814 622
4 D 670 578
2 B 997 1000
0 D 751 136
1 B 950 48
2 B 997 809
2 D 997 632
2 C 997 428
3 D 8 47
4 A 620 386
1 B 676 578
3 C 8 257
3 C 8 257
1 B 676 937
4 D 620 1020
4 D 305 244
0 D 423 784
1 D 676 82
4 B 320 619
3 C 8 257
3 C 8 257
0 D 633 784
3 B 8 888
1 B 676 699
0 D 633 612
2 C 451 851
3 C 8 433
1 B 139 699
2 B 451 851
2 B 451 851
0 D 633 88
0 B 633 88
3 C 718 503
2 C 451 851
1 B 565 148
3 D 718 257
2 C 451 804
1 C 565 148
2 D 451 596
0 D 633 447
1 D 565 148
4 A 380 187
2 D 451 444
4 A 380 490
1 B 565 535
4 B 380 490
3 D 289 779
0 D 206 426
3 D 289 779
4 A 380 379
1 B 565 535
2 D 12 804
4 A 380 685
4 A 380 379
3 C 803 479
3 B 733 779
3 B 733 222
3 A 733 222
4 D 154 379
0 B 917 842
3 A 733 222
0 B 917 480
2 A 896 499
3 D 745 222
1 A 444 654
2 A 896 499
1 C 444 654
2 A 785 448
1 C 444 654
2 B 785 448
0 A 217 723
1 C 1004 511
2 B 785 448
2 B 785 903
4 A 408 132
1 C 848 443
4 A 125 553
0 D 963 222
4 C 125 357
2 D 282 370
3 C 990 706
0 B 963 222
0 B 963 364
4 C 579 415
2 C 148 790
3 A 683 860
0 C 963 906
1 A 848 868
3 A 683 929
0 A 963 222
4 A 188 415
3 A 683 929
1 C 585 915
3 A 683 929
0 D 842 572
2 D 913 229
3 C 941 929
4 C 965 645
4 C 965 187
1 A 612 815
1 A 680 40
1 B 680 566
0 B 345 693
1 A 680 611
1 A 680 611
3 C 825 978
4 D 645 57
2 D 113 622
4 D 645 57
0 B 345 775
2 D 113 622
3 D 825 332
3 D 825 166
2 A 642 117
0 B 943 775
3 B 825 89
0 C 943 326
2 B 642 379
3 B 825 89
2 B 885 379
3 C 825 89
0 B 202 944
3 A 915 166
2 B 885 398
2 C 885 578
4 D 297 890
4 D 297 890
1 B 805 737
4 D 543 890
1 B 805 157
0 B 169 814
1 B 805 157
4 D 713 370
0 D 169 213
2 D 885 88
1 C 805 157
4 B 713 393
1 C 805 222
1 C 805 160
1 C 805 826
3 B 70 998
4 D 713 214
0 D 500 182
3 A 70 998
4 C 713 214
3 A 70 920
4 B 713 992
3 A 70 920
2 B 299 572
4 C 255 822
3 A 70 89
2 B 299 631
2 D 576 631
2 D 576 984
4 A 255 393
0 D 717 11
4 A 355 214
2 C 576 400
1 C 222 542
1 C 522 542
0 B 717 71
3 A 564 922
0 B 717 3
3 C 564 138
1 B 522 542
0 B 717 3
3 D 564 922
4 B 910 91
0 A 717 3
3 A 564 360
4 A 186 356
0 B 717 818
3 A 564 563
1 B 522 161
0 C 717 540
1 A 522 161
4 A 36 883
1 A 579 161
4 A 36 883
1 A 579 542
4 A 475 189
4 B 475 765
1 A 976 414
2 A 277 837
4 D 475 35
4 D 475 35
2 C 277 84
1 A 498 580
2 C 277 274
2 C 539 274
2 C 539 274
0 C 679 263
0 A 679 818
1 A 498 983
2 C 415 837
0 C 679 366
1 C 498 501
0 C 909 366
0 C 909 1009
0 C 909 567
3 C 546 355
3 C 546 355
0 D 909 567
4 B 957 476
0 B 909 567
2 C 544 274
0 B 909 728
3 D 546 514
4 B 611 454
3 C 546 514
4 A 611 454
2 A 987 480
3 B 546 338
3 B 546 49
4 A 611 930
3 D 294 514
0 B 511 1010
2 D 682 607
4 A 611 636
3 B 294 605
1 B 737 91
4 B 611 636
1 B 737 168
2 B 682 988
2 C 682 607
1 A 737 335
2 C 682 988
1 D 135 766
0 B 909 480
1 C 135 766
1 C 135 766
0 B 909 636
1 A 135 766
0 B 909 723
4 B 585 761
2 B 434 247
0 D 909 914
4 A 585 761
0 B 909 914
0 B 909 480
2 B 93 443
4 C 585 598
4 C 585 761
1 A 44 43
2 D 93 204
4 C 585 761
4 D 585 598
3 D 477 574
2 A 93 429
1 D 44 891
2 C 93 498
3 C 477 463
3 C 477 463
0 B 960 367
1 B 44 891
2 A 93 853
3 A 477 268
0 C 960 270
2 A 93 66
0 C 960 270
0 C 960 270
1 A 44 891
0 B 960 388
3 B 477 268
3 B 477 546
3 B 836 34
0 D 960 368
3 B 836 574
3 B 836 34
2 C 1020 66
1 A 825 778
4 D 342 42
1 A 757 43
4 D 342 42
4 A 342 42
1 D 757 875
1 D 757 875
1 C 757 209
4 A 342 42
4 A 342 42
2 C 550 186
3 B 82 859
3 C 82 66
2 C 767 876
4 D 600 1018
2 B 767 186
3 C 82 66
4 D 600 1018
4 D 968 169
4 D 968 169
3 C 82 581
0 C 229 467
3 D 82 581
0 C 229 17
0 C 229 17
2 C 921 601
2 D 921 899
2 A 921 601
2 A 921 640
2 A 921 186
0 A 229 236
0 A 229 616
0 A 229 616
4 C 285 935
3 D 377 77
0 D 725 616
2 B 349 381
2 B 727 998
1 D 553 69
1 D 553 69
0 D 388 17
4 A 466 354
2 A 196 322
4 A 466 354
3 D 192 134
1 A 553 380
1 A 553 380
3 B 192 134
1 B 553 769
3 B 192 703
2 D 145 712
4 A 942 469
1 A 553 380
2 D 145 381
4 A 942 872
4 A 942 469
0 C 824 497
1 A 553 982
0 D 824 810
3 C 736 703
0 D 824 497
1 C 51 982
4 A 942 937
2 A 197 322
0 D 263 123
4 C 942 937
3 A 202 833
3 A 202 319
2 C 701 194
4 C 846 937
2 B 701 366
0 D 263 839
2 B 701 194
3 C 330 205
3 C 330 671
3 B 330 833
1 C 718 177
1 C 718 177
0 C 572 248
0 C 572 839
1 A 718 462
2 B 715 688
2 B 715 876
1 C 718 462
2 B 715 876
1 A 718 462
0 A 904 839
0 A 904 989
3 B 832 309
4 C 768 705
1 C 718 689
2 D 715 876
3 B 832 62
2 A 715 724
0 A 275 579
2 A 715 724
3 D 832 460
3 D 832 931
0 A 275 295
4 A 768 705
0 A 275 911
3 B 832 620
4 C 768 817
3 B 832 863
4 A 768 464
4 A 768 932
0 A 966 571
4 B 630 895
1 D 261 587
0 D 973 554
4 B 630 369
1 D 261 587
0 B 973 579
1 B 261 587
0 A 973 759
4 B 630 932
2 B 707 889
4 B 113 617
2 B 707 889
1 B 261 458
1 B 261 958
2 A 707 169
1 D 12 407
2 B 707 49
2 B 707 593
2 B 707 732
4 B 750 110
1 D 99 250
3 C 321 329
4 D 750 1022
0 D 416 160
1 D 221 250
3 B 321 50
1 D 221 407
3 B 321 50
4 B 750 172
2 A 705 732
3 B 321 50
4 C 750 753
3 C 321 318
1 D 941 407
3 D 321 329
2 D 64 87
1 D 941 499
1 C 941 412
4 C 229 172
3 D 934 318
2 D 308 87
3 D 934 318
0 A 467 908
1 A 941 412
0 A 467 95
1 A 941 290
3 D 227 50
0 C 467 982
0 C 406 757
0 A 406 757
0 A 406 468
0 C 406 468
1 A 799 594
4 D 60 154
2 B 254 447
3 B 211 601
2 B 846 203
3 B 211 601
3 B 834 284
4 C 60 168
3 B 834 204
2 D 355 814
1 A 863 840
2 D 260 225
3 B 434 204
1 B 863 229
2 A 260 849
4 C 648 168
1 B 451 518
1 B 451 840
4 C 828 451
0 C 787 369
3 D 434 861
4 C 828 451
1 B 451 518
0 D 787 369
0 D 787 369
1 C 451 518
3 D 434 429
3 D 434 204
0 C 787 876
1 D 30 476
2 D 98 17
0 B 787 876
2 D 588 156
0 B 803 876
0 B 803 876
4 C 833 759
4 B 909 865
4 B 909 773
1 A 678 612
0 B 805 876
4 B 822 830
2 A 245 246
0 C 922 876
0 C 922 828
2 A 345 242
3 B 314 765
4 D 938 830
2 A 345 242
1 A 410 864
4 D 938 830
3 D 345 342
0 C 922 510
4 D 938 835
2 A 345 907
4 D 938 914
0 A 922 826
1 B 410 864
3 B 345 342
4 C 938 809
2 C 345 242
2 C 345 242
3 B 345 342
1 B 325 413
3 C 345 418
2 A 345 225
1 B 325 413
1 C 325 413
0 B 538 997
3 A 345 342
4 A 209 597
3 A 191 293
0 B 995 517
3 A 793 544
2 B 667 843
4 A 343 214
4 D 343 214
3 A 793 224
2 B 667 843
0 B 803 62
2 B 667 30
1 D 822 346
4 D 616 667
3 C 793 771
3 C 793 771
0 D 803 580
2 A 667 446
3 C 793 127
4 D 35 488
2 A 667 644
4 D 35 336
2 C 667 644
3 D 793 798
1 A 822 838
0 A 803 828
1 A 822 838
4 D 35 488
1 B 822 838
0 A 803 580
1 A 822 75
1 A 822 578
4 D 872 919
1 A 94 713
0 A 387 828
1 A 2 934
4 A 40 476
1 A 276 838
1 A 276 838
0 A 387 989
0 A 387 989
3 D 993 261
2 D 583 199
1 C 276 453
0 C 387 388
3 B 993 261
1 A 276 275
3 A 993 994
2 D 583 979
4 B 732 663
2 D 583 979
3 C 993 994
4 B 732 928
2 D 583 979
4 B 732 928
2 D 583 757
4 B 732 928
1 A 276 636
3 D 993 261
3 D 91 407
3 B 91 542
4 D 732 328
2 D 956 952
3 B 49 994
4 A 732 707
0 C 572 452
2 C 956 919
2 C 956 979
0 C 572 452
1 A 99 745
0 A 572 189
1 B 99 443
1 B 99 335
0 A 572 189
2 B 502 579
3 D 387 46
1 D 99 335
0 A 572 189
2 B 502 222
2 B 502 579
1 A 99 335
0 A 572 189
2 B 502 579
0 C 572 579
4 A 677 18
4 C 677 18
3 D 877 542
2 A 777 489
4 D 677 18
2 B 777 489
4 A 677 28
3 D 255 383
4 D 677 674
4 D 677 674
0 D 235 189
2 B 797 782
3 C 255 124
3 C 255 383
3 B 255 658
1 A 1003 506
3 B 255 658
3 B 255 658
1 A 508 506
2 C 797 925
1 A 508 506
0 B 189 470
1 A 508 277
2 C 797 770
3 A 255 77
0 A 189 1
3 A 255 256
0 C 189 1
1 D 508 507
3 D 328 658
0 C 730 540
1 C 508 277
0 C 730 162
4 C 237 7
2 D 237 925
1 A 711 277
4 C 237 7
4 C 237 450
4 A 2 450
0 A 487 618
4 B 2 38
3 B 752 751
2 D 94 335
3 B 752 209
0 A 254 727
1 A 413 704
4 D 2 38
0 B 254 276
4 D 2 38
2 A 94 335
3 D 752 751
4 A 501 146
2 C 94 274
2 C 94 335
3 D 60 751
1 A 745 410
0 C 92 84
0 D 92 249
0 D 92 249
3 A 60 751
2 D 94 240
0 A 92 84
1 A 228 691
3 A 60 751
1 A 228 691
2 D 63 417
1 D 228 750
1 D 228 227
2 C 692 240
0 A 581 35
0 A 581 23
0 A 581 35
3 B 416 451
4 C 604 244
4 C 604 244
0 C 581 23
1 A 422 750
4 C 604 244
3 D 416 318
2 C 830 448
1 C 422 227
0 C 572 23
3 C 416 568
0 C 572 578
3 D 416 568
4 C 470 547
1 C 53 417
4 C 651 547
2 D 595 765
4 C 209 547
2 D 595 765
2 D 595 765
0 B 239 579
4 B 209 547
2 B 595 563
2 B 595 833
4 C 209 547
0 B 41 579
3 A 273 420
4 A 209 425
1 C 53 493
1 C 53 749
0 A 580 240
2 B 595 940
3 A 5 761
2 B 762 940
3 D 5 278
3 D 5 596
0 D 143 579
3 C 5 2
4 B 0 223
3 C 5 693
4 D 0 223
2 D 744 741
4 D 0 818
3 A 5 761
1 C 434 679
4 D 0 818
1 A 53 853
1 A 53 362
4 C 0 31
4 C 0 174
0 A 562 667
1 C 53 854
1 C 456 854
4 A 0 423
0 D 562 667
0 D 562 662
1 D 456 854
1 D 456 857
1 D 456 207
2 D 985 791
2 A 985 88
0 D 562 469
3 C 409 844
2 A 892 987
3 C 409 844
2 A 892 987
4 A 722 263
3 D 409 978
1 A 306 775
2 D 677 891
3 B 409 676
2 A 677 550
1 C 306 439
3 A 409 676
3 A 409 319
2 A 677 550
0 B 86 629
2 A 677 143
1 C 953 775
2 D 677 891
4 D 193 725
2 D 677 120
1 A 953 103
0 B 86 629
0 A 86 629
4 D 388 263
3 C 409 486
0 A 86 76
0 A 86 76
4 D 388 2
0 C 86 73
2 A 174 550
1 D 681 966
1 D 681 966
2 A 867 280
4 B 938 318
4 C 938 318
2 A 867 280
2 A 867 169
3 C 489 611
4 B 815 583
3 A 489 612
4 B 924 949
2 A 145 868
3 C 489 33
1 C 666 222
4 B 924 782
3 C 489 33
2 C 145 150
0 C 677 988
0 C 677 988
1 C 508 464
3 D 489 33
2 D 42 150
1 D 508 464
0 A 677 164
3 D 489 406
0 A 677 519
1 C 508 464
0 A 677 519
1 D 508 464
1 D 508 741
0 A 677 99
3 C 397 33
4 B 777 727
3 C 397 33
0 B 442 730
4 C 777 231
1 C 658 387
1 C 658 387
1 C 658 854
4 C 777 231
0 D 442 730
4 C 777 939
2 B 395 469
2 C 395 113
4 C 777 790
0 D 987 421
3 C 605 787
2 D 395 389
2 D 395 389
1 A 358 749
2 B 395 209
2 B 395 113
4 C 127 790
3 C 50 200
3 C 50 675
2 B 675 113
1 B 256 51
3 D 50 675
0 D 969 74
3 D 50 546
1 B 824 934
1 B 824 8
4 D 733 777
2 C 303 700
4 D 733 686
1 C 824 628
3 D 50 989
2 D 303 700
0 D 810 807
1 A 293 62
0 D 810 669
0 D 810 669
4 A 851 1002
4 A 851 1002
1 A 293 628
0 D 810 566
3 D 491 77
1 A 293 287
4 A 571 802
4 A 361 802
0 D 156 566
3 D 491 77
0 D 156 725
2 D 644 336
total time of producer and consumer measured by clock(2):
producer takes 2077284336 clicks 40731.988281 seconds.
consumer takes 2840000 clicks 2.840000 seconds.
total time of producer and consumer measured by time(2):
producer takes 1440.000000 seconds.
consumer takes 0.000000 seconds.

real	1m38.944s
user	46m1.995s
sys	0m3.317s
