1 B 37 756
1 B 37 603
1 B 37 603
2 C 956 980
1 B 37 210
0 C 480 207
3 C 608 308
4 D 409 633
4 D 409 764
3 A 608 308
2 A 956 288
2 A 956 115
3 A 608 308
2 D 956 813
2 D 956 779
3 A 608 612
4 D 409 764
3 A 608 315
0 B 480 480
0 B 480 203
2 C 956 963
3 B 608 979
4 A 409 764
2 C 970 963
0 D 480 415
4 A 409 764
3 A 608 543
0 C 480 203
0 C 480 203
4 D 409 764
1 B 492 622
1 A 492 454
0 D 480 501
4 C 409 764
3 A 124 543
4 B 556 102
1 C 26 499
1 C 419 499
2 B 187 98
4 B 109 114
3 B 441 382
4 B 740 114
2 C 818 949
1 C 408 101
2 C 150 205
3 B 357 921
4 A 792 114
1 B 541 101
0 D 805 844
1 A 541 101
3 B 357 422
4 D 819 114
0 D 320 235
2 A 150 98
1 D 541 476
2 B 150 205
3 B 357 422
0 D 320 235
4 A 819 763
3 D 357 378
1 D 783 487
4 B 819 799
2 D 150 845
0 B 320 244
2 D 128 845
0 C 320 855
0 A 320 855
1 C 783 487
3 C 235 378
0 A 320 730
4 A 293 716
0 B 320 191
1 B 284 752
0 B 269 280
4 D 62 640
2 D 706 383
2 D 706 534
3 D 1020 309
2 D 706 233
2 D 706 162
3 D 1020 148
2 A 706 162
2 B 706 687
4 B 44 640
0 B 194 177
0 B 194 274
4 C 44 290
2 A 706 687
1 B 589 679
0 D 194 274
1 B 589 257
2 C 434 829
0 A 194 221
4 C 921 145
0 A 194 48
1 B 869 257
3 A 724 515
0 D 194 221
1 B 869 767
0 D 194 48
4 D 921 145
3 A 724 723
3 A 724 723
1 B 869 280
1 B 869 594
2 A 836 829
3 A 934 723
3 B 934 723
1 C 869 890
2 A 378 71
2 C 378 71
4 B 544 765
2 B 378 461
4 B 544 765
2 B 378 156
4 B 544 495
3 B 204 727
3 B 204 723
4 A 544 495
2 B 378 156
2 B 378 71
2 B 378 835
3 C 179 727
0 C 543 222
4 D 544 341
0 C 543 173
4 D 544 341
3 B 179 599
0 B 383 222
0 B 383 222
3 B 179 211
3 B 179 211
1 D 78 662
4 A 719 599
1 D 78 500
0 D 383 302
0 D 383 608
1 B 78 500
2 B 214 202
0 D 786 608
0 D 786 352
2 B 214 280
0 D 786 608
1 D 78 855
2 D 214 201
4 B 620 712
2 D 85 201
1 A 78 500
1 A 78 500
1 A 78 433
1 A 78 433
2 D 85 201
3 B 439 840
1 A 847 695
4 D 430 627
3 B 439 400
0 B 922 608
1 D 679 500
3 B 439 397
3 B 439 840
3 B 439 424
0 B 278 252
3 A 439 424
1 D 897 840
0 B 386 901
2 B 484 426
3 C 439 400
0 D 386 901
0 D 386 749
4 D 472 816
4 C 472 816
0 D 529 901
4 A 472 81
0 B 529 265
0 B 529 413
2 A 872 507
4 B 472 222
1 B 897 856
4 A 472 921
2 A 324 914
4 A 472 816
1 B 897 638
4 B 574 39
2 D 324 914
1 D 897 638
4 C 574 921
0 C 521 1006
2 B 324 863
4 C 40 921
2 B 324 323
3 D 387 429
1 A 924 69
1 A 924 69
3 A 387 429
1 A 924 923
3 B 387 543
0 C 850 835
3 B 387 280
0 C 850 459
3 C 387 280
1 A 69 923
0 C 403 630
4 B 964 914
4 B 964 688
2 B 988 837
3 C 43 124
2 B 988 837
4 B 954 158
3 C 365 183
4 B 954 688
2 C 988 193
3 B 365 124
4 D 954 688
2 C 988 193
4 D 954 485
1 D 356 66
2 D 988 448
1 D 356 66
4 C 954 987
2 D 988 742
0 D 403 813
0 D 403 492
4 B 954 933
4 B 954 485
2 D 13 448
4 B 954 933
3 A 468 51
0 D 116 661
1 B 496 210
1 B 496 155
1 B 496 155
1 B 496 155
3 C 627 978
3 C 627 978
3 C 627 467
2 B 109 498
3 A 799 51
2 D 109 192
0 D 625 9
2 D 109 498
1 B 587 495
2 A 109 192
0 D 309 395
1 B 718 378
3 A 669 792
1 A 718 378
2 A 419 247
0 D 309 353
4 D 643 80
0 D 309 353
0 D 32 353
1 A 718 652
3 A 475 524
2 D 419 192
4 D 643 469
3 C 475 524
0 C 32 910
2 D 953 420
4 B 643 541
2 D 953 420
4 B 643 541
4 A 643 469
0 C 32 202
4 A 643 541
1 D 273 596
4 A 643 892
0 C 43 910
1 D 698 30
3 C 95 308
2 C 427 582
2 B 427 817
3 A 95 308
3 A 95 275
4 B 784 720
3 D 95 275
0 C 151 84
0 B 151 479
2 B 427 817
1 A 97 238
4 C 784 892
0 B 75 803
2 A 427 817
2 A 427 193
3 D 860 275
0 C 75 893
4 B 274 425
1 A 283 613
3 D 860 490
2 A 403 309
0 C 75 893
4 C 274 783
4 C 274 245
1 D 283 613
1 D 283 102
0 C 13 228
0 C 13 232
0 C 13 893
2 A 750 404
4 B 575 269
1 B 512 837
3 C 299 490
1 D 512 284
2 A 750 404
3 C 747 675
2 A 750 707
1 D 174 543
2 D 750 152
1 D 1005 543
4 B 419 544
2 D 750 152
4 A 419 177
4 D 419 177
4 D 419 548
3 D 195 761
4 A 419 548
3 D 195 48
3 D 675 660
0 D 817 325
0 D 817 325
0 D 817 325
0 C 817 114
1 C 515 337
0 C 817 325
1 B 515 713
3 C 886 293
0 C 817 325
2 D 620 699
3 C 886 831
0 B 817 325
0 B 817 775
4 A 774 72
0 A 817 325
4 C 774 72
2 B 620 746
1 A 564 317
1 A 564 636
0 D 817 718
4 C 711 72
3 D 886 316
1 C 913 636
3 D 56 316
0 A 817 718
0 A 817 718
2 D 620 746
4 D 711 769
2 D 710 746
3 C 436 777
2 B 710 915
1 A 431 563
2 B 948 746
2 B 948 699
4 C 711 769
1 A 431 636
1 A 276 424
0 A 545 913
0 A 545 913
0 B 545 118
1 D 329 424
3 D 621 371
2 B 7 939
0 B 545 118
4 C 137 696
2 B 7 825
3 B 621 459
1 B 329 275
0 B 545 118
3 D 621 455
2 B 7 283
2 B 770 24
4 B 704 922
4 D 513 922
3 D 172 512
1 D 537 182
3 D 172 914
0 B 211 595
4 C 406 81
4 C 406 246
0 A 211 719
2 B 955 797
3 D 172 512
4 A 406 735
0 B 211 204
0 B 211 204
0 A 211 204
2 C 85 71
4 B 148 735
1 B 500 146
2 D 85 394
2 D 85 71
3 D 671 748
3 D 671 506
1 B 422 146
2 D 85 932
4 B 337 489
1 B 422 363
1 B 422 570
1 D 422 897
4 B 100 139
3 D 988 864
1 D 422 441
3 B 988 339
3 B 901 864
1 D 805 491
4 D 802 777
3 B 901 864
4 D 802 334
4 D 802 167
3 B 291 419
0 C 677 951
3 B 291 419
3 B 291 864
3 B 291 547
0 B 677 951
0 B 677 518
0 B 677 13
4 C 331 733
2 D 491 456
0 D 677 93
1 B 949 730
4 D 331 733
0 D 677 93
0 D 677 518
0 D 677 730
2 B 557 38
3 A 22 547
0 C 770 730
2 B 836 438
3 D 22 922
1 A 292 774
2 B 836 38
2 D 836 285
1 D 292 774
3 A 385 699
2 D 836 285
1 D 292 938
3 C 385 699
3 C 385 316
3 C 395 17
2 D 218 562
1 D 534 291
1 D 534 291
4 A 416 330
4 A 416 330
0 D 956 893
4 A 416 308
4 A 416 330
4 A 416 213
2 A 617 20
4 A 708 330
2 A 600 318
4 A 708 423
1 B 565 1001
0 D 371 819
2 A 790 318
2 B 790 318
0 C 371 819
4 C 708 330
2 B 719 318
4 A 86 707
3 D 109 719
0 B 371 433
2 B 58 849
3 A 109 485
0 B 371 140
0 B 371 171
3 B 109 337
3 B 109 337
2 C 58 720
0 A 497 140
1 C 183 110
3 B 109 402
1 D 183 110
3 B 109 402
3 B 109 656
1 A 183 787
0 A 28 140
1 A 183 343
3 B 538 402
1 D 183 994
2 C 824 37
0 A 601 961
1 D 183 994
4 C 1004 140
0 A 601 27
3 B 334 402
0 C 601 502
1 C 183 200
0 C 601 751
3 B 388 517
4 B 1004 945
0 D 601 978
3 A 388 337
4 B 1004 97
4 B 1004 915
2 D 628 138
2 D 628 610
4 A 1004 945
3 A 388 337
3 A 388 411
3 C 388 411
4 C 311 915
3 C 388 517
2 D 430 839
2 D 430 934
0 A 772 606
1 C 940 858
2 D 430 138
2 D 430 499
2 D 430 499
4 B 797 945
1 A 940 858
1 A 940 858
2 A 430 907
4 D 250 795
1 B 940 696
3 B 819 348
1 A 940 696
3 B 819 348
4 A 789 795
1 C 940 391
3 D 819 348
3 D 819 497
2 B 430 81
1 B 940 36
4 B 337 795
3 D 698 497
4 B 337 795
0 C 20 771
0 C 20 737
1 A 936 979
3 C 698 497
0 D 20 151
4 B 584 786
0 C 20 737
0 A 20 699
4 B 792 334
0 A 20 699
0 A 20 107
0 A 20 107
4 C 71 987
3 A 443 837
0 A 962 107
2 D 201 623
1 A 700 943
1 A 700 519
2 B 201 212
4 C 547 775
1 D 700 519
2 A 201 212
3 A 587 911
1 B 700 699
2 A 201 649
1 B 700 150
3 D 870 444
0 A 961 965
1 D 700 699
1 D 700 976
2 C 201 509
0 B 961 285
3 A 870 744
0 B 961 966
3 A 870 911
0 B 961 966
3 A 870 588
1 D 700 699
2 A 435 646
1 D 237 699
4 B 694 349
2 B 435 310
0 B 994 966
4 B 229 681
4 D 229 56
4 D 229 681
2 B 55 646
2 B 55 509
4 D 229 681
4 D 229 604
4 D 229 349
4 D 229 681
2 B 151 436
4 C 229 250
2 B 504 40
0 B 529 158
2 A 504 40
0 C 529 785
3 A 831 903
3 A 831 982
0 C 529 785
2 D 504 136
3 A 393 24
2 C 504 951
0 A 529 785
1 D 430 759
3 B 393 24
1 B 430 759
3 B 393 824
0 B 529 158
1 B 430 944
3 B 393 903
1 C 430 980
3 A 393 398
0 A 529 785
1 A 430 759
4 A 696 906
1 A 430 759
1 A 430 548
2 B 661 235
4 A 696 858
1 A 939 197
1 A 939 197
4 C 696 858
2 B 264 574
2 B 264 574
4 C 696 906
1 B 939 197
2 B 974 235
4 C 696 494
1 B 939 940
1 B 873 940
2 B 974 165
2 B 974 574
0 D 335 25
2 B 974 165
3 C 788 625
2 B 974 650
3 C 788 625
2 D 974 977
4 C 275 703
0 C 127 127
0 C 127 25
3 C 788 657
3 D 788 477
0 C 219 127
0 B 219 176
3 A 788 477
3 B 788 477
0 A 219 176
3 B 788 477
1 A 920 348
1 A 920 348
3 A 788 875
4 D 308 639
1 A 920 344
0 A 926 176
3 A 788 875
1 D 920 348
0 A 970 0
4 A 153 364
1 C 920 341
4 D 153 364
0 A 970 176
1 B 920 927
0 A 970 164
0 A 432 921
0 A 432 973
4 D 602 639
4 D 602 541
4 D 602 203
2 D 164 257
4 D 602 203
2 D 164 257
0 A 8 566
1 B 831 394
2 B 164 257
2 B 164 257
3 D 226 602
1 A 831 394
1 A 831 38
1 A 644 38
3 B 226 334
0 C 841 15
4 A 134 933
2 D 266 956
2 D 266 257
2 D 266 956
2 D 266 257
4 D 196 128
2 A 266 347
4 D 681 458
3 C 226 522
2 C 266 956
3 D 226 602
4 D 681 965
1 B 630 800
3 D 226 522
3 D 226 522
3 D 226 285
4 B 681 965
2 C 273 91
1 A 127 617
1 A 127 617
2 C 405 91
2 D 405 245
1 A 127 617
0 C 700 822
1 C 127 120
0 C 761 433
3 B 264 283
0 C 761 237
4 C 119 315
0 D 761 352
2 A 495 366
3 B 762 969
3 B 762 285
3 D 762 505
2 D 316 240
3 D 762 291
0 C 761 707
4 B 927 517
3 B 762 279
2 D 218 240
0 C 761 707
0 C 761 433
0 C 761 707
2 C 218 488
3 A 762 881
4 B 927 949
4 B 927 517
2 C 218 488
4 B 555 949
0 D 157 707
0 D 157 646
1 C 983 39
4 B 984 8
1 D 983 188
1 D 983 188
1 D 983 188
4 B 700 417
1 B 983 936
1 B 983 39
4 B 700 967
1 C 983 39
4 C 822 737
1 A 983 188
0 A 719 33
1 A 199 936
4 C 822 445
2 C 799 600
0 B 719 195
4 A 822 675
2 C 799 178
2 C 799 600
0 B 719 513
2 B 799 98
3 D 58 505
0 A 719 414
1 A 929 936
2 B 799 864
0 A 719 414
2 D 799 178
3 C 58 505
2 B 799 864
3 D 58 131
2 B 799 864
1 C 418 599
2 B 968 864
2 B 968 401
3 D 914 453
3 A 914 325
1 C 418 934
3 A 323 453
3 A 323 453
0 A 671 905
0 A 671 653
0 A 671 236
0 A 671 70
0 C 671 653
1 A 418 477
0 C 671 70
1 A 418 477
3 D 533 324
4 D 912 969
3 D 533 453
1 D 418 477
3 C 533 621
3 C 533 621
4 D 912 1011
3 C 533 453
0 D 671 664
4 B 912 963
3 C 931 621
4 A 912 1011
4 A 912 469
4 A 912 412
4 A 912 469
2 C 427 976
2 C 427 122
4 A 912 623
3 C 11 793
2 B 264 122
3 C 11 1002
4 D 912 623
2 C 264 122
2 C 264 122
1 D 761 813
2 C 264 122
0 D 973 721
0 D 973 721
4 D 788 469
3 C 441 116
1 A 494 502
0 A 973 721
1 A 494 502
3 A 441 116
0 A 973 721
1 C 494 502
0 A 790 494
3 A 170 454
3 A 170 454
0 A 790 567
1 D 494 813
0 B 790 567
2 C 957 468
1 D 494 774
1 D 494 152
1 D 623 502
2 C 933 594
4 C 335 501
4 C 335 501
3 D 377 454
0 B 57 562
0 B 57 785
2 B 933 594
2 B 933 594
3 D 377 454
4 A 335 865
4 A 335 304
2 B 933 962
3 D 377 173
0 B 841 38
4 A 456 747
2 B 532 594
2 B 532 594
4 A 456 304
4 A 456 304
0 B 362 986
3 D 153 125
2 B 532 986
3 D 153 134
total time of producer and consumer measured by clock(2):
producer takes -150097296 clicks 4144.870117 seconds.
consumer takes 660000 clicks 0.660000 seconds.
total time of producer and consumer measured by time(2):
producer takes 131.000000 seconds.
consumer takes 0.000000 seconds.
real	0m10.445s
user	4m45.967s
sys	0m3.796s
