0 B 850 323
0 B 850 4
0 B 850 224
0 B 850 689
0 B 850 726
0 B 850 566
4 A 222 217
2 D 47 578
2 A 47 578
2 A 47 78
0 A 850 101
3 A 797 658
4 D 322 217
4 C 322 217
0 C 850 66
3 C 797 506
1 D 250 882
2 A 47 78
3 A 797 794
3 A 797 794
3 A 797 794
1 B 250 506
3 D 797 658
2 B 47 78
1 B 250 506
2 B 511 78
1 C 250 506
2 B 945 464
4 A 408 189
1 C 250 437
4 A 39 189
1 D 250 261
2 C 305 78
1 D 648 882
4 A 352 700
4 A 352 700
1 A 648 261
2 D 304 480
4 A 352 700
2 A 304 78
4 C 352 415
2 A 304 942
0 C 398 929
0 C 398 314
4 A 352 624
4 A 352 359
0 A 398 674
3 D 853 988
3 D 853 988
3 D 36 988
0 B 398 929
1 B 124 887
1 B 124 815
0 B 398 497
0 B 398 497
0 B 940 497
3 A 36 988
1 C 124 699
1 D 124 191
3 D 36 218
3 D 36 193
2 D 314 207
1 D 124 99
0 C 812 674
3 B 134 218
3 B 134 682
0 C 812 947
2 D 387 598
0 D 812 674
3 B 688 193
2 D 387 598
1 C 586 815
0 C 812 674
2 D 387 574
4 C 884 147
2 B 387 197
2 C 387 197
3 B 353 687
4 C 884 147
4 C 884 498
2 B 387 197
1 C 900 565
2 C 387 124
0 C 685 572
2 C 387 124
4 D 884 498
0 B 685 954
3 A 353 475
3 A 353 153
4 A 884 864
4 A 884 498
4 A 884 498
1 C 895 565
0 B 684 722
4 D 959 864
1 C 1021 1019
2 A 951 614
0 B 984 904
1 B 1021 1019
1 B 1021 64
4 B 959 864
0 A 984 722
2 C 951 739
3 B 897 610
1 A 1021 599
2 A 211 739
3 A 897 610
1 A 1021 64
3 A 897 288
0 D 984 967
2 A 211 944
0 D 984 503
0 A 984 904
3 D 897 11
1 A 131 898
1 C 131 768
4 B 810 493
4 B 810 576
1 D 131 898
0 A 633 691
0 A 633 722
3 D 240 926
4 B 627 41
4 A 627 929
1 D 707 132
4 D 627 821
0 B 555 638
0 B 555 638
0 B 555 638
2 A 200 441
2 A 200 479
4 C 627 620
2 A 200 464
4 C 313 84
2 A 200 2
0 B 704 71
2 B 200 379
3 A 464 139
3 B 464 271
3 B 464 271
2 D 200 945
3 B 464 139
2 D 200 207
3 A 464 849
1 C 386 828
0 D 807 71
3 A 464 471
1 C 23 289
0 C 640 236
1 C 194 289
3 D 378 849
1 C 194 272
2 C 603 207
1 C 194 27
1 C 194 289
4 D 308 402
3 D 788 125
4 D 308 402
4 A 68 185
0 A 774 568
2 B 647 548
1 C 169 189
4 A 68 185
0 A 595 767
0 A 595 757
2 C 647 548
0 D 595 674
4 A 847 203
3 D 222 528
0 D 595 568
2 A 687 31
1 D 507 272
3 D 222 747
4 D 847 185
0 A 595 769
0 D 699 596
4 D 593 203
2 D 481 464
1 C 507 214
3 A 109 305
4 A 593 840
3 A 109 305
3 C 109 305
2 B 686 992
2 B 686 464
3 D 109 289
1 D 573 4
2 B 686 680
1 D 573 214
3 D 508 289
1 D 573 4
4 C 593 942
3 B 1015 289
2 B 353 30
4 A 723 942
2 C 353 30
3 B 276 106
2 C 973 382
0 D 99 264
3 B 977 1000
2 C 973 382
2 C 973 696
3 B 977 3
0 D 89 264
4 A 381 756
3 C 977 584
0 C 89 166
1 D 72 962
1 D 72 119
4 C 381 565
3 D 977 267
0 D 89 293
4 A 381 565
0 A 89 293
1 D 72 119
3 D 642 974
4 B 381 94
0 D 89 293
1 C 72 119
4 B 381 233
0 B 89 166
1 D 72 119
2 C 973 946
1 D 707 119
0 C 831 422
1 D 707 439
2 A 238 946
3 D 569 893
2 A 238 177
0 A 160 384
0 A 160 125
4 A 602 278
2 A 238 767
1 A 379 828
1 A 379 439
3 D 410 893
0 A 665 1004
4 A 189 246
2 A 238 364
3 D 932 50
4 C 189 605
2 A 238 438
0 A 665 167
3 D 145 50
1 B 911 870
4 C 335 605
1 A 911 380
1 A 911 380
4 A 335 186
3 B 145 916
0 A 253 670
4 A 335 186
0 A 253 670
3 D 145 916
3 D 145 101
1 C 482 618
3 D 145 101
0 A 91 250
2 A 476 610
0 A 91 167
4 B 728 605
4 B 728 304
3 B 648 366
4 B 919 304
3 B 731 366
2 B 476 410
2 B 476 447
0 C 679 250
2 B 476 475
3 B 731 966
2 C 476 475
1 B 906 200
3 B 906 101
1 B 145 615
4 C 276 904
1 A 145 615
3 A 906 663
3 A 906 708
4 C 276 711
3 A 153 603
1 A 145 615
0 D 35 92
1 A 145 413
3 A 303 917
1 D 145 917
4 A 938 404
1 D 145 142
1 B 145 615
0 B 292 563
4 B 938 363
4 B 938 363
4 B 938 363
0 A 292 476
2 D 633 840
0 A 292 476
2 D 633 840
2 A 633 685
0 D 397 315
0 D 397 476
2 C 633 685
3 A 689 451
0 D 436 800
1 B 544 950
2 C 633 685
3 C 689 451
2 C 633 685
1 A 544 950
3 C 676 296
3 C 676 158
2 A 633 327
3 C 676 451
4 B 249 633
2 A 633 743
1 A 544 950
1 A 544 709
3 C 676 694
2 A 633 902
3 D 676 694
4 B 441 624
1 C 544 709
0 A 436 476
4 B 441 230
1 A 544 575
4 B 441 230
0 A 647 391
4 D 441 230
4 C 441 162
0 A 483 75
3 B 197 731
2 B 985 317
4 D 898 230
1 A 518 808
0 A 959 484
2 B 995 286
1 B 518 174
0 A 959 17
3 B 135 218
4 D 1001 422
3 A 244 218
0 A 859 720
2 A 995 286
1 A 518 174
2 C 995 966
3 C 307 784
0 C 859 952
0 C 859 640
1 A 518 808
0 B 859 952
3 B 307 1022
2 D 995 1020
3 B 307 1022
4 D 10 637
3 A 307 152
1 D 606 513
4 C 10 637
2 D 527 723
0 A 859 860
4 B 10 789
0 A 859 860
3 A 59 12
2 C 955 578
4 D 932 561
4 A 932 501
1 C 147 352
3 A 975 928
1 C 64 929
3 C 975 60
0 A 862 812
0 A 862 880
3 D 975 12
2 C 880 964
1 A 64 725
3 D 975 734
2 B 15 964
2 B 15 964
1 D 64 236
1 A 64 332
1 A 64 236
0 C 862 361
2 C 15 307
4 C 13 362
0 D 862 245
2 D 15 346
0 D 862 245
2 B 15 346
3 C 2 734
2 B 145 783
1 C 973 236
2 B 145 16
4 C 667 274
4 C 667 274
4 D 667 749
1 A 204 63
4 D 667 114
1 A 299 946
2 A 563 142
3 D 745 125
1 A 180 946
4 B 1015 749
2 C 563 783
0 A 951 908
1 C 531 303
2 D 176 702
1 C 531 203
0 B 951 908
3 D 705 118
0 B 951 673
1 C 531 591
0 A 898 944
3 D 705 118
4 B 703 1000
4 D 703 1000
2 B 176 702
1 B 531 179
3 D 705 790
1 A 531 946
3 D 705 790
4 A 332 618
4 D 332 740
0 D 898 944
4 D 332 618
4 A 332 822
0 D 331 944
4 B 332 672
3 D 705 790
2 D 403 521
3 C 705 687
2 B 403 335
1 A 647 620
3 C 15 830
1 A 92 10
1 A 92 10
1 A 92 10
1 D 92 10
1 D 92 190
2 C 666 340
0 D 687 900
4 B 428 347
2 D 666 108
0 D 989 595
1 D 92 190
4 B 428 479
0 B 989 848
4 A 428 753
4 A 428 347
3 C 299 881
0 D 989 848
2 C 625 438
2 C 625 596
0 D 989 848
2 B 625 596
2 B 450 596
0 D 989 848
3 B 307 700
4 A 583 435
0 D 555 848
3 B 307 700
3 D 307 81
0 A 555 546
3 D 307 700
1 C 615 244
3 B 307 607
3 B 307 300
4 A 934 576
1 C 600 244
3 B 307 340
3 C 307 300
2 A 793 470
1 B 600 244
4 D 886 847
2 D 793 495
1 B 600 254
4 C 886 929
2 D 793 526
1 D 600 244
1 D 600 536
4 B 886 929
1 B 600 536
2 A 793 473
2 B 793 798
1 B 600 536
0 A 772 357
0 A 772 659
0 A 772 980
2 B 793 293
0 B 772 659
0 A 772 632
0 A 772 329
0 A 772 357
3 C 854 654
0 B 772 771
3 C 854 257
3 D 854 823
2 B 804 352
3 D 854 654
4 D 805 849
3 D 854 823
3 D 854 757
3 B 854 757
4 B 805 235
1 D 807 343
2 B 804 827
2 B 804 153
3 B 854 809
1 B 807 874
2 B 804 827
4 D 805 653
4 D 805 926
0 B 957 390
1 B 807 424
1 B 807 92
4 A 805 291
3 C 504 809
1 B 807 774
0 B 718 926
4 C 72 730
0 D 718 653
1 C 807 728
0 D 718 653
4 D 72 587
4 D 72 730
4 D 72 849
1 C 300 92
1 D 300 728
0 D 718 930
0 D 718 721
1 D 300 728
3 B 26 136
0 A 703 930
3 B 26 391
3 D 26 5
3 D 585 5
2 B 121 269
2 B 121 461
2 D 243 461
3 C 585 5
4 A 767 357
2 D 243 461
3 A 815 5
4 A 767 357
0 D 422 696
4 A 767 788
2 D 243 870
4 A 767 788
3 D 815 5
2 A 243 102
4 B 767 671
1 D 796 339
3 B 229 950
1 D 763 861
4 B 765 671
0 B 915 250
1 D 763 861
0 B 915 89
3 B 63 808
4 B 982 760
4 B 982 75
1 D 763 712
3 C 63 686
4 D 982 75
0 C 916 588
1 A 763 712
3 C 704 32
0 B 916 588
4 C 982 738
2 A 862 694
1 C 763 739
0 D 916 437
2 A 862 694
2 C 862 981
3 C 704 32
1 B 763 712
1 B 763 772
2 C 862 957
2 B 862 957
2 B 862 661
3 C 259 32
2 B 375 26
4 C 54 969
0 C 289 791
0 C 289 1003
3 C 713 703
4 D 795 461
4 D 795 73
1 D 732 855
3 B 761 380
0 A 576 350
0 A 485 350
1 A 732 545
0 A 485 166
3 B 382 694
4 A 795 73
1 B 732 692
4 A 594 461
1 B 732 692
2 B 169 258
3 B 382 742
2 B 169 258
1 A 732 601
0 B 68 583
3 B 684 742
4 D 594 46
2 A 169 258
3 B 684 795
2 A 169 322
3 B 684 353
1 A 199 680
1 A 199 803
2 C 169 322
4 B 830 597
0 B 188 91
4 B 887 73
4 B 887 46
0 A 240 91
1 A 954 485
3 C 635 691
0 A 169 482
0 A 169 583
4 C 15 692
2 A 803 322
1 A 879 957
4 A 15 692
0 B 169 163
4 A 212 872
1 B 879 957
2 A 104 804
1 B 879 485
0 B 177 174
1 B 94 872
2 C 599 804
2 C 599 804
3 D 926 516
1 C 94 872
4 A 775 211
2 A 941 111
4 C 775 149
0 A 595 174
1 C 311 957
4 C 775 149
3 D 250 650
1 C 338 65
4 B 775 149
0 A 902 463
3 B 250 650
0 A 902 463
4 D 775 768
2 A 115 552
0 C 902 801
3 C 250 66
2 A 476 87
0 C 902 897
3 D 127 461
2 B 476 636
2 B 476 636
2 B 476 116
0 C 902 596
3 D 127 650
1 C 391 328
2 D 476 475
3 D 127 856
3 D 782 461
1 B 430 504
4 D 992 647
1 B 430 599
3 D 438 261
4 A 992 647
0 B 841 467
3 D 438 384
0 B 409 834
4 A 992 143
1 C 880 504
4 A 992 406
0 D 409 834
1 C 880 433
4 C 992 647
4 C 992 733
2 D 446 130
0 D 621 854
0 D 621 854
4 B 331 543
1 B 937 504
3 A 935 948
3 A 935 73
4 B 654 543
3 B 935 650
2 B 446 223
2 D 446 130
3 A 935 347
2 D 446 65
2 D 446 65
3 A 935 347
2 A 876 65
4 C 178 340
2 B 876 223
4 C 178 657
1 D 264 950
4 B 178 109
2 B 1001 65
3 D 699 928
2 C 513 875
0 D 85 616
4 C 485 32
2 A 139 451
4 C 601 205
0 C 85 735
1 C 815 36
1 C 815 259
1 C 815 247
3 D 454 266
0 B 85 914
0 B 85 616
3 B 454 836
2 D 328 140
1 A 815 199
1 A 815 460
1 A 815 199
3 C 454 210
4 B 979 410
3 C 454 210
0 C 617 728
0 C 617 426
2 D 328 638
1 A 4 848
3 D 454 210
4 A 979 894
1 B 4 848
4 A 979 550
4 A 979 894
0 C 558 728
0 C 558 426
4 C 979 972
4 C 979 972
0 D 558 728
2 A 203 910
1 A 320 3
3 B 454 210
4 B 979 0
0 D 739 534
0 D 739 45
2 A 260 204
1 A 815 327
0 D 739 593
3 B 56 166
2 A 191 177
3 D 56 166
2 C 191 722
1 A 587 661
0 C 875 251
3 D 63 345
1 B 587 44
2 A 191 907
0 B 875 251
1 B 587 44
4 D 727 632
2 C 191 837
4 D 727 632
1 D 587 588
4 D 727 632
3 D 606 199
4 D 727 632
0 C 916 553
0 C 196 788
3 A 810 199
4 D 227 600
3 A 810 448
4 D 227 600
3 C 810 929
4 A 227 600
4 C 227 600
1 A 755 585
3 C 253 813
0 C 11 1003
0 C 11 50
1 D 541 585
1 A 541 13
2 D 705 590
1 A 824 13
4 A 949 392
4 C 949 284
0 C 502 718
0 C 502 652
2 C 705 298
3 D 186 929
2 C 705 636
1 B 824 585
4 C 363 315
2 D 705 554
3 B 304 130
0 B 502 116
1 B 816 831
4 C 363 158
2 B 705 298
2 B 705 830
2 B 705 554
0 D 934 116
3 C 651 303
3 C 660 325
3 D 660 336
4 A 987 650
1 B 1015 583
4 A 122 276
1 B 1015 583
0 C 542 393
1 C 1015 815
4 A 122 184
1 C 848 583
4 A 122 988
1 C 848 583
4 C 122 988
0 A 805 601
1 D 848 1000
3 B 613 756
3 B 613 261
4 A 122 184
2 D 1020 72
0 A 805 609
0 A 803 856
3 B 721 634
2 D 1020 146
0 D 960 987
2 D 1020 863
0 D 960 609
3 B 721 634
2 C 1020 480
3 B 721 378
0 D 348 609
3 B 201 449
2 C 1020 480
4 A 249 907
3 B 201 779
4 C 249 907
2 A 1020 480
4 B 249 907
2 A 1020 515
4 B 335 417
4 A 335 417
2 D 1020 146
3 A 855 214
4 C 335 254
1 D 1021 815
0 A 229 961
0 A 229 575
0 D 229 163
0 D 229 157
3 A 361 848
1 D 250 841
0 C 121 226
0 C 121 226
1 B 250 841
0 C 121 157
3 A 837 798
3 A 837 366
1 B 626 841
4 A 907 198
3 A 837 366
3 D 837 848
4 A 907 461
3 B 837 834
4 D 907 619
2 C 756 160
2 A 756 969
3 B 837 834
4 B 907 908
2 A 756 177
4 B 907 908
1 D 612 261
1 D 612 621
2 C 756 446
4 C 701 908
2 D 756 651
0 C 588 160
1 C 142 887
0 C 588 6
0 B 588 890
2 D 578 177
2 D 578 651
2 D 578 68
0 D 588 890
1 D 698 923
0 B 588 890
3 B 521 971
1 D 698 569
0 D 588 160
3 C 521 876
4 C 15 294
1 A 520 241
3 C 521 876
0 D 437 563
4 C 15 294
3 C 21 534
2 B 761 957
3 C 21 265
4 B 15 845
1 C 800 837
4 B 15 845
1 C 800 352
0 B 736 160
1 C 800 69
1 C 800 837
4 C 15 53
2 B 614 742
4 B 15 112
4 B 15 294
0 B 406 151
0 B 766 151
0 B 766 767
4 A 978 53
1 C 230 863
2 B 851 995
2 B 851 995
2 B 851 633
0 B 389 393
0 B 389 393
2 A 851 690
0 B 389 525
2 A 851 844
1 C 344 153
4 B 204 981
2 B 851 844
3 C 1015 106
3 B 1015 920
0 C 389 410
3 B 1015 920
1 D 344 153
4 B 644 720
1 D 344 153
3 D 1015 58
4 B 201 720
4 C 201 220
3 D 427 845
1 D 146 191
0 D 389 737
4 C 201 667
3 D 427 845
1 B 146 295
3 B 427 845
4 A 201 667
1 A 146 295
3 B 889 538
4 C 18 211
3 B 889 845
0 D 1 410
1 D 321 153
2 C 4 70
3 C 363 870
3 C 107 84
2 D 4 123
2 A 271 594
2 A 271 123
1 A 509 365
1 A 31 514
2 C 271 594
2 C 271 123
3 D 107 276
1 A 31 676
4 D 285 604
1 A 31 676
0 D 670 819
1 D 31 506
1 D 31 818
4 C 285 1013
3 C 514 276
3 A 514 20
0 D 813 474
4 D 285 91
0 D 813 339
1 B 71 190
0 C 813 963
4 B 285 226
2 C 62 123
0 C 813 865
4 B 285 226
4 D 968 226
0 D 813 865
4 D 968 226
0 D 813 722
0 D 813 865
0 D 813 722
2 C 62 6
3 A 358 637
0 B 813 260
3 A 159 866
2 B 62 6
2 B 62 698
2 A 62 6
1 B 439 999
1 B 766 595
3 D 724 152
1 C 766 595
1 A 766 595
4 D 209 567
4 D 209 267
3 B 724 503
0 B 661 404
4 A 490 267
3 B 724 98
1 C 766 424
4 B 490 267
0 B 352 404
3 B 724 353
0 D 352 357
4 B 490 198
0 C 352 894
3 B 744 811
4 A 987 144
2 D 325 841
4 A 987 302
2 B 325 472
4 A 987 302
2 B 325 57
3 B 229 192
3 A 229 192
2 B 325 57
3 A 229 759
2 B 325 57
1 C 401 937
0 A 265 650
3 C 229 250
2 B 325 916
0 A 265 270
3 A 229 250
1 A 401 337
2 B 325 916
1 B 401 975
2 B 674 120
1 B 401 337
0 D 272 270
1 C 401 937
1 C 401 494
4 A 116 626
0 D 272 270
1 C 401 494
4 B 116 246
1 A 461 494
4 A 116 246
1 A 626 975
4 D 116 246
2 B 849 701
4 B 116 246
3 B 685 985
3 B 685 811
2 A 590 628
2 D 590 57
3 A 685 521
0 A 277 574
2 D 590 351
0 C 277 239
0 C 277 198
3 B 685 521
2 C 590 846
3 B 685 521
3 C 685 581
2 C 26 846
0 D 277 198
0 D 277 198
1 A 1013 57
3 B 685 690
1 A 1013 57
0 C 277 198
3 B 229 985
0 C 277 198
4 A 251 115
4 A 583 572
1 D 620 1010
4 A 213 572
1 B 620 1010
1 B 620 57
4 D 213 572
1 B 539 57
4 D 213 462
4 D 213 572
3 B 772 250
4 D 213 252
3 D 772 795
4 D 213 252
4 D 213 210
3 D 438 795
2 A 716 395
1 D 29 774
1 D 29 516
3 A 438 795
2 C 716 704
2 B 716 704
2 B 716 483
3 A 438 795
2 B 716 814
2 B 716 69
4 B 213 750
2 D 716 715
0 D 98 265
0 D 98 809
3 B 345 73
0 D 434 745
1 D 486 1000
0 B 434 745
0 B 434 882
1 D 879 974
3 B 301 943
3 B 301 326
3 B 301 326
0 C 434 437
1 D 879 583
1 D 879 908
1 D 879 908
4 D 956 944
3 C 183 306
1 D 879 25
0 C 804 413
3 C 183 480
1 B 879 583
3 B 183 306
4 B 956 944
0 C 804 77
1 A 879 25
4 B 956 944
0 C 804 437
1 A 879 75
4 C 956 995
2 D 636 105
3 C 183 214
2 A 636 899
4 C 263 995
0 C 262 882
2 B 804 899
4 A 263 579
0 D 410 859
3 C 786 200
4 C 263 579
2 B 682 899
0 A 876 859
1 B 283 656
2 D 682 899
2 D 787 827
1 B 283 691
0 A 546 377
0 A 546 875
0 A 546 875
1 B 283 708
1 B 283 260
4 C 713 376
1 B 283 708
2 D 485 693
3 C 837 981
3 C 837 877
0 C 645 549
0 C 645 549
0 C 645 549
4 C 713 1001
4 C 713 544
2 D 485 899
2 D 485 899
3 C 607 270
4 B 1003 544
2 D 145 748
3 D 607 270
4 B 1003 376
1 A 843 66
4 C 1003 694
2 B 145 26
0 C 621 81
3 B 607 826
1 D 843 66
2 C 145 26
3 B 607 826
3 B 607 826
0 C 941 762
1 C 843 66
3 C 607 544
1 D 843 844
1 C 843 655
2 A 646 544
4 C 33 1012
0 D 261 530
4 B 510 694
2 D 183 641
4 B 510 929
0 C 261 978
4 B 510 929
2 D 183 273
4 B 881 994
0 C 943 250
0 C 115 339
0 C 141 250
3 D 370 783
3 D 370 239
4 D 964 994
4 D 964 878
2 A 94 328
3 B 370 190
1 D 246 903
3 A 370 789
1 D 246 903
0 A 690 976
3 B 370 973
3 B 370 973
1 A 590 411
4 D 964 94
2 A 202 414
0 C 173 770
0 C 1 693
3 D 150 973
3 D 840 973
3 A 840 141
4 B 70 15
0 C 1 693
1 D 590 95
1 B 590 903
1 B 202 95
1 B 202 265
2 A 117 89
4 C 295 89
0 D 456 644
4 D 423 571
1 D 452 411
3 C 600 361
1 B 452 95
2 D 163 301
3 D 600 726
2 B 160 114
0 D 344 210
3 D 878 726
0 D 557 55
0 D 557 55
1 C 948 1005
3 B 878 551
2 B 104 191
4 D 760 88
1 B 948 644
1 B 42 532
4 D 760 47
3 B 878 551
4 A 760 47
3 B 878 726
4 A 760 47
3 B 878 657
2 B 26 103
0 B 605 167
2 C 26 119
3 B 943 657
2 C 26 148
2 C 26 103
1 D 813 1005
2 D 26 5
0 C 179 578
1 D 813 532
0 A 179 978
4 D 540 775
2 A 26 5
4 D 540 775
4 D 540 366
0 A 179 578
1 D 901 923
1 D 901 53
3 D 820 944
1 B 901 763
0 A 404 578
1 A 901 763
0 D 404 204
3 D 718 186
0 D 404 60
4 A 525 995
4 A 578 995
1 A 901 634
3 D 750 186
1 A 901 634
4 B 578 70
4 C 578 1006
0 C 921 403
4 B 578 522
4 B 32 581
3 C 872 715
2 C 850 202
4 C 32 290
1 A 652 232
3 D 872 817
3 D 872 785
3 D 872 186
2 B 850 969
1 A 652 240
2 B 850 850
1 A 652 280
3 C 183 20
2 C 850 850
0 A 277 661
2 C 850 850
4 D 32 63
2 B 850 969
0 A 277 991
1 B 652 868
1 B 652 651
2 B 850 813
3 A 183 20
3 A 183 20
0 C 277 991
2 C 850 813
0 C 277 687
3 C 183 791
0 D 277 274
3 C 793 200
4 D 438 492
4 D 438 492
4 D 418 492
2 C 416 813
2 C 626 180
0 A 716 219
4 B 418 618
0 A 716 219
1 A 410 861
1 A 410 340
3 C 687 575
1 A 410 26
4 A 418 351
0 B 716 219
2 B 626 180
1 A 601 861
1 A 601 413
0 D 716 907
0 D 716 219
4 A 418 375
4 A 418 351
4 A 418 73
3 A 687 583
2 A 626 479
1 D 601 413
3 B 687 296
2 A 626 479
3 A 687 109
4 A 837 93
2 A 626 122
3 D 687 583
1 A 601 606
2 A 953 525
3 B 567 575
3 B 567 109
4 A 356 834
2 B 48 479
4 A 488 790
3 B 917 720
4 B 488 18
2 B 48 384
0 B 6 416
0 A 6 416
0 A 189 416
2 B 727 848
4 B 233 355
3 B 722 0
0 D 189 416
3 B 722 906
2 B 727 47
0 D 189 416
2 B 727 47
4 B 233 18
3 B 722 906
1 B 494 205
3 B 722 906
1 A 888 320
3 D 722 180
4 D 233 770
0 A 487 275
1 A 888 320
2 B 607 712
4 B 449 246
1 D 888 320
3 A 722 808
0 A 332 25
3 C 722 180
4 D 873 246
1 B 888 497
1 D 888 320
2 A 314 20
0 A 272 480
2 A 314 576
0 A 272 331
2 A 434 317
2 A 434 317
1 D 430 320
2 C 434 1004
0 A 658 279
2 C 434 317
0 A 658 480
4 A 286 587
0 A 658 279
3 C 810 117
2 A 434 437
4 A 286 490
3 B 810 564
4 D 286 350
0 A 192 661
3 B 810 564
1 B 708 931
4 D 286 42
4 B 286 42
3 B 810 564
1 D 154 742
4 B 286 42
3 C 810 564
0 C 192 661
0 C 192 88
1 C 154 931
3 B 676 911
4 C 286 350
3 C 676 853
1 B 154 742
1 A 154 742
0 B 192 199
1 A 154 731
3 B 676 564
1 A 380 730
2 C 13 487
2 C 13 487
3 D 155 564
2 A 13 949
4 A 447 31
2 A 13 665
2 A 13 192
4 A 447 132
4 D 447 365
2 A 13 192
1 D 869 620
4 D 447 374
1 D 869 379
4 D 447 374
0 D 758 699
2 B 681 114
1 B 869 359
3 B 885 270
4 A 447 440
2 C 681 114
0 B 758 397
3 B 885 461
0 B 758 152
3 B 885 356
1 C 438 841
3 D 885 165
3 D 885 874
3 D 819 874
0 A 758 777
0 C 758 791
3 A 819 874
0 C 803 777
0 C 803 397
1 C 516 841
1 C 348 666
3 B 819 423
0 B 69 777
4 C 661 554
2 B 166 436
2 B 166 248
4 C 661 554
4 C 661 30
2 B 166 436
2 A 166 248
0 D 1006 90
0 D 1006 90
1 C 126 841
4 D 661 30
4 D 661 30
2 A 269 185
1 B 126 3
1 B 126 3
1 D 126 3
3 C 935 661
2 C 269 110
4 C 661 746
0 D 151 235
1 B 689 291
0 D 151 928
3 C 781 185
1 D 689 710
2 A 139 213
1 D 689 635
2 A 139 266
3 D 781 661
3 C 781 636
3 C 781 984
1 D 177 1
0 B 151 928
4 C 326 30
1 D 138 686
2 D 466 140
1 D 138 1
3 B 781 882
0 B 151 360
4 C 128 516
1 D 155 334
4 C 703 313
3 D 747 984
1 D 155 334
4 C 703 313
1 C 155 373
2 A 56 45
4 C 703 922
4 C 703 794
3 A 277 882
0 B 317 823
1 C 638 871
4 A 967 516
4 C 967 704
0 A 317 823
0 A 317 851
0 A 317 712
3 A 731 474
3 A 731 788
3 A 731 274
0 D 317 333
1 D 638 871
3 A 731 274
2 C 675 63
4 A 989 328
0 A 317 290
1 B 830 356
4 D 402 328
3 C 494 607
2 A 675 764
1 B 171 513
3 C 637 732
2 B 854 732
0 C 191 333
1 B 325 801
2 B 854 732
2 B 854 175
1 C 765 560
3 C 686 401
3 C 686 251
1 A 765 513
4 C 82 109
3 B 686 401
1 B 765 346
2 B 120 175
2 B 120 841
3 B 686 251
0 B 338 192
3 B 686 514
4 D 467 611
4 C 467 275
0 B 986 192
4 B 467 275
2 B 120 103
2 B 120 538
4 B 467 275
0 C 986 333
0 C 986 333
4 A 467 275
0 C 87 333
1 A 194 533
0 D 87 575
1 A 994 533
4 A 838 305
0 B 87 965
0 B 87 633
1 D 414 197
4 A 838 45
2 A 638 698
3 D 399 634
0 B 87 364
1 C 414 997
3 D 399 634
4 D 966 833
1 C 414 201
3 D 399 393
3 D 399 393
2 B 993 538
2 B 993 633
1 B 102 197
4 D 966 44
3 A 399 393
2 B 993 698
3 A 399 393
0 B 813 837
3 A 399 393
3 C 399 393
0 D 591 634
4 C 274 563
4 A 949 569
0 D 591 236
2 D 570 633
0 D 591 818
0 D 591 236
1 D 340 976
0 A 951 944
1 C 340 976
1 C 340 850
2 D 89 965
1 C 340 850
2 D 89 965
4 C 242 724
1 C 340 898
2 D 89 564
3 C 591 668
0 B 5 944
1 D 340 410
2 D 89 183
1 A 340 410
4 A 549 650
3 A 591 464
4 C 549 650
0 B 639 679
0 C 639 679
2 D 1000 682
3 A 591 82
4 D 549 951
0 C 639 383
4 D 303 546
3 A 591 623
4 D 303 141
3 A 225 623
3 A 225 668
2 A 915 422
2 A 915 183
3 C 225 668
2 A 915 682
4 C 303 951
3 D 502 560
1 B 599 392
1 B 599 254
4 C 273 208
1 B 612 584
0 C 935 167
0 A 935 167
0 A 935 167
1 C 512 584
2 A 595 859
0 D 935 167
2 C 595 212
1 D 512 584
3 B 956 560
3 B 956 720
1 C 512 392
0 A 935 875
2 C 595 212
1 C 512 635
3 B 576 720
3 D 576 720
2 C 595 901
2 C 595 596
2 C 595 596
3 B 576 255
0 A 828 875
0 A 828 984
3 A 576 931
3 A 576 607
4 C 786 397
4 C 786 377
0 B 828 984
4 C 786 397
4 B 786 1000
4 B 786 366
0 B 451 924
0 C 246 924
1 A 559 618
4 C 786 397
4 D 786 793
1 A 559 901
0 A 495 476
2 B 302 667
0 A 495 476
2 B 302 577
4 D 487 47
1 A 559 901
4 D 405 1000
0 C 495 827
1 D 559 355
1 D 559 552
2 A 302 848
0 D 495 927
2 A 302 564
1 A 559 618
3 D 200 118
2 A 468 564
0 B 495 488
4 D 405 793
2 A 468 305
3 B 200 881
4 D 405 877
3 D 200 354
3 A 200 354
4 D 10 24
2 A 741 467
1 B 16 986
3 D 5 354
3 D 5 354
1 A 16 483
4 D 10 106
3 D 5 311
1 A 593 483
2 A 109 738
1 A 593 15
2 A 109 520
3 D 133 881
0 C 387 770
0 B 387 770
2 A 109 106
2 A 109 106
4 B 659 467
4 B 659 501
0 A 387 342
0 D 387 770
2 A 109 106
1 A 491 598
4 B 32 169
0 C 387 94
4 C 32 856
2 B 109 738
0 A 387 94
4 C 262 652
1 A 426 492
0 A 477 508
3 C 737 378
1 A 426 492
4 B 262 63
1 B 426 492
4 B 262 63
1 B 582 827
1 D 582 429
4 D 262 291
3 B 887 342
3 B 892 320
0 A 257 508
3 B 892 826
3 C 892 378
4 D 367 377
0 D 257 789
1 D 555 601
1 D 555 979
3 B 892 420
0 D 257 520
0 D 257 262
3 B 892 320
3 B 892 320
3 B 892 872
3 A 892 684
3 A 892 867
0 C 759 262
0 C 759 262
2 C 807 636
4 C 276 377
2 A 807 631
4 C 276 144
1 C 576 362
2 C 807 631
4 A 276 144
2 A 807 631
2 C 807 636
4 A 980 334
3 A 530 915
2 C 807 856
3 B 530 915
3 D 530 557
4 B 317 370
1 D 362 418
0 B 659 768
1 D 362 980
1 A 362 575
4 B 317 363
0 B 949 768
0 D 949 768
3 C 530 533
2 C 334 631
4 D 317 334
4 A 317 979
2 C 213 856
0 D 580 422
3 C 262 435
4 A 947 290
0 A 580 422
0 A 580 652
0 D 580 938
2 A 749 999
2 A 749 999
1 A 538 972
1 B 277 378
1 B 277 972
1 B 277 972
4 C 55 948
2 D 749 999
1 C 277 972
1 D 189 972
2 D 749 951
3 D 397 377
0 A 494 955
4 A 870 647
4 A 870 629
4 B 870 262
3 C 307 385
4 B 870 647
3 A 307 385
0 A 438 489
0 A 438 489
1 B 357 978
2 A 86 305
3 A 307 385
2 D 86 305
0 C 438 552
2 D 86 215
4 D 870 980
3 A 763 385
0 C 438 72
1 B 808 978
2 D 86 215
3 A 946 332
1 A 808 978
0 B 438 433
2 D 649 215
1 A 808 378
2 D 649 986
3 D 420 332
2 A 649 81
3 C 420 764
4 C 347 306
3 C 420 764
2 A 685 337
1 A 423 70
4 D 837 107
2 C 537 886
2 C 537 90
3 A 217 91
4 D 357 292
3 A 217 949
3 B 217 459
2 D 537 910
3 B 217 459
1 A 593 416
0 C 298 884
4 C 489 107
3 C 217 648
3 B 217 459
1 A 401 772
3 B 217 455
2 C 537 90
0 B 298 832
1 A 401 772
4 C 29 698
0 C 298 196
1 D 401 416
2 A 537 886
1 C 401 598
4 C 335 698
0 A 298 196
4 C 335 154
1 C 401 406
0 D 298 196
1 C 401 1018
0 A 298 196
4 D 786 154
0 A 245 196
4 D 786 67
2 A 783 558
2 A 783 855
2 A 42 567
4 C 786 304
3 D 365 195
3 D 365 195
3 B 365 146
0 C 689 960
4 A 271 67
2 B 42 776
0 C 689 341
1 B 866 850
1 B 866 850
1 B 866 759
3 D 365 146
3 D 365 195
3 D 365 146
0 A 648 466
1 B 866 850
1 C 866 380
3 D 442 146
2 D 348 786
3 D 478 146
0 B 648 445
1 C 293 893
4 A 810 886
1 C 293 893
4 A 810 264
0 B 933 718
4 A 798 347
4 A 482 813
4 A 482 813
4 A 482 623
0 C 472 954
4 A 482 793
3 C 767 69
3 C 767 33
4 B 482 813
1 D 1013 346
2 D 503 189
2 B 503 189
2 B 503 189
3 C 442 627
3 C 442 627
2 B 442 616
3 C 442 395
2 B 442 930
0 A 985 750
0 A 985 651
3 A 442 640
3 A 442 395
2 B 842 98
0 A 985 750
1 D 378 644
0 B 985 318
0 D 985 318
4 B 546 803
1 D 37 644
3 A 733 730
0 C 985 990
2 B 166 421
4 A 455 803
0 B 985 867
2 D 166 8
4 A 3 803
4 A 3 573
4 C 3 573
1 A 485 46
3 C 326 730
2 D 39 185
2 D 39 853
2 B 39 185
4 D 994 448
1 A 499 482
1 A 499 278
1 C 499 482
2 D 39 930
0 B 693 888
4 A 994 4
0 D 765 888
2 D 39 185
1 D 377 500
1 D 377 500
0 C 765 888
1 D 377 873
0 C 765 888
1 C 377 60
1 D 377 482
3 C 224 803
2 B 432 472
2 D 432 472
0 A 765 672
0 D 765 888
4 B 566 181
2 D 345 68
1 A 254 134
3 B 438 491
2 C 345 68
4 B 566 812
0 D 858 770
3 D 121 1001
3 D 121 159
4 A 722 114
3 D 121 159
3 D 121 491
4 A 722 553
3 D 121 354
1 A 78 249
3 D 121 425
0 D 710 936
2 D 183 139
0 D 710 677
4 C 788 725
2 D 183 166
1 A 921 73
3 B 622 390
1 C 921 15
0 C 710 912
2 B 183 808
0 C 710 912
4 A 788 207
1 C 921 704
2 B 713 808
0 C 623 912
1 D 921 704
0 C 623 677
0 C 623 912
2 D 713 776
2 C 713 776
1 B 921 926
4 A 271 875
0 C 623 912
4 A 271 207
1 B 921 133
2 A 713 328
1 A 921 307
3 B 405 625
3 A 405 448
3 A 405 448
3 C 405 1005
3 C 405 448
4 A 731 62
3 C 405 57
4 A 731 62
3 B 405 57
3 C 405 57
3 A 405 394
4 C 731 834
0 A 529 528
4 D 202 732
2 A 355 516
1 B 515 777
2 A 355 797
1 B 901 966
1 C 901 981
2 A 403 580
0 D 738 534
2 A 403 884
3 A 692 305
2 D 403 973
3 D 542 305
3 B 542 778
1 C 330 922
3 B 542 778
2 A 238 580
1 C 330 540
3 C 542 691
3 C 542 691
4 C 876 309
1 A 330 981
4 C 876 681
1 A 357 309
0 D 628 797
2 B 30 404
0 B 628 797
2 C 30 233
4 D 876 681
1 C 357 309
4 D 876 681
4 B 876 481
1 A 357 309
0 A 628 22
0 D 628 233
1 D 357 309
1 D 357 354
0 D 628 712
3 A 618 714
1 D 357 354
3 A 502 714
0 D 555 712
3 A 502 714
3 C 251 714
0 D 625 712
2 C 327 797
4 B 969 71
4 B 969 700
2 C 327 1
2 C 327 157
4 B 969 700
3 D 251 621
4 B 969 700
4 B 969 481
3 D 251 457
4 D 969 904
2 A 327 157
4 D 969 210
4 C 969 210
0 D 925 980
2 D 327 157
2 D 327 157
1 C 455 158
2 D 362 157
1 A 455 687
0 B 925 281
1 A 1000 687
1 A 1000 687
0 B 767 281
0 B 767 281
1 D 92 440
0 B 25 907
0 B 25 281
0 D 25 910
1 D 909 1007
3 A 718 211
3 A 718 864
0 C 25 610
1 C 909 687
1 C 909 440
0 C 25 281
0 C 25 736
4 A 864 638
2 D 571 149
3 D 267 77
4 A 864 638
2 A 571 755
3 B 267 77
2 A 571 157
3 B 267 713
4 A 294 941
2 B 571 755
4 C 294 941
4 C 852 871
2 B 571 755
1 B 160 626
0 B 319 6
2 A 571 964
0 B 121 940
2 B 571 964
1 C 215 673
0 D 442 288
1 C 192 626
0 D 442 940
1 D 192 191
4 A 579 811
4 A 579 31
4 A 579 31
2 B 251 755
2 B 251 139
0 A 442 91
4 C 579 31
3 C 932 244
2 A 251 964
4 D 579 31
2 C 251 49
2 C 874 658
3 C 932 287
3 C 932 287
4 D 579 580
3 A 637 175
3 A 637 175
1 C 334 191
3 C 637 175
2 C 97 49
3 B 637 800
1 C 334 168
4 A 579 723
0 A 421 582
3 A 637 987
0 A 421 582
1 C 613 171
2 C 97 228
2 C 97 789
0 A 421 753
0 A 421 69
1 B 613 614
0 B 421 353
1 B 613 614
1 B 613 614
3 A 785 868
0 D 421 753
1 A 613 171
2 C 848 30
3 A 544 868
1 D 182 538
0 C 421 425
1 C 182 439
3 A 544 868
3 C 544 174
4 C 72 127
3 D 544 790
4 B 72 513
4 B 72 513
4 B 72 513
4 B 72 513
2 A 501 799
4 A 72 513
2 A 675 889
4 A 72 387
2 B 675 141
2 B 675 815
4 B 751 55
1 B 965 329
2 B 675 831
3 A 544 551
4 B 942 55
1 A 418 360
2 A 675 498
2 A 675 724
1 D 418 360
1 C 847 986
1 C 847 335
4 D 375 752
0 D 771 451
0 D 771 443
1 C 806 421
4 A 375 226
1 D 806 360
0 D 771 225
0 D 223 443
2 A 503 471
0 C 223 225
2 A 503 471
0 C 223 225
4 A 815 941
3 C 478 283
2 D 503 471
4 A 815 941
3 C 478 283
2 A 503 579
3 A 478 956
4 A 815 136
2 C 503 496
0 B 223 451
0 B 223 764
3 B 478 471
1 C 762 857
0 B 223 225
2 C 503 496
3 B 718 956
4 C 63 808
3 D 925 444
3 D 925 417
3 B 925 417
1 A 592 645
1 A 592 645
4 C 878 9
1 A 592 645
0 A 649 764
0 A 649 377
4 A 878 836
2 A 980 786
3 D 925 721
4 D 878 64
2 C 266 224
0 D 780 549
1 A 750 599
3 D 272 956
0 D 780 281
2 D 266 224
0 D 780 654
4 C 878 264
4 C 878 264
2 B 266 979
2 B 266 72
4 A 881 264
2 C 266 979
1 A 759 745
1 A 759 645
4 B 382 264
1 B 759 224
3 B 203 357
0 B 780 755
0 B 780 755
1 B 878 259
1 C 878 745
3 C 203 357
1 C 878 224
1 C 878 745
3 A 203 14
4 B 796 886
1 D 878 752
2 B 153 207
1 D 509 881
3 A 203 212
0 A 174 179
2 A 153 207
2 A 153 207
4 A 621 589
0 B 174 179
2 A 342 310
4 D 621 317
4 D 621 771
0 D 174 72
2 D 394 722
4 C 830 589
0 A 174 623
2 D 394 134
3 A 923 239
0 B 174 169
4 D 937 618
3 C 923 14
3 C 923 230
4 C 937 618
3 B 923 606
3 B 923 606
1 C 782 2
1 C 440 854
3 B 923 230
0 B 282 108
0 B 282 27
1 D 111 854
2 A 262 117
2 A 262 878
4 B 237 598
2 A 262 878
1 D 111 854
0 C 282 27
3 C 536 606
1 D 111 854
2 B 262 168
2 B 262 168
4 A 877 898
0 D 282 232
1 B 111 453
4 A 877 898
2 B 262 257
0 D 282 261
1 D 111 881
4 A 911 242
0 D 282 232
1 D 871 455
3 A 842 795
3 D 842 795
4 B 658 474
3 C 842 615
1 D 698 854
2 B 120 371
2 B 120 358
1 D 691 400
3 A 381 845
4 D 603 830
4 D 603 874
2 D 442 358
4 C 603 830
2 A 442 3
2 C 442 103
2 C 442 103
3 A 243 378
1 C 283 479
0 D 225 792
1 D 283 664
1 A 283 844
4 D 892 629
1 A 283 844
4 A 124 932
0 D 842 130
2 A 651 69
0 D 842 130
3 A 94 404
3 A 94 820
0 D 842 723
2 A 137 722
2 A 137 722
3 A 94 820
4 D 855 123
1 D 986 356
3 A 94 820
0 A 842 491
0 A 842 491
3 B 94 820
2 B 137 407
3 A 94 244
4 A 855 643
0 A 842 130
2 B 137 978
0 A 842 693
4 A 855 93
3 C 636 89
4 D 855 121
4 D 534 121
1 D 324 235
4 D 1016 680
1 D 139 235
1 C 139 28
1 C 139 28
2 B 122 935
1 B 139 187
3 C 432 515
2 D 122 935
1 B 139 187
2 B 122 935
0 C 468 356
3 A 432 734
1 B 139 187
0 C 676 693
2 A 122 935
3 D 432 400
0 B 676 211
0 B 676 211
1 C 139 187
2 C 122 101
1 C 139 732
1 C 315 372
0 A 676 736
4 A 31 624
4 A 31 624
4 A 31 624
4 B 31 624
0 A 676 1018
3 B 432 400
3 B 42 412
0 A 85 427
0 A 85 427
4 A 31 624
4 A 31 24
4 A 973 624
4 A 973 24
3 B 797 400
0 D 286 731
4 C 973 24
0 D 456 82
3 C 68 53
3 C 440 955
1 C 2 315
2 C 199 452
2 C 199 171
3 D 440 400
3 B 440 955
2 C 207 184
2 C 207 171
1 D 2 315
1 D 2 315
2 B 207 184
1 D 2 315
1 D 2 315
1 D 2 125
2 B 207 184
0 D 640 225
3 C 556 59
2 D 207 184
1 D 2 125
1 C 2 315
4 C 100 540
2 B 250 184
0 D 992 55
1 B 2 125
4 A 100 540
4 A 100 540
0 D 992 225
4 D 100 540
2 C 250 184
4 A 100 540
0 D 647 910
4 A 254 540
0 B 647 895
4 B 254 27
0 B 647 543
4 B 254 27
0 A 647 543
1 B 318 778
4 C 254 249
1 B 260 94
3 C 192 387
3 C 192 506
1 A 260 94
0 C 686 994
3 C 192 744
1 C 150 537
0 C 686 994
3 A 192 744
1 B 150 289
2 C 35 646
2 C 35 381
3 D 192 506
2 B 35 795
3 B 192 191
3 B 192 191
2 B 35 939
4 A 11 538
4 A 11 538
2 B 35 892
0 C 937 721
0 C 937 721
3 A 394 387
4 C 11 538
3 C 394 191
0 A 468 93
2 C 571 892
4 D 11 12
3 D 125 996
1 D 664 233
2 A 890 92
3 A 481 397
0 D 202 303
0 D 202 467
1 D 664 563
0 D 202 93
0 D 202 93
4 A 643 165
2 A 875 892
1 D 664 563
2 B 946 893
2 D 946 580
4 D 441 644
1 A 924 588
1 A 924 66
1 A 924 66
1 A 126 871
4 A 99 644
2 D 254 876
3 D 387 486
0 D 581 982
1 A 959 563
4 B 853 100
3 C 922 627
2 B 213 473
3 C 922 627
4 C 853 343
2 B 213 521
2 B 213 257
3 D 922 41
0 A 237 77
2 B 213 521
3 B 922 124
2 C 213 521
3 B 922 41
2 C 213 257
2 D 213 202
1 A 456 667
0 B 237 788
0 B 237 788
3 C 741 997
0 B 237 234
1 D 456 356
4 C 428 842
3 C 741 997
1 D 456 463
0 D 993 77
4 D 428 355
0 A 993 788
1 D 909 494
1 D 909 463
0 A 362 788
4 D 23 972
4 B 23 355
1 D 909 356
4 B 23 972
3 A 118 666
4 D 23 467
0 A 938 365
2 D 152 238
4 B 23 467
3 D 423 140
2 A 152 238
0 A 710 730
0 A 710 542
3 D 423 669
2 A 152 238
0 C 710 730
4 B 948 488
1 A 736 626
2 D 152 238
0 B 710 941
2 A 152 709
1 A 133 743
1 A 133 743
2 A 77 238
1 A 133 743
4 D 198 265
4 D 16 265
3 C 956 456
1 D 262 743
3 C 956 88
2 C 77 359
1 D 395 37
2 B 775 74
1 D 395 130
0 B 478 680
1 B 395 130
0 B 478 680
0 B 60 680
4 D 424 313
0 A 60 680
3 B 484 387
3 B 484 387
3 B 484 814
0 A 60 449
4 C 424 495
3 C 484 814
2 A 311 709
1 A 475 249
0 A 60 680
2 A 5 792
3 C 484 814
4 B 424 313
1 A 779 116
3 C 484 507
4 C 614 87
2 A 911 898
3 D 352 387
4 C 381 87
2 D 911 304
1 A 988 476
1 A 979 476
2 D 911 2
4 C 381 87
1 C 979 780
2 B 911 904
4 C 347 87
0 A 449 454
1 A 979 775
1 A 979 62
2 B 911 898
2 B 911 904
1 A 979 987
0 A 449 454
0 A 449 454
4 C 259 258
3 D 647 159
4 A 830 951
3 B 647 139
3 A 647 139
0 B 309 454
3 A 109 139
3 A 109 139
3 A 109 137
1 B 252 265
0 A 153 298
1 B 252 343
4 A 379 537
3 B 227 137
0 A 153 298
2 D 147 621
0 A 296 298
4 A 379 380
3 B 849 888
2 A 147 890
1 D 627 723
4 C 379 131
4 C 379 567
4 A 379 567
1 D 627 723
2 D 147 900
3 C 55 106
4 A 379 120
0 B 296 158
4 C 379 810
2 B 147 621
0 B 296 609
2 A 147 844
2 B 627 844
3 C 203 846
3 C 203 252
2 B 627 844
1 B 721 908
3 B 203 252
1 B 798 628
1 B 810 628
3 D 203 72
0 A 871 481
1 A 375 718
0 D 871 481
2 B 719 844
2 B 178 218
3 D 733 180
0 D 871 643
4 A 141 531
2 C 178 364
1 A 375 769
2 C 178 218
1 A 375 908
2 A 178 35
0 D 871 864
1 C 375 769
4 D 141 215
4 D 141 215
2 A 178 126
1 C 375 368
4 B 141 669
1 C 331 628
4 C 141 118
1 C 331 908
2 C 178 720
2 C 178 720
0 D 871 864
2 D 178 173
3 D 645 802
4 D 141 138
3 A 645 802
3 A 645 802
3 A 645 802
4 D 881 138
3 A 645 793
3 A 645 793
3 C 286 890
0 D 966 649
2 D 62 403
1 C 982 579
0 D 966 649
2 D 62 112
4 B 95 788
1 A 982 579
4 D 95 851
0 A 966 649
2 C 62 112
4 D 95 788
3 C 257 793
3 C 257 793
4 B 95 137
1 B 982 579
1 B 982 236
0 C 966 90
0 C 966 823
4 B 95 345
2 C 798 896
0 B 966 90
0 B 957 569
3 A 298 890
2 A 798 449
1 B 129 937
3 A 298 382
3 A 298 382
2 A 655 718
3 A 35 701
4 B 628 138
3 A 35 382
3 B 35 301
0 A 706 930
1 D 368 158
2 A 431 896
2 A 431 865
4 A 628 854
2 A 431 648
2 A 431 450
4 C 628 854
3 A 719 36
1 B 147 937
0 A 847 204
2 A 431 928
0 C 847 709
4 D 425 138
4 D 425 619
2 A 431 928
0 A 847 709
2 B 431 424
3 C 492 712
0 A 104 686
3 C 492 712
1 C 80 143
1 C 80 140
0 B 104 840
4 B 13 83
0 B 104 111
0 B 774 686
0 C 715 111
4 A 844 350
2 B 449 257
4 A 844 350
1 A 352 140
2 A 449 257
0 A 715 111
3 C 202 96
4 A 356 18
1 A 1023 199
2 C 449 213
2 C 449 213
1 C 1023 47
3 B 202 96
4 D 824 843
1 C 1023 359
2 C 449 478
1 C 1023 325
1 C 1023 359
1 C 1023 489
1 C 1023 398
0 A 707 492
0 D 707 492
1 B 1023 359
4 A 459 355
0 D 707 492
3 B 30 41
4 B 459 711
4 B 459 205
3 B 30 41
3 D 30 891
4 D 459 711
0 D 707 708
4 D 459 205
2 B 810 161
3 D 30 814
4 C 459 205
0 C 707 492
3 A 30 566
4 B 459 205
2 B 810 410
1 B 161 168
3 C 30 1
2 C 810 821
0 A 834 158
1 B 161 261
2 C 810 821
4 B 234 205
1 B 161 815
2 C 810 821
1 A 161 202
1 A 161 190
1 D 161 168
0 A 474 837
2 A 832 410
4 B 106 245
4 B 106 245
0 A 988 635
0 B 988 635
3 A 112 120
3 B 112 426
4 C 106 953
0 B 209 635
2 D 58 839
1 C 535 190
3 B 701 263
0 D 209 694
4 B 373 78
3 C 701 426
4 B 373 117
4 B 373 117
3 C 701 119
3 D 611 674
4 C 1017 362
2 B 699 839
4 B 50 362
2 B 42 581
1 B 1 558
2 B 42 676
1 B 1 726
1 B 1 558
2 B 42 676
3 D 611 263
1 C 1 776
0 C 712 206
1 C 1 45
2 B 42 676
1 C 1 616
3 B 485 674
2 B 42 487
1 A 1 30
2 D 42 53
1 A 653 896
4 B 851 73
0 D 707 86
0 D 707 729
4 B 270 73
0 D 707 86
3 C 978 924
3 C 978 856
0 D 707 86
4 B 270 73
4 A 270 902
0 C 707 86
2 C 201 453
4 C 270 73
1 C 322 650
4 D 270 844
4 D 270 844
0 B 78 828
3 C 140 636
3 C 140 941
4 D 943 844
2 B 538 379
0 C 398 86
1 D 438 544
4 D 969 273
0 C 875 999
2 C 538 126
2 C 538 126
0 D 875 81
3 C 595 377
2 B 538 126
2 B 538 182
4 A 225 721
3 C 595 243
4 A 225 592
0 C 875 660
0 C 875 326
1 C 459 73
4 A 225 592
1 D 459 73
2 D 122 296
1 D 459 73
3 A 595 377
4 B 735 230
4 B 735 281
3 A 595 556
3 A 595 556
1 B 750 436
1 B 528 317
1 B 528 436
1 A 528 436
0 B 533 822
3 A 595 556
1 C 774 436
4 A 432 704
3 A 595 683
2 B 632 1013
1 D 774 753
2 B 632 627
2 C 632 389
0 B 1005 822
1 B 774 753
2 A 632 750
2 A 632 389
2 A 632 750
0 C 1005 522
4 D 634 439
2 C 668 750
0 C 315 822
1 B 178 1019
2 A 698 615
1 B 106 103
1 B 106 103
0 C 453 642
3 C 793 862
1 D 106 103
1 D 106 7
2 C 12 701
4 D 742 901
2 C 445 739
3 C 49 862
3 C 49 897
0 A 260 442
1 B 106 117
3 D 49 870
3 C 49 870
0 A 260 127
3 C 49 870
0 D 260 442
3 C 49 711
0 D 260 1021
4 A 872 217
4 A 1002 112
2 D 529 115
4 A 1002 959
2 D 529 818
3 C 49 870
4 C 1002 793
3 A 49 78
2 D 980 450
3 A 49 78
0 D 205 259
4 B 1002 959
4 B 1002 830
0 C 205 324
1 B 902 407
1 D 902 407
1 D 902 6
1 C 902 86
1 A 902 86
4 B 1002 1005
1 A 902 345
1 A 902 921
2 D 740 555
4 B 847 959
0 C 139 862
2 C 740 1006
0 C 139 306
3 C 784 480
3 B 784 910
4 B 386 848
0 C 200 811
2 B 718 795
0 C 200 811
0 A 200 811
3 B 784 780
3 B 784 794
2 C 718 795
2 C 718 1006
3 B 784 879
4 D 386 663
2 C 109 795
2 C 109 721
0 A 200 306
4 A 386 222
4 A 386 413
3 A 814 879
2 D 109 721
0 C 200 111
4 D 386 105
3 A 344 879
0 C 627 183
1 D 571 566
0 C 627 811
1 D 571 753
3 A 374 809
1 D 571 753
3 A 374 555
2 D 27 18
1 A 571 753
1 B 571 128
1 A 571 128
3 A 374 131
1 D 571 128
1 D 490 884
3 D 374 369
1 D 131 753
1 D 131 964
4 D 227 398
4 D 227 398
4 A 227 512
4 A 227 77
2 C 415 310
4 A 227 499
0 D 437 179
2 C 415 399
2 C 415 484
0 A 437 524
1 D 233 380
0 D 437 871
4 B 227 499
0 B 437 871
1 C 233 421
3 D 507 337
4 B 227 284
0 B 437 871
1 C 233 261
2 D 415 586
3 A 507 337
2 C 415 586
2 C 415 821
1 B 233 261
2 C 415 588
0 A 340 808
2 C 415 399
0 B 340 565
1 B 233 280
4 B 802 499
3 A 507 337
1 C 233 278
4 B 814 139
4 B 814 139
3 A 91 4
4 D 814 273
0 B 27 448
2 B 95 842
3 A 45 337
0 B 27 448
2 C 102 842
0 D 27 448
2 A 102 899
3 A 414 92
4 C 814 817
0 B 462 448
2 C 102 342
3 D 125 92
3 B 125 337
1 C 275 882
2 C 102 64
0 D 462 4
3 B 125 42
3 B 125 311
1 C 1001 585
1 C 1001 177
3 D 125 92
1 C 1001 177
1 C 1001 177
1 D 1001 177
1 B 1001 177
4 C 231 523
1 B 1001 364
0 C 11 465
4 D 231 774
4 D 231 523
2 C 320 354
1 A 1001 918
2 B 320 249
4 D 231 492
0 C 755 999
4 D 231 492
2 B 320 249
0 B 755 902
4 D 231 152
3 D 112 604
4 D 231 523
0 C 755 999
2 A 320 930
4 D 231 152
0 D 755 999
0 D 755 116
3 D 112 399
1 A 937 726
0 B 755 738
2 A 365 901
3 B 112 399
1 C 937 726
0 B 597 902
2 A 589 249
3 D 112 399
4 B 755 774
0 B 597 652
1 C 937 696
2 A 635 362
3 C 613 399
3 C 613 399
1 C 937 942
1 C 937 942
2 D 635 930
2 D 635 362
4 C 8 748
2 D 926 586
2 C 926 636
4 B 8 748
3 D 612 399
4 D 8 240
0 C 887 586
4 D 323 748
4 D 549 119
4 D 549 119
0 C 887 372
1 A 987 607
2 D 926 636
2 D 742 609
3 D 71 610
0 D 887 706
0 D 887 706
3 D 71 538
1 C 41 688
3 A 71 727
1 C 41 75
1 C 41 75
1 C 41 988
0 A 887 640
3 A 252 385
3 A 252 385
2 A 347 793
1 D 306 86
4 C 822 986
3 A 289 755
1 A 306 86
3 B 736 385
4 C 329 431
4 C 329 431
0 C 49 640
2 D 559 684
3 B 736 251
4 A 329 431
2 B 559 348
3 B 736 294
2 A 559 244
3 B 736 294
3 B 736 251
4 B 753 697
1 B 259 205
4 C 753 841
4 C 753 310
0 D 6 468
1 B 406 162
2 A 289 976
1 B 406 80
0 D 300 553
4 A 772 310
2 D 767 976
1 B 406 284
2 B 767 976
1 C 406 284
1 C 406 789
1 C 406 393
2 B 561 924
4 A 741 771
0 C 513 505
4 A 647 310
0 D 513 505
0 D 513 78
0 D 513 211
4 D 647 68
4 A 647 68
0 D 513 211
3 D 220 291
3 D 220 291
3 D 220 291
4 D 647 738
4 A 647 509
3 D 220 291
3 C 220 291
0 D 254 193
3 A 220 291
2 B 127 167
0 B 254 638
3 A 220 291
2 D 111 558
1 C 752 393
2 D 111 167
3 C 220 291
2 D 111 698
2 D 111 698
1 A 773 393
3 C 888 291
3 C 888 291
2 D 111 96
1 C 773 480
0 B 982 257
1 C 773 655
0 B 982 337
4 A 153 749
1 C 442 655
1 C 442 770
0 B 982 480
4 D 153 904
0 B 982 480
3 D 134 775
4 C 153 155
0 D 982 969
4 C 153 904
1 A 442 393
0 D 982 337
0 D 982 480
0 D 982 257
4 D 612 158
4 D 612 158
3 A 465 996
3 A 149 718
3 A 149 953
3 A 554 377
1 A 592 547
2 D 126 587
1 A 592 547
1 A 592 453
2 D 126 902
1 C 592 22
3 D 359 146
4 B 7 923
0 D 420 126
2 A 126 370
3 B 518 718
0 D 420 126
2 B 126 936
3 A 518 557
1 C 415 599
1 C 415 599
0 D 420 126
2 C 126 936
4 C 624 729
4 C 624 729
0 A 420 126
4 C 624 24
2 B 126 447
0 A 420 126
2 B 25 385
2 B 25 902
0 D 420 91
1 A 415 480
4 A 453 798
3 A 402 537
1 A 214 480
4 D 453 527
2 A 107 867
3 D 544 203
0 D 716 91
1 C 867 480
4 B 453 527
3 D 277 872
3 D 277 872
2 A 358 385
1 C 992 209
2 A 358 400
3 C 277 886
2 A 358 108
2 D 358 719
0 A 374 819
0 A 374 351
0 A 374 91
0 A 374 170
0 A 374 170
2 A 358 353
0 A 374 819
4 B 469 737
1 D 636 796
3 B 277 991
0 A 374 819
4 C 469 450
4 C 469 564
3 B 277 234
1 B 636 796
3 C 277 234
1 B 636 179
0 D 374 369
1 B 636 927
4 B 469 425
4 B 469 622
2 C 262 719
4 D 469 458
0 D 654 819
0 A 654 170
1 C 284 927
4 D 469 622
1 C 237 899
1 C 237 899
1 C 237 899
0 A 877 881
3 D 155 607
3 D 155 694
0 B 877 881
3 D 155 607
0 B 877 881
1 C 472 903
2 C 401 212
3 D 155 607
1 C 472 355
2 C 401 212
3 A 155 607
2 D 401 849
4 C 545 16
0 C 55 881
2 D 401 377
3 B 203 356
2 B 401 397
2 B 401 494
4 B 545 16
1 D 472 319
1 D 472 319
4 C 545 756
3 B 203 356
4 C 545 640
2 B 401 494
4 A 758 16
2 B 597 849
0 D 715 411
4 A 758 640
1 D 676 423
3 C 288 607
4 A 298 606
0 D 270 371
3 B 437 607
3 B 437 212
4 D 894 753
0 C 270 72
1 B 641 859
1 C 87 859
4 D 1009 301
1 A 87 859
3 D 16 336
1 D 87 859
3 D 16 351
0 C 92 241
1 A 87 6
2 D 685 760
2 D 685 961
4 C 1009 641
0 A 398 820
2 C 685 961
1 D 426 337
4 A 1009 526
0 D 398 820
3 D 28 116
4 B 1009 526
3 C 28 351
2 B 685 850
3 C 238 495
2 D 685 850
0 A 398 386
0 C 398 35
0 D 398 339
2 A 1023 961
3 B 238 341
2 C 1023 850
1 A 433 942
1 C 995 942
1 C 995 942
1 B 995 85
3 B 238 483
0 D 932 386
1 D 995 661
3 D 989 145
1 D 995 661
4 D 474 389
1 D 995 661
4 B 474 655
2 C 638 1016
4 A 474 295
4 A 474 9
4 A 474 9
3 D 450 341
0 C 786 603
4 D 569 9
3 D 450 546
0 C 786 233
4 B 912 9
2 D 11 125
0 C 786 233
2 D 11 125
3 D 605 377
2 D 235 513
2 D 235 513
3 A 605 61
0 C 786 603
1 B 590 25
0 D 786 603
4 B 36 863
1 B 590 25
0 D 786 877
3 B 605 61
1 C 590 593
4 C 36 911
4 C 36 59
1 C 590 593
1 C 590 593
2 D 781 106
0 D 782 877
4 B 862 59
1 C 590 593
4 A 862 59
2 D 781 500
3 B 855 930
3 B 184 930
2 D 412 276
3 B 184 460
2 C 412 754
3 A 184 460
3 A 184 460
3 A 184 460
0 B 44 483
3 B 184 840
2 B 412 754
2 B 412 500
4 A 800 667
0 B 44 753
2 C 412 754
0 A 44 733
0 A 44 753
4 A 800 667
4 B 800 858
0 C 908 1008
2 D 356 99
0 C 908 51
4 D 800 300
4 C 800 807
1 B 416 340
2 D 730 754
3 B 401 494
0 A 781 733
3 B 401 508
1 D 845 340
1 D 845 866
3 D 401 527
3 D 401 706
1 C 845 447
0 D 449 1022
3 D 401 398
1 D 845 340
2 D 289 155
2 D 289 155
2 D 289 565
2 B 289 805
0 D 803 188
2 B 289 873
1 C 96 866
1 C 813 447
2 C 289 873
3 B 459 706
2 C 772 873
4 D 808 743
2 D 772 873
4 B 808 743
0 B 803 62
2 D 909 222
4 B 808 743
0 A 803 732
3 B 661 468
4 C 808 743
4 C 808 150
0 A 803 732
3 D 661 709
4 C 32 727
3 D 661 216
4 A 32 853
1 D 372 850
1 D 372 387
3 B 661 650
1 D 372 31
1 D 372 5
3 D 661 709
0 A 371 194
2 D 596 626
0 A 371 732
1 A 372 932
2 D 596 736
4 D 416 727
2 A 596 736
1 B 372 932
0 B 371 45
2 D 596 736
4 C 851 727
0 B 371 45
1 C 453 139
2 A 596 736
2 A 721 736
2 A 721 939
0 A 371 45
3 B 615 894
0 D 371 372
3 B 615 770
2 A 996 726
3 B 615 770
4 C 285 606
4 C 285 812
1 C 641 611
3 B 615 632
2 A 827 939
1 A 641 442
4 B 84 493
4 B 84 493
3 B 568 739
1 B 634 245
2 A 827 995
0 D 353 657
4 B 637 354
4 B 637 354
2 A 827 396
2 A 827 396
2 D 827 314
4 C 637 75
4 D 637 354
0 A 353 757
3 A 874 551
0 A 353 655
1 C 936 766
0 A 353 238
1 C 936 723
4 D 964 610
0 C 353 914
3 A 764 384
3 A 764 384
4 B 964 813
3 C 764 877
3 C 336 384
4 B 964 248
0 C 353 158
3 B 336 877
1 A 70 613
1 A 70 723
1 A 70 983
2 D 286 763
4 A 860 571
1 C 70 983
2 B 286 763
1 C 924 127
4 A 794 571
1 A 924 159
0 C 106 677
3 A 604 763
1 B 924 65
2 B 286 330
2 B 286 330
4 C 794 733
4 C 794 859
4 C 794 517
2 A 357 330
0 C 245 833
4 C 794 409
2 A 357 520
0 C 245 21
0 A 245 21
0 A 245 21
3 A 875 11
2 A 216 354
3 B 875 11
0 C 245 315
1 B 514 425
3 B 875 11
0 A 774 315
1 A 514 987
1 A 514 987
2 A 423 7
0 D 774 315
0 D 774 138
3 D 875 11
2 A 423 223
1 C 514 717
2 A 423 330
2 A 423 223
1 A 514 541
2 D 423 225
3 D 594 918
1 D 514 541
2 D 423 210
3 C 594 11
0 A 468 769
2 D 423 210
2 C 423 330
4 D 479 276
1 B 263 995
4 C 479 276
4 C 479 227
0 A 342 467
4 C 479 227
2 A 432 416
4 C 479 227
0 A 630 359
1 B 1018 280
4 C 479 227
4 C 479 227
0 A 630 116
1 A 627 782
0 C 630 337
4 D 479 32
1 A 627 782
0 C 630 625
1 C 627 517
3 A 552 685
3 A 552 685
1 B 627 514
4 A 142 276
1 B 627 997
3 D 552 685
3 A 552 396
1 C 97 628
3 A 552 396
3 A 552 556
3 A 552 658
0 A 630 625
3 C 552 490
2 A 73 0
2 A 73 477
2 A 397 392
2 D 397 0
3 A 552 378
4 C 378 32
2 A 397 867
4 C 938 137
2 A 634 78
0 A 343 24
4 C 938 231
0 D 343 24
3 B 784 867
0 C 204 1021
2 C 950 392
0 D 204 1021
4 B 54 699
1 C 378 757
4 A 54 981
3 B 874 35
4 A 54 261
4 C 54 261
1 A 378 27
3 C 874 35
1 C 378 196
1 C 378 27
3 A 874 783
3 A 874 885
1 C 378 196
3 B 874 885
1 D 378 100
2 C 1009 969
1 D 949 100
0 A 379 167
1 A 949 261
0 A 379 167
3 C 259 834
4 B 680 403
0 A 379 84
2 C 1009 370
0 D 379 944
4 A 887 775
2 C 1009 370
1 C 820 100
4 A 887 799
2 C 1009 370
0 D 379 380
4 D 887 739
2 C 628 266
0 D 237 394
1 A 319 586
2 B 628 910
3 D 296 671
4 A 502 775
1 A 788 847
2 B 17 384
3 A 710 367
1 A 712 197
3 B 842 367
4 A 899 719
1 D 712 318
3 B 842 367
2 B 509 805
3 B 13 367
3 B 488 705
4 A 939 45
3 B 488 367
2 D 509 14
1 C 712 787
4 A 939 900
2 D 805 143
0 C 468 838
4 A 939 900
2 D 805 482
3 B 179 853
2 A 805 482
0 D 468 598
1 D 712 197
0 D 468 598
3 B 179 18
4 B 939 45
3 A 179 503
4 B 939 576
1 C 712 719
2 B 415 523
0 C 468 204
0 C 468 204
0 C 468 215
0 B 468 865
0 B 468 427
4 A 197 576
0 B 468 215
2 B 963 482
3 A 277 725
3 A 277 172
3 A 988 184
4 A 77 194
4 A 77 194
2 B 77 50
3 A 988 184
3 A 988 831
4 C 77 352
2 B 598 312
3 C 988 831
4 C 55 74
0 B 366 5
2 A 834 384
0 A 366 662
4 C 55 74
1 C 653 549
4 A 55 74
2 C 834 157
1 D 653 826
0 A 84 662
1 D 653 549
2 C 834 82
0 B 84 1010
2 C 834 585
0 B 84 211
1 C 653 838
2 B 491 730
2 C 491 837
0 C 84 369
1 C 653 463
1 C 653 838
1 C 653 838
1 C 653 754
1 C 653 549
3 A 553 315
3 A 342 315
1 D 986 754
4 D 435 18
3 A 342 65
0 B 423 83
4 D 435 18
3 C 342 75
0 A 392 787
3 C 342 337
4 D 435 610
1 C 381 838
0 B 392 787
4 D 435 610
0 B 392 440
2 D 123 873
4 C 435 610
3 D 252 195
4 D 435 72
2 D 482 903
4 D 435 610
0 B 127 399
1 C 615 195
2 A 482 903
4 B 435 76
2 D 482 903
2 B 482 750
4 A 286 18
2 A 482 388
2 A 482 750
1 C 784 536
1 C 784 536
0 B 192 223
1 C 878 258
4 A 954 281
1 C 878 195
3 C 442 259
0 B 192 223
2 A 960 969
1 B 878 66
0 B 254 96
4 C 954 235
0 B 254 223
1 A 878 66
4 A 954 946
2 A 590 487
0 D 254 223
3 D 442 80
3 C 442 28
4 B 954 946
3 C 442 352
2 B 590 487
2 B 590 967
3 C 442 352
1 D 878 66
1 D 878 635
1 D 878 879
2 B 590 831
3 D 954 352
1 D 881 785
0 D 351 225
0 D 351 223
2 B 590 585
3 A 954 453
4 D 100 957
2 C 351 967
1 A 861 654
0 C 205 160
1 D 122 654
0 B 454 346
3 B 922 975
3 B 922 453
4 D 485 151
1 C 546 913
3 C 922 901
2 C 351 83
4 C 485 319
3 C 630 901
0 D 216 178
3 C 630 901
4 A 485 319
0 A 216 485
0 A 216 178
4 C 485 319
4 C 485 319
2 C 293 83
3 D 630 975
1 C 565 605
4 C 363 26
4 B 1013 194
1 C 565 659
0 D 206 788
0 D 206 295
1 C 565 659
0 B 206 295
1 C 565 659
2 D 236 291
2 D 236 930
1 C 729 659
0 C 420 572
3 B 988 734
0 C 420 572
4 A 183 335
2 B 236 46
4 A 183 335
0 C 876 827
3 D 739 871
0 C 876 305
4 C 183 806
3 D 739 871
3 D 739 521
2 D 236 837
4 C 589 806
2 D 236 275
3 A 739 963
4 B 589 17
2 D 236 46
1 D 284 593
1 D 284 586
4 C 589 176
3 D 739 734
0 D 320 475
0 D 594 787
2 D 302 275
0 A 875 787
3 C 805 796
1 A 983 538
1 A 983 538
1 A 983 227
1 A 983 537
1 B 983 227
2 B 233 941
0 B 58 191
1 B 417 537
2 B 388 941
1 B 417 976
2 B 388 779
4 A 157 240
2 C 388 687
4 A 157 275
2 C 388 779
4 C 157 111
2 C 388 246
0 D 308 973
1 B 65 446
1 B 65 227
4 C 157 275
3 C 128 436
4 C 157 111
4 D 157 111
1 B 65 446
2 B 89 411
2 B 89 209
4 D 157 154
4 D 157 240
0 A 308 973
3 C 128 754
1 D 628 94
0 A 814 699
3 D 128 754
0 A 761 262
3 D 635 754
3 D 635 557
0 D 761 262
2 C 207 70
0 D 761 203
3 D 613 173
3 D 613 255
3 A 613 436
0 D 761 809
4 B 478 543
2 B 2 174
4 C 478 543
2 B 164 176
2 B 164 174
1 C 959 520
3 A 157 900
1 D 959 520
4 C 202 57
3 C 157 922
3 C 157 496
0 B 732 391
2 D 36 29
1 D 959 520
3 C 157 154
0 B 732 773
2 B 241 187
1 B 959 473
1 B 959 520
1 C 959 362
4 C 813 543
0 B 732 51
1 C 959 960
3 B 157 154
0 D 732 707
4 B 813 764
1 C 959 960
4 B 701 331
1 C 959 520
0 C 732 707
3 C 157 839
0 C 732 391
2 B 993 238
2 B 993 322
0 B 732 773
4 B 216 674
1 B 940 462
2 B 494 586
2 B 494 1022
2 B 494 586
3 C 651 618
4 B 814 303
4 B 318 181
3 D 651 1013
2 A 494 586
1 B 15 143
1 A 15 143
3 B 651 278
2 D 494 484
1 A 580 143
1 A 580 804
3 C 621 981
4 B 438 817
4 B 438 817
0 C 718 959
3 D 621 981
4 A 438 289
3 D 621 981
4 B 438 425
1 C 193 579
4 B 438 348
4 B 438 425
0 D 718 17
0 D 718 17
2 D 845 497
4 A 438 425
3 C 621 756
0 D 718 91
0 D 718 91
0 D 718 91
1 B 193 16
0 A 718 689
1 C 193 16
1 C 193 467
1 C 316 190
2 B 476 766
4 B 747 163
2 B 178 852
2 B 178 766
4 A 747 505
2 B 178 690
2 B 178 451
4 C 747 505
0 A 490 524
3 C 52 811
4 B 747 769
3 C 52 724
2 C 178 451
4 C 747 769
3 C 52 811
1 C 363 323
0 B 156 340
3 B 52 302
2 C 134 852
3 C 52 302
3 C 52 302
3 C 52 75
2 C 134 451
3 A 52 75
0 D 494 75
2 B 134 173
1 C 763 276
4 B 790 887
4 B 358 887
3 C 793 75
0 D 494 493
1 D 763 276
4 C 358 887
2 B 611 249
1 B 763 244
1 B 763 244
1 D 763 276
0 B 322 475
1 A 763 4
4 C 906 777
4 D 906 377
1 C 763 276
0 B 285 615
0 B 285 17
2 D 776 636
1 A 763 644
0 B 285 475
3 A 239 135
2 D 776 636
3 A 386 977
3 A 386 135
4 B 906 887
0 A 57 349
2 A 776 249
3 A 386 232
0 A 57 258
3 C 133 232
1 A 267 781
4 B 801 1013
3 C 769 389
0 C 353 592
1 D 218 781
2 D 555 759
0 B 701 62
1 A 218 324
4 B 992 830
1 C 978 268
3 D 473 232
4 C 992 119
1 C 743 324
4 D 992 850
2 C 355 980
4 D 992 1023
4 D 992 1013
0 B 603 286
2 C 266 980
3 C 333 894
4 C 992 218
2 B 266 258
2 B 266 980
3 C 856 281
0 B 603 760
3 D 856 281
0 B 603 664
2 A 258 429
0 B 603 664
2 D 258 980
0 D 603 664
1 C 893 664
3 D 142 306
3 D 142 281
2 D 738 284
3 A 142 306
2 D 685 373
1 C 167 451
1 B 167 451
1 B 167 770
3 A 861 369
4 D 585 659
2 C 378 429
3 A 584 306
3 A 584 369
4 A 585 192
1 D 167 431
2 C 378 797
1 D 218 451
1 A 218 216
4 A 585 596
3 A 676 858
3 A 676 807
1 A 218 216
3 A 676 858
1 A 218 451
4 B 585 492
0 B 373 508
4 B 585 492
3 C 676 591
0 B 373 6
1 A 218 431
4 A 67 540
0 C 373 196
4 A 209 950
3 C 255 675
0 A 373 627
2 A 195 630
2 A 287 261
0 A 373 196
0 A 373 196
0 B 373 196
2 A 287 58
4 C 575 68
0 B 373 508
2 A 287 58
2 A 287 58
3 C 715 128
2 A 287 58
1 D 153 293
1 D 153 413
3 A 622 128
4 C 842 435
1 C 153 413
1 C 153 916
1 C 153 916
4 C 842 576
1 C 153 287
3 B 872 967
4 C 842 801
2 A 484 527
2 A 484 609
1 A 153 287
0 D 843 493
2 A 484 527
2 A 484 146
0 A 843 719
1 C 153 358
1 C 610 208
4 B 842 821
4 A 842 435
2 A 484 483
0 A 843 660
2 C 29 483
4 B 22 801
0 A 682 660
3 A 405 846
3 B 405 171
3 B 405 928
0 A 162 660
3 B 405 928
4 B 740 801
0 A 162 947
3 C 405 928
1 D 545 541
3 A 405 402
4 B 961 9
4 C 961 801
3 A 405 402
0 B 162 660
4 C 961 658
0 B 162 426
4 A 961 763
2 D 14 98
0 B 625 685
1 D 408 696
0 B 625 165
1 D 408 696
0 B 625 685
1 D 408 696
4 A 961 990
1 B 408 249
1 B 408 249
2 D 572 497
0 C 294 426
1 A 408 249
3 A 923 557
3 B 923 557
2 A 733 497
3 B 923 557
3 B 923 924
1 A 167 792
2 C 733 497
1 C 167 103
2 B 733 963
2 B 733 963
2 B 733 497
3 A 84 924
2 B 733 497
3 A 84 557
1 C 984 792
1 C 984 455
0 C 773 922
4 D 808 166
4 A 808 166
0 C 773 922
3 D 322 83
2 A 826 107
1 C 79 103
0 C 773 672
4 B 808 948
2 A 826 963
4 B 808 727
4 A 808 727
1 C 859 428
0 D 151 672
0 C 151 672
2 D 826 107
0 C 151 672
1 C 859 935
2 D 826 267
2 D 826 829
4 D 523 727
3 C 124 440
3 C 223 189
3 C 223 767
0 A 662 890
4 B 88 727
3 A 223 767
1 D 677 48
4 B 601 44
4 B 601 1012
4 C 601 1012
3 D 223 3
2 A 753 729
3 D 223 767
3 D 223 767
4 A 601 553
1 D 925 374
1 D 925 804
1 D 269 374
4 B 693 582
3 A 954 160
0 A 441 387
1 D 269 858
2 A 753 758
2 A 753 758
0 A 844 973
1 D 269 858
3 B 954 767
4 C 496 71
3 A 430 738
0 B 844 846
1 D 269 982
0 C 844 846
0 C 844 446
1 B 269 610
2 A 750 729
0 B 41 843
1 B 269 242
3 B 819 957
4 C 630 682
3 B 960 171
1 B 656 610
4 C 209 750
0 B 364 54
2 D 236 785
0 B 620 436
4 C 209 402
3 B 92 812
4 C 209 402
4 C 209 402
0 A 620 118
3 C 92 991
0 D 620 371
1 B 746 655
0 A 620 371
1 B 440 330
3 C 926 771
0 D 620 627
1 B 440 646
3 D 926 771
2 D 249 735
3 D 926 812
4 C 454 174
2 A 249 735
1 B 613 757
4 C 454 605
2 B 249 735
3 D 926 67
1 D 613 757
1 D 613 423
1 B 613 674
1 B 613 757
1 B 613 674
4 C 1007 521
2 B 502 262
4 C 1007 441
3 D 664 993
4 C 1007 441
2 B 666 262
0 D 245 423
2 C 666 779
4 C 33 912
0 D 351 423
2 C 666 687
4 C 33 912
2 C 666 489
0 D 351 885
2 C 666 645
4 C 33 912
0 D 351 66
0 D 351 66
3 D 586 871
0 D 351 66
0 D 351 266
3 D 172 623
0 D 351 266
3 D 172 623
0 D 351 160
4 C 822 912
4 C 822 94
4 C 822 914
3 D 172 871
total time of producer and consumer measured by clock(2):
producer takes -411766480 clicks 21063.070312 seconds.
consumer takes 1490000 clicks 1.490000 seconds.
total time of producer and consumer measured by time(2):
producer takes 743.000000 seconds.
consumer takes 0.000000 seconds.
real	0m51.599s
user	23m57.052s
sys	0m3.979s
