1 B 180 210
2 A 939 940
0 B 902 921
3 B 771 796
4 A 348 347
2 C 394 501
0 B 850 845
1 A 176 183
2 B 747 756
0 B 580 603
4 C 37 422
3 B 850 845
1 C 884 779
2 D 956 579
4 C 12 115
0 C 95 32
3 A 59 60
2 B 775 792
1 D 176 335
0 A 351 344
4 D 351 160
3 C 987 932
4 D 351 160
2 C 324 315
1 B 874 885
0 D 608 927
3 A 331 332
4 D 539 996
2 C 940 979
0 D 409 102
1 C 480 415
4 B 492 499
2 A 970 973
3 B 276 267
4 A 353 358
2 A 26 29
0 D 109 994
0 D 109 402
3 D 210 301
4 C 691 716
2 A 125 122
1 D 436 75
0 A 124 123
3 B 556 563
1 B 436 75
4 B 863 832
2 B 419 444
1 B 633 614
0 C 818 845
3 A 970 973
2 A 441 446
0 A 818 845
4 D 320 191
0 A 902 897
1 D 740 795
2 D 267 244
3 A 110 105
4 C 150 233
3 A 110 105
4 C 150 233
1 B 187 164
0 C 408 487
3 B 819 812
2 B 357 378
4 D 680 855
0 C 408 487
4 B 680 855
2 C 1001 918
3 A 229 226
4 B 505 486
0 B 783 784
3 A 284 283
1 D 349 162
1 D 349 162
4 A 128 135
2 D 293 218
0 B 330 341
3 B 647 664
2 D 293 218
0 B 856 839
1 A 848 855
4 D 736 799
3 B 915 908
2 D 1020 515
0 B 269 274
4 D 736 799
3 D 62 449
1 C 780 883
0 D 696 839
2 A 366 361
4 C 194 189
0 A 174 169
3 C 556 595
2 B 261 282
1 C 869 794
3 C 556 595
0 B 47 48
4 C 724 683
1 B 286 257
1 B 286 257
4 B 724 683
0 A 263 256
3 D 44 467
2 B 67 92
4 B 589 594
3 D 44 467
1 D 934 601
0 D 921 614
3 B 400 399
2 D 236 275
4 A 434 437
1 D 403 108
2 D 236 275
3 B 64 95
4 A 712 719
0 B 738 765
1 A 836 835
0 B 738 765
1 A 836 835
2 C 1016 903
2 C 1016 903
1 A 210 213
3 C 330 309
0 C 378 261
4 A 669 666
3 C 330 309
2 A 155 156
0 B 743 760
3 B 873 886
1 D 584 951
4 A 179 180
0 C 544 607
1 B 584 951
2 C 382 257
0 A 544 607
2 C 382 257
0 A 584 591
1 B 377 358
3 A 11 12
2 B 204 211
1 C 680 727
0 A 995 996
3 D 78 433
4 C 213 170
2 B 263 280
1 B 438 425
3 B 214 201
4 A 719 712
4 B 719 712
4 B 85 74
2 C 494 401
0 A 855 848
0 A 855 848
3 B 786 781
1 B 399 720
3 B 786 781
2 A 128 135
0 B 402 397
4 C 227 156
1 D 922 613
3 D 679 856
2 B 439 424
1 B 847 848
4 C 289 350
3 D 679 856
4 C 289 350
0 B 430 433
1 D 278 233
2 D 897 638
3 C 970 949
4 D 484 27
0 D 472 39
2 A 259 260
1 D 386 125
1 D 386 125
3 D 917 618
4 D 858 677
1 D 66 445
2 C 324 315
4 B 66 93
0 D 992 543
2 B 141 146
3 A 920 927
0 A 992 543
4 B 872 887
0 A 82 85
1 A 856 863
3 C 1005 914
0 C 387 508
2 D 328 183
4 A 574 569
2 B 328 183
1 B 225 254
2 B 521 534
3 B 924 899
3 B 924 899
2 A 40 47
4 A 746 586
0 D 76 435
0 C 76 435
4 B 687 688
0 C 403 492
1 D 69 442
3 C 506 389
2 D 761 774
4 A 301 298
2 A 761 774
1 C 954 965
3 C 479 416
0 B 222 193
2 A 201 206
4 B 988 963
1 B 964 987
0 A 43 44
3 A 356 355
0 A 43 44
2 C 625 526
4 C 981 274
2 C 625 526
4 C 981 938
1 A 116 115
3 D 496 15
0 C 309 330
2 B 13 18
4 C 799 864
1 A 502 497
0 B 516 539
3 C 223 160
3 C 223 160
2 D 431 80
4 D 994 541
1 D 419 92
3 A 468 467
0 C 434 461
4 A 994 541
2 B 158 129
4 A 627 628
3 B 42 53
1 D 32 154
1 B 32 479
2 C 1 748
0 B 718 721
3 B 232 247
2 C 1 126
4 B 763 740
1 B 109 114
3 B 587 596
0 A 632 639
2 B 475 452
1 D 846 689
4 A 953 958
1 D 846 689
3 A 331 332
2 A 405 402
0 D 43 468
1 A 273 278
0 A 43 468
4 D 91 675
3 C 190 193
0 A 364 363
4 D 91 420
1 D 719 816
0 C 770 893
4 D 274 237
3 C 95 32
2 D 427 181
4 D 274 237
1 B 698 677
0 C 151 232
2 B 234 245
3 C 251 132
4 D 610 925
4 B 405 925
2 A 438 433
0 C 159 224
1 C 75 879
1 C 75 52
0 A 159 224
3 A 97 102
4 A 283 284
2 B 403 396
2 B 403 396
3 B 13 18
0 D 346 675
1 C 575 683
0 D 346 165
1 C 575 576
2 D 822 713
3 A 708 707
0 B 853 842
1 B 186 165
4 A 512 519
2 A 750 745
1 B 186 165
0 C 817 846
4 C 663 744
2 A 79 72
0 C 817 846
3 C 571 580
2 B 174 177
0 B 646 665
4 D 1005 530
3 B 194 221
1 D 419 92
2 B 747 756
1 D 419 92
4 B 107 116
0 D 760 775
3 C 704 703
1 D 789 746
0 A 836 835
4 D 208 303
2 A 393 398
1 D 789 746
4 A 675 676
0 A 515 516
3 A 79 72
0 A 515 516
2 D 886 649
4 A 774 769
1 D 711 824
3 C 433 462
1 B 711 824
0 C 436 71
4 B 913 910
1 B 543 512
3 B 710 729
0 A 436 459
2 B 268 275
2 B 268 275
0 A 113 118
4 C 46 81
3 D 1023 512
1 D 956 579
4 A 948 947
3 D 1023 512
2 D 329 182
0 D 720 815
1 C 537 614
3 C 7 120
4 D 137 374
2 A 545 550
0 D 141 370
1 D 88 423
3 C 621 530
4 A 997 994
2 A 276 275
1 B 260 283
0 C 704 703
3 C 85 42
4 D 172 339
1 B 770 797
2 A 588 587
3 B 211 204
0 B 117 106
0 B 117 106
1 D 405 106
2 C 92 35
1 D 405 106
2 D 92 35
3 B 548 571
4 B 787 780
0 B 406 393
4 B 955 932
2 D 671 139
3 C 926 993
1 B 957 930
0 D 148 363
2 A 549 546
4 C 802 861
1 D 422 89
3 C 337 302
0 B 500 491
2 D 988 547
4 C 114 13
0 A 968 975
2 D 988 547
4 C 114 13
1 D 901 634
1 D 901 634
4 A 790 785
3 D 100 411
0 B 184 167
2 C 55 72
1 A 835 836
4 A 633 638
2 D 55 72
0 B 123 100
3 D 291 38
4 C 677 730
2 A 491 492
3 D 291 220
1 B 805 826
4 C 677 730
2 D 793 742
0 B 226 253
1 D 331 180
3 D 292 219
4 D 836 699
2 B 700 675
2 B 700 675
4 B 161 699
0 C 949 970
3 B 22 9
4 C 333 306
0 B 770 797
2 A 716 715
1 D 395 301
1 D 395 116
0 D 451 60
3 D 416 95
1 A 534 529
4 D 340 171
2 B 218 197
2 B 218 197
1 B 313 294
0 D 708 827
4 A 359 352
3 D 816 579
0 D 708 827
1 B 790 777
2 C 26 101
4 D 98 413
3 A 879 872
0 D 719 816
1 A 371 372
0 C 719 816
3 A 78 73
0 C 600 551
1 C 174 209
2 D 497 14
4 D 854 681
1 A 617 622
4 A 854 681
3 B 565 554
4 A 86 81
2 C 876 787
1 A 17 22
2 B 876 787
0 D 925 554
4 B 457 470
1 A 58 61
2 B 296 311
0 C 925 610
3 C 243 140
4 C 183 200
0 C 974 945
1 C 28 99
2 B 245 234
4 B 882 877
0 A 30 25
3 B 966 985
1 C 31 96
2 B 541 514
1 C 31 96
4 A 824 831
0 B 538 517
2 A 744 751
4 B 334 337
1 D 388 123
3 D 12 499
0 A 601 606
2 D 805 730
4 A 645 642
2 D 805 730
1 A 711 704
3 D 95 416
0 C 940 979
2 D 26 485
4 D 430 81
1 C 797 866
3 C 772 891
1 C 797 866
2 B 311 296
0 C 91 36
4 A 323 324
3 D 232 279
1 B 772 795
0 C 91 36
2 A 20 19
3 A 789 786
4 B 670 641
3 B 698 677
1 C 708 844
4 B 692 683
0 A 790 785
1 A 708 699
1 A 983 976
2 A 299 300
4 B 936 951
0 B 912 911
3 A 964 963
1 A 145 150
2 A 2 5
0 B 584 599
1 B 785 782
4 D 904 631
2 B 886 873
3 B 553 566
4 A 904 631
3 B 553 566
4 A 700 699
2 B 547 572
0 D 201 646
3 C 994 925
1 C 443 452
4 B 71 88
0 D 961 574
3 C 587 564
2 B 278 265
1 C 282 357
0 B 961 574
4 B 290 317
3 A 962 965
3 A 962 965
2 A 870 865
0 B 751 752
2 A 870 865
4 B 435 428
1 A 55 48
3 B 237 242
0 A 471 464
4 B 229 250
2 C 936 983
1 D 591 944
0 B 129 158
3 D 31 480
1 C 591 944
3 A 31 480
2 C 244 139
4 A 825 830
3 A 151 144
1 C 555 596
0 A 853 850
2 A 782 777
1 D 555 596
4 D 987 548
3 B 977 974
2 B 504 487
4 D 987 548
1 B 529 526
3 D 430 81
4 D 393 118
0 D 909 626
2 A 831 824
2 A 831 824
1 C 293 346
3 C 861 802
4 D 600 935
0 C 545 606
2 C 696 711
3 A 661 658
4 A 489 494
1 C 232 151
2 C 696 711
1 C 232 151
0 B 186 165
2 B 939 948
4 C 974 945
3 B 875 884
1 B 384 415
4 C 974 945
2 B 750 753
0 A 418 421
3 D 127 384
1 A 335 328
4 A 351 344
3 D 127 384
0 A 512 519
2 C 788 875
1 B 308 299
2 B 788 875
4 D 275 236
4 D 275 236
2 B 347 324
1 B 254 225
0 B 338 333
2 D 347 324
3 C 926 993
1 B 153 134
4 D 164 47
2 D 420 91
0 D 579 956
3 D 1013 522
4 D 53 458
0 D 579 956
2 A 262 257
1 B 970 981
3 B 933 954
4 A 561 566
0 A 177 182
2 A 432 439
1 A 405 402
4 A 602 605
0 C 644 763
2 D 135 820
4 B 57 38
3 A 8 15
1 D 962 573
0 B 831 800
1 B 962 573
2 A 841 846
3 A 196 195
0 B 266 277
1 A 681 686
3 B 640 671
2 A 630 625
4 B 905 918
1 A 260 259
3 A 146 149
0 B 127 96
2 D 982 553
1 A 287 280
4 A 787 788
2 C 982 553
0 C 486 409
3 A 700 699
1 B 405 394
0 C 486 409
2 C 761 785
4 B 634 613
3 D 762 264
0 B 88 71
3 C 762 773
1 C 495 400
2 A 195 196
4 B 316 291
0 B 970 981
0 B 970 981
1 A 205 202
3 D 218 195
3 D 218 293
2 D 478 33
4 A 446 441
1 D 494 17
3 D 25 486
0 B 555 564
2 A 157 154
4 C 551 600
3 B 984 967
0 C 196 187
2 B 380 355
3 B 984 967
0 C 196 187
1 D 29 482
2 A 186 189
1 D 29 482
3 A 766 761
4 C 409 486
0 C 799 864
1 A 6 1
2 B 418 445
0 B 799 864
3 A 433 438
2 A 58 61
0 D 408 103
3 B 822 809
4 A 518 513
1 D 914 621
1 C 914 621
2 B 199 216
4 B 592 591
1 C 418 477
3 C 566 585
0 A 822 817
4 B 910 913
2 C 572 579
3 A 99 100
2 B 572 579
0 B 524 531
1 B 235 244
2 B 968 983
3 A 42 45
4 A 65 70
1 B 323 348
3 A 671 664
2 D 912 623
4 C 722 685
0 D 264 247
1 C 742 665
0 A 533 530
2 B 5 944
1 C 742 665
2 B 5 26
3 D 931 604
0 C 427 468
3 C 931 604
1 D 11 500
2 A 814 809
4 C 761 646
3 C 17 110
0 A 9 14
1 C 968 951
4 C 170 213
2 D 359 152
3 D 973 562
4 B 10 21
1 C 441 454
0 D 494 17
0 B 557 17
1 A 796 795
3 A 788 787
2 D 790 745
2 D 790 745
4 C 798 865
0 C 957 962
4 C 798 865
0 C 957 962
3 D 335 176
1 C 933 986
4 A 965 962
0 A 623 616
2 A 386 389
4 A 377 382
1 A 57 62
0 C 864 799
2 C 324 315
3 D 509 2
0 B 841 854
1 D 69 442
4 D 561 974
2 B 362 373
3 D 576 959
0 B 532 523
1 C 756 651
4 A 802 805
3 D 576 959
total time of producer and consumer measured by clock(2):
producer takes 489660000 clicks 489.660004 seconds.
consumer takes 30000 clicks 0.030000 seconds.
total time of producer and consumer measured by time(2):
producer takes 117.000000 seconds.
consumer takes 0.000000 seconds.
real	1m1.845s
user	4m7.111s
sys	0m0.066s
