0 A 336 343
1 C 182 201
2 B 27 4
1 C 182 201
3 C 553 598
0 B 306 301
4 D 50 461
1 D 86 425
2 C 686 721
0 C 817 846
3 D 19 492
4 B 331 340
1 C 347 292
2 D 850 685
0 C 255 128
3 A 669 666
4 B 787 780
2 A 922 925
1 B 591 226
4 A 280 287
3 C 93 34
1 B 957 930
3 C 93 34
0 B 657 654
4 B 661 650
2 D 653 882
3 A 5 2
2 D 653 882
4 B 222 193
0 C 47 80
1 D 797 738
0 C 47 80
1 D 797 738
3 D 898 637
2 A 499 500
1 B 509 482
4 C 322 317
0 D 955 580
3 C 699 708
0 D 955 580
2 A 250 253
1 C 39 88
3 A 987 988
0 D 595 940
1 D 39 88
2 A 123 124
0 D 595 940
3 B 733 706
4 B 990 961
3 B 733 706
4 B 990 961
2 A 511 504
1 D 408 103
0 A 325 322
4 C 36 91
3 D 305 206
1 C 352 287
2 C 398 497
0 A 945 950
3 A 547 548
2 A 398 497
4 A 631 624
1 B 648 663
4 A 631 624
2 A 318 313
0 B 304 303
3 B 816 815
1 C 160 346
4 D 853 682
0 D 124 387
2 C 937 982
3 A 676 675
0 B 423 440
1 A 706 709
2 C 397 498
4 B 961 990
3 A 236 235
0 A 940 939
2 C 397 498
3 A 662 657
1 D 387 124
4 A 965 962
2 B 579 604
1 D 387 124
0 A 134 129
4 B 812 819
1 A 586 589
2 A 688 695
3 C 22 779
4 C 685 722
0 D 900 635
1 D 353 158
3 B 151 136
2 C 63 64
0 D 919 616
0 D 919 616
1 D 446 65
4 C 684 723
2 C 895 768
1 B 446 65
4 C 684 723
4 C 488 407
0 C 1021 898
1 C 211 172
3 C 959 960
2 B 740 763
1 C 211 172
4 B 637 610
3 C 959 960
1 B 984 967
2 A 951 944
3 A 319 312
0 D 498 585
4 A 75 76
0 B 498 13
1 B 20 11
2 A 54 49
0 B 131 156
3 D 958 577
1 B 810 821
2 A 633 638
4 D 472 908
3 A 590 585
0 C 5 122
4 A 472 39
1 C 88 39
3 A 471 464
4 A 240 247
2 A 484 483
0 C 227 596
4 A 707 708
1 A 200 207
0 C 227 156
3 A 243 244
2 D 39 472
4 A 380 379
2 D 39 472
0 A 140 139
0 A 140 139
1 C 350 289
1 C 350 289
3 D 328 47
4 B 704 735
0 A 122 125
2 D 194 317
1 A 313 318
2 D 194 317
4 A 367 360
3 D 326 185
0 B 109 114
1 A 386 389
2 B 536 519
1 B 807 824
0 A 308 307
4 C 23 104
3 B 640 671
1 B 96 127
2 D 68 443
4 C 575 576
0 D 463 48
3 B 378 357
2 D 1023 512
1 D 754 781
4 A 788 787
0 D 677 858
3 D 507 4
1 C 647 760
0 D 677 858
2 A 1007 1000
4 C 774 889
0 A 206 201
4 C 774 889
3 A 595 596
2 D 222 289
2 D 222 289
0 D 739 796
3 B 687 688
1 D 109 402
4 D 593 942
1 D 109 402
0 A 847 840
4 D 593 942
2 A 699 700
3 B 481 510
1 C 679 728
2 A 686 681
1 C 679 728
0 D 247 962
3 D 345 166
0 D 247 264
4 D 381 130
1 A 218 221
2 C 392 503
3 D 964 571
0 D 1015 520
2 A 508 507
4 D 99 412
1 A 723 724
4 C 99 412
2 B 353 382
3 D 127 422
0 B 266 277
3 B 127 384
4 D 72 936
3 B 755 748
2 D 977 558
0 B 156 131
4 B 72 439
3 B 973 978
4 B 562 557
1 B 276 267
2 C 238 145
3 A 89 94
0 D 707 828
4 B 642 669
0 D 707 828
2 C 363 276
3 C 182 201
0 C 52 75
1 C 461 434
2 C 665 742
4 D 760 775
0 C 241 142
3 C 433 462
4 D 760 775
1 D 569 966
2 A 554 557
3 A 122 125
4 D 1003 532
0 B 273 270
4 B 1003 532
2 C 865 798
4 B 814 817
1 D 410 351
3 A 145 150
1 D 410 101
0 B 602 581
2 C 91 36
4 A 238 233
1 D 932 603
1 D 932 603
3 A 189 186
0 A 7 0
0 A 7 0
3 A 253 250
4 A 613 610
2 D 911 624
0 B 413 386
2 A 911 624
1 A 482 485
3 A 440 447
4 C 919 1000
2 A 679 672
0 B 909 914
1 A 476 475
4 A 919 1000
1 A 476 475
4 A 632 639
3 A 728 735
0 B 215 200
2 A 2 5
3 A 915 916
1 D 620 887
0 C 145 238
4 D 35 476
1 B 620 915
2 A 491 492
3 A 972 971
0 B 276 267
1 B 906 917
4 B 906 917
3 B 695 167
2 D 831 365
1 C 938 981
0 B 850 845
4 C 120 7
2 A 153 158
3 D 292 219
1 C 792 871
4 B 303 304
3 D 292 219
0 D 633 902
1 A 937 942
2 A 452 451
0 D 633 902
3 C 623 528
3 C 623 528
1 A 614 609
0 B 689 686
4 D 544 397
3 B 397 402
1 B 730 709
4 B 544 991
3 A 676 675
4 B 249 230
1 A 436 435
2 B 441 422
0 D 189 322
0 D 189 322
4 A 919 912
3 C 161 760
1 C 197 186
2 D 364 147
4 A 62 57
3 A 483 484
2 D 364 147
1 A 605 602
0 D 716 819
4 C 244 139
3 A 815 808
2 D 727 808
0 A 257 262
1 C 783 880
4 C 959 960
2 C 606 545
1 A 22 17
0 D 993 542
3 A 169 174
3 A 169 174
4 B 898 1020
0 B 993 542
0 B 985 966
3 A 518 513
1 C 135 248
2 D 1001 534
4 B 307 300
2 C 1001 534
3 A 746 749
4 A 859 860
0 D 974 501
2 C 307 332
0 D 974 561
4 B 159 128
2 A 307 332
1 B 527 528
0 B 204 211
2 A 11 12
2 A 11 12
3 C 932 987
1 A 927 920
4 C 880 783
3 C 811 852
4 C 880 783
0 C 147 236
2 D 729 806
3 B 862 833
1 D 149 362
2 D 729 806
4 A 682 685
0 D 293 218
1 B 935 952
0 A 293 218
0 A 975 968
3 D 242 447
1 C 315 324
2 B 887 872
1 B 658 653
0 C 15 112
4 C 729 678
2 A 366 361
2 A 366 361
4 A 729 678
3 D 13 498
3 C 13 498
0 A 298 301
4 A 770 773
2 C 2 125
1 B 973 978
0 C 180 203
3 D 393 868
0 C 180 203
3 D 393 118
2 A 299 300
2 A 299 300
1 C 678 729
3 A 204 203
4 C 722 685
0 C 296 343
1 D 697 838
2 B 526 529
4 D 898 637
3 D 110 401
0 C 705 702
3 C 110 401
4 D 898 637
1 A 907 908
2 A 584 591
3 A 563 564
0 D 848 687
4 A 531 532
1 A 176 183
0 D 848 687
2 A 629 626
3 D 332 179
4 B 703 672
3 D 332 179
0 C 171 212
2 C 92 35
3 B 331 340
1 D 403 108
4 A 13 10
0 B 73 86
2 D 15 496
1 A 635 636
3 C 139 244
2 D 15 496
0 D 707 828
4 B 940 947
3 A 139 244
0 D 707 828
3 A 687 680
4 B 185 166
0 A 987 988
2 A 324 323
3 A 647 640
4 B 555 564
0 B 966 985
1 D 428 83
2 D 989 546
0 B 782 785
4 D 666 869
1 A 448 455
3 B 854 841
3 B 854 841
2 C 46 81
0 B 307 300
1 C 544 607
3 C 341 298
4 C 299 340
2 A 104 111
0 D 129 382
1 D 615 920
4 C 767 640
3 D 465 46
0 B 450 477
3 C 465 46
1 B 583 600
2 B 555 564
4 C 600 551
0 A 840 847
4 C 600 551
3 D 948 587
2 B 753 750
1 D 354 157
4 B 934 953
3 A 948 587
0 B 478 449
1 A 886 881
3 A 290 293
4 A 793 798
0 A 686 681
3 A 660 659
1 A 91 92
2 B 382 353
4 A 772 771
0 B 95 64
1 A 639 632
2 B 87 72
3 C 650 757
4 B 333 338
3 C 650 757
0 D 161 350
2 C 854 809
3 C 609 542
4 D 661 874
0 C 882 781
4 D 661 874
1 D 761 774
3 B 276 267
2 B 168 183
4 A 383 376
1 B 349 322
0 D 805 730
3 B 134 153
4 B 804 827
2 D 807 728
0 B 409 390
3 A 957 954
2 C 807 728
4 A 918 913
0 A 897 902
1 B 658 653
3 B 718 721
2 D 547 7
4 C 466 429
0 D 585 950
3 B 151 136
1 B 72 87
2 B 274 269
0 D 585 950
1 A 26 29
4 D 29 211
2 A 354 357
1 A 664 671
4 D 29 482
0 D 258 485
3 B 815 816
2 D 243 268
4 C 767 640
0 A 703 696
1 C 674 733
1 C 674 733
2 B 889 870
4 D 261 250
0 C 823 840
4 D 261 250
0 C 823 840
3 C 361 278
2 A 422 417
1 D 658 553
4 D 796 739
0 D 689 846
4 D 796 739
0 D 689 846
3 D 763 772
2 C 63 64
1 D 689 846
4 D 426 85
3 A 963 964
1 D 689 846
2 D 978 557
4 A 229 226
0 A 765 762
3 A 658 661
1 D 872 663
4 B 697 678
2 D 704 831
0 B 915 908
1 A 954 957
3 B 259 284
2 B 704 831
4 B 916 907
0 A 862 857
2 B 434 429
1 C 289 350
3 A 646 641
4 C 496 399
0 B 54 41
2 D 843 692
3 D 465 46
4 A 680 687
1 B 660 651
0 C 795 868
2 C 855 808
0 C 795 868
2 C 855 808
3 A 141 138
0 A 375 368
1 A 713 718
3 B 934 953
4 C 169 214
2 C 684 723
0 D 576 959
4 C 761 646
2 B 285 258
1 C 240 675
1 B 240 143
4 A 485 482
0 D 594 763
1 B 349 322
2 B 382 353
0 A 594 941
0 A 683 684
4 A 482 485
3 C 830 833
1 A 199 192
3 B 830 833
2 B 188 163
4 B 954 933
0 A 412 411
1 B 94 65
3 B 635 612
2 A 887 880
4 A 879 872
0 A 803 804
3 A 467 468
4 B 879 872
0 A 803 804
1 D 212 299
4 B 169 182
1 D 212 299
0 A 723 724
3 B 15 16
0 A 723 724
4 B 679 696
1 B 830 801
0 B 885 874
2 A 104 111
3 B 50 45
4 A 58 61
1 A 40 47
2 A 146 149
3 A 177 182
0 A 445 442
4 A 456 463
2 A 775 768
3 B 595 588
1 D 250 261
0 D 338 173
1 D 250 261
4 A 941 938
3 B 346 325
0 B 338 173
2 B 311 296
0 B 552 567
4 C 635 516
1 A 902 897
1 A 902 897
3 C 576 575
3 C 576 575
2 A 115 116
0 C 402 493
1 C 697 710
3 B 476 451
4 C 802 861
1 A 697 710
4 C 802 861
1 A 381 378
2 B 368 367
3 A 391 384
4 B 127 96
4 B 127 96
0 A 460 679
1 C 861 802
3 C 782 881
4 C 841 822
0 C 430 465
2 D 438 73
2 D 438 73
1 B 288 319
3 C 409 486
0 D 947 588
2 B 621 626
4 D 876 659
1 B 880 879
3 B 937 950
0 A 331 332
2 D 935 600
2 A 935 600
1 A 316 315
4 B 800 831
2 A 654 649
0 C 252 131
0 C 252 131
3 C 178 205
1 C 435 460
2 B 95 64
4 B 264 279
0 D 1001 534
1 A 476 475
0 D 1001 534
3 A 184 191
4 B 414 385
2 B 245 234
0 D 601 934
1 D 815 720
3 D 139 372
4 A 699 700
2 C 485 410
0 A 513 518
3 A 301 298
4 B 657 654
2 B 650 661
1 B 865 894
3 C 328 311
0 C 31 749
2 A 625 630
4 A 82 85
1 C 558 593
0 B 979 972
2 B 617 630
3 B 4 27
4 D 182 329
1 B 185 166
2 B 260 283
3 A 320 327
3 A 320 327
0 C 982 835
0 C 982 937
2 B 203 212
4 D 260 251
1 D 216 295
3 A 903 896
0 C 739 668
2 B 815 816
4 C 834 829
3 A 935 928
1 C 56 71
0 A 43 44
4 C 834 829
1 D 56 71
2 B 326 345
0 A 908 907
3 C 119 8
1 B 606 577
4 D 875 660
2 B 727 712
0 A 587 588
3 A 191 184
4 D 875 660
1 D 227 284
3 C 755 652
4 A 590 585
0 D 810 725
2 C 196 187
3 B 10 21
1 C 213 170
2 B 689 686
4 B 645 666
0 A 945 950
1 C 11 116
2 C 981 938
3 D 316 195
0 C 705 702
4 D 541 994
1 B 253 226
3 A 755 756
2 D 191 320
4 D 365 146
0 A 175 168
1 D 949 586
0 A 175 168
4 D 365 146
1 D 949 586
4 A 153 158
2 A 757 754
1 C 363 276
3 D 600 935
0 B 304 303
1 A 816 823
3 C 934 985
2 D 378 133
4 D 439 72
0 D 660 875
0 D 660 875
1 A 918 913
3 C 216 167
3 C 216 167
2 B 848 847
4 A 657 662
0 B 651 660
1 A 807 800
1 A 807 800
4 D 805 993
3 A 122 125
2 C 788 875
0 B 31 0
1 C 613 538
4 D 1020 515
2 C 803 860
0 B 478 449
3 D 721 814
4 A 1020 515
3 C 721 814
4 A 908 907
0 C 1021 898
2 C 765 642
3 C 249 134
1 A 960 967
0 A 422 417
3 B 648 663
4 B 201 214
1 A 335 328
2 A 348 347
4 B 201 214
0 A 966 961
1 B 302 305
4 B 855 840
3 C 950 479
2 D 442 69
2 D 442 69
3 D 74 437
0 D 626 909
1 C 223 160
2 A 229 226
4 D 250 261
3 D 206 305
1 C 458 437
4 D 250 261
2 A 673 678
0 A 361 366
1 A 620 619
4 B 449 478
0 A 837 834
3 C 345 190
2 A 907 908
3 C 345 294
2 C 966 953
0 B 223 192
1 D 773 762
4 D 739 779
1 C 773 762
4 C 739 796
0 B 612 635
2 C 223 160
1 C 588 563
2 C 223 160
4 C 334 305
3 C 142 241
1 A 701 698
0 D 883 652
2 D 698 837
4 B 980 971
4 B 980 971
3 A 578 581
0 B 278 265
1 B 818 813
2 C 888 775
4 C 521 630
3 C 15 112
0 C 359 280
2 B 21 10
1 D 216 295
4 C 520 631
1 D 216 295
2 B 360 375
0 D 761 774
3 D 192 319
0 D 761 774
4 B 437 426
1 C 1020 899
3 A 800 807
2 C 69 489
1 B 230 249
0 C 999 920
3 B 614 633
0 C 999 920
4 A 530 533
1 C 344 295
2 C 204 179
3 B 685 690
0 B 445 418
1 B 766 737
2 B 851 844
4 D 427 84
3 B 978 973
0 C 717 690
1 C 1015 904
2 C 195 188
2 C 195 188
0 B 719 720
4 C 613 538
3 A 201 206
3 A 201 206
1 B 644 667
2 A 57 62
0 B 557 562
1 A 4 3
2 B 889 870
0 B 733 706
3 C 1 211
4 D 321 190
3 B 1 126
4 C 321 190
1 C 16 111
2 D 363 148
3 B 18 13
4 C 716 691
0 C 271 368
2 C 931 988
1 B 517 538
3 C 37 90
2 C 931 988
3 C 37 90
0 D 251 260
4 C 670 737
2 B 477 450
0 D 251 260
3 A 522 525
1 C 572 579
4 A 675 676
0 C 285 354
2 D 335 176
3 D 31 480
4 A 420 419
0 C 252 131
3 A 509 506
1 D 968 567
1 C 968 567
0 A 121 126
2 D 709 722
3 A 514 517
2 A 709 826
0 C 62 65
2 A 71 64
1 D 869 507
4 D 496 15
1 D 869 666
3 D 588 947
2 C 159 224
4 C 209 174
3 D 588 947
1 C 490 405
2 A 101 98
1 C 490 405
0 B 1016 999
4 B 244 235
3 C 724 683
1 C 352 287
0 A 358 353
3 C 724 683
2 D 982 553
2 D 982 553
1 C 643 764
3 D 766 769
2 A 395 396
0 D 367 144
4 D 325 186
1 B 439 424
4 D 325 186
3 C 454 441
2 B 694 681
1 B 378 357
0 C 619 746
3 B 39 56
4 B 865 894
2 A 527 520
0 D 223 288
1 D 391 120
3 C 401 494
4 A 302 297
2 B 71 88
0 B 944 943
1 B 744 759
3 A 987 988
4 C 461 434
2 B 229 250
0 B 181 170
1 B 265 278
4 C 461 434
3 A 629 626
2 C 961 142
0 D 272 239
1 A 116 115
2 C 961 958
4 A 193 198
4 A 193 198
3 B 619 628
3 B 619 628
0 A 534 529
1 A 966 961
2 A 320 327
2 A 320 327
0 B 58 37
1 A 479 472
4 C 685 722
4 C 685 722
2 A 626 629
3 B 849 846
0 B 602 581
1 B 62 33
4 C 1013 906
2 B 590 593
1 B 571 548
3 A 277 274
0 A 745 750
4 D 583 915
2 B 457 470
3 A 26 29
0 D 213 298
4 A 229 226
1 D 809 726
2 A 251 252
1 D 809 726
0 B 772 795
3 C 966 953
2 D 246 265
4 C 31 96
1 A 396 395
0 D 726 809
3 B 438 425
3 B 438 425
0 D 726 809
1 B 711 728
4 C 434 612
4 C 434 461
3 A 952 959
2 A 33 38
4 B 484 507
0 B 790 777
1 B 535 520
3 A 716 715
1 B 653 658
2 B 561 558
4 D 74 437
0 D 98 413
3 C 627 524
1 D 345 166
4 C 486 409
2 D 591 944
0 C 540 611
1 A 944 951
1 A 944 951
4 C 406 489
3 D 879 75
2 B 636 611
4 A 406 489
3 D 879 656
0 B 201 214
4 A 301 298
3 B 183 168
1 D 804 579
1 D 804 731
2 D 263 248
4 B 804 827
3 C 262 377
1 C 938 981
3 C 262 377
0 D 193 318
2 C 410 485
4 D 607 928
1 B 684 691
3 B 786 781
0 B 918 905
4 A 731 732
2 C 546 605
1 C 369 270
3 C 990 929
0 A 876 875
2 B 283 260
4 A 682 685
1 B 787 780
3 B 69 90
2 C 837 826
4 A 713 718
0 D 645 890
1 B 485 506
0 D 645 890
3 A 46 41
2 C 607 916
2 C 607 916
1 D 991 544
4 C 300 339
0 B 648 663
2 D 33 478
3 A 843 844
1 B 145 142
1 B 145 142
4 B 941 946
0 D 646 233
2 B 887 872
3 D 773 762
1 D 272 239
0 A 978 981
1 D 272 239
4 C 115 12
2 B 551 568
3 B 746 757
0 C 510 385
1 D 590 945
2 B 752 751
1 D 590 945
4 C 429 200
3 C 632 519
0 A 101 98
1 C 562 589
2 D 947 588
4 D 777 758
3 A 321 326
2 A 416 423
0 C 455 440
1 B 881 878
0 C 455 440
3 B 943 944
4 B 100 123
2 D 409 102
0 C 964 955
1 B 141 146
4 B 496 495
3 D 246 265
3 D 246 265
4 A 496 495
2 C 690 717
4 A 94 89
2 C 690 717
0 A 202 205
3 C 763 644
1 A 173 65
3 D 763 644
4 B 150 137
2 C 1 126
0 A 840 847
4 B 681 694
3 D 298 213
1 D 464 47
3 A 298 213
1 D 464 47
0 B 202 213
3 A 530 533
2 C 456 439
4 B 735 704
1 D 600 935
2 C 456 439
3 A 995 996
4 A 117 114
1 C 600 935
2 C 423 472
3 B 295 312
2 C 423 472
1 C 223 160
4 A 985 990
0 D 996 59
0 B 996 539
3 D 619 916
2 C 878 785
1 C 160 223
0 B 557 562
3 B 891 868
1 D 160 223
4 A 120 127
0 D 344 167
2 C 145 238
1 D 772 763
3 D 760 775
4 C 139 244
1 D 772 763
4 C 139 244
2 D 50 461
1 B 948 939
0 D 605 930
3 D 26 485
4 D 820 715
0 B 605 930
0 B 72 87
3 B 943 944
1 D 59 452
2 D 901 634
4 B 179 172
0 B 813 818
1 B 325 346
4 A 540 539
3 B 800 831
2 D 239 534
0 D 65 446
1 C 393 502
4 D 293 218
2 C 746 661
3 C 950 969
0 D 718 817
1 D 934 601
4 D 652 883
3 A 404 403
4 A 652 883
2 D 813 722
0 B 956 931
4 A 21 18
1 C 578 573
2 A 525 522
1 C 578 573
0 B 247 232
4 B 750 753
0 B 247 232
1 C 872 791
3 A 107 108
4 B 921 902
0 A 183 176
2 D 576 668
0 B 287 256
1 D 984 551
3 A 3 4
1 C 984 551
4 C 183 200
2 B 32 63
3 B 917 906
0 C 220 163
1 C 19 108
4 A 680 687
0 C 220 163
1 C 19 108
3 B 249 230
2 C 56 71
1 A 575 568
4 C 687 720
0 C 160 223
3 B 203 212
0 C 160 223
2 C 438 457
1 C 416 479
2 A 29 26
3 D 616 919
4 B 5 26
0 B 568 551
3 A 616 919
0 B 568 551
1 C 432 300
3 A 343 336
4 C 618 533
0 D 410 101
2 C 626 525
1 C 18 109
4 B 858 837
0 A 908 907
2 A 601 606
3 D 716 819
1 B 837 858
4 A 447 440
2 B 785 782
0 C 1011 908
3 B 268 275
0 B 1011 908
4 A 953 958
2 A 21 495
0 B 391 408
1 A 567 560
3 A 356 355
0 A 31 24
2 C 574 577
1 A 233 238
4 D 6 505
2 C 574 577
4 D 6 505
0 A 847 840
1 A 857 862
3 C 189 288
3 C 189 194
2 A 48 55
0 A 773 770
1 B 487 504
3 A 210 213
2 A 722 725
4 D 823 712
4 D 823 712
1 B 171 180
0 B 494 497
2 A 11 12
3 B 449 478
1 A 332 331
4 B 607 576
4 B 607 576
2 B 314 293
3 B 10 498
0 D 95 416
4 B 742 761
1 A 272 279
2 B 587 596
0 D 95 416
3 A 588 587
4 A 604 603
0 D 676 859
1 B 345 326
0 D 676 859
4 A 434 437
3 D 761 774
2 A 810 813
1 B 805 826
0 D 286 225
3 C 1008 911
4 D 889 646
0 D 286 225
2 A 658 661
1 B 430 433
3 A 443 444
2 A 192 199
4 D 708 827
4 D 708 827
0 D 352 159
3 B 154 133
1 D 641 793
0 B 352 159
1 D 641 894
2 B 408 391
4 A 970 973
0 B 346 325
3 B 819 812
4 A 970 973
0 B 346 325
1 D 24 487
3 B 191 160
0 B 131 156
1 C 24 487
2 D 836 699
4 D 869 666
1 C 13 114
3 C 155 228
0 B 447 416
2 C 114 13
4 C 694 713
1 B 50 45
3 C 404 491
0 B 848 847
2 B 619 628
4 C 186 197
0 A 380 379
4 C 186 197
3 C 744 663
1 B 241 238
2 B 362 373
3 D 744 663
4 B 359 376
1 B 88 71
2 A 369 374
0 A 663 656
3 D 885 777
4 A 681 686
1 D 438 73
0 B 819 812
2 A 427 428
1 D 438 73
3 A 597 594
0 D 97 414
1 B 113 110
0 D 97 414
4 B 516 539
3 A 320 327
2 C 202 181
0 B 803 828
1 D 365 146
4 C 166 217
1 D 365 146
3 C 661 746
0 C 69 58
2 C 124 3
4 B 931 956
1 D 746 789
3 C 570 581
0 D 697 838
2 D 198 313
4 A 276 275
1 C 126 1
3 A 930 933
0 C 1006 913
0 C 1006 913
4 B 515 540
2 D 935 600
1 C 689 718
2 D 935 600
0 C 781 882
3 B 269 274
0 A 781 882
4 C 326 313
2 D 997 538
0 A 139 140
1 B 635 612
4 D 326 313
0 B 177 174
1 D 869 666
4 C 56 819
3 D 664 992
0 D 128 383
2 B 138 149
1 A 466 469
4 C 703 704
3 C 808 855
0 D 155 356
4 C 727 680
2 C 37 90
3 B 20 11
0 D 401 110
1 C 365 274
4 B 621 626
2 D 132 379
3 C 103 24
0 D 638 897
4 B 277 266
1 B 338 333
2 C 208 175
3 D 600 935
3 D 600 935
1 A 335 328
0 D 675 568
4 A 643 644
2 A 731 732
3 C 989 930
0 C 410 485
1 C 402 493
4 C 830 833
4 C 830 833
2 A 494 489
3 B 576 607
1 C 364 275
4 A 191 184
0 A 559 552
2 A 540 539
1 D 364 275
3 B 171 180
4 A 637 634
1 D 371 140
2 A 338 341
3 B 325 346
1 D 371 140
4 C 686 721
2 A 854 849
4 C 686 721
0 D 206 305
3 C 82 45
2 B 530 525
0 D 206 305
1 C 467 428
2 A 938 941
1 C 467 428
3 D 986 549
4 C 397 498
0 B 552 567
1 A 645 642
2 B 901 922
3 B 194 221
3 B 194 221
0 A 414 409
4 A 994 997
1 A 701 698
3 A 523 524
2 C 777 886
4 A 541 538
1 B 638 609
3 B 503 488
0 D 949 586
0 D 949 586
2 C 858 805
4 A 993 998
1 A 972 971
3 C 114 13
0 A 966 961
4 B 613 634
3 B 144 143
2 D 243 268
0 D 559 976
1 D 757 778
4 C 591 560
1 D 757 778
0 D 559 976
3 B 813 818
2 C 958 961
4 D 791 744
1 C 637 514
0 D 591 944
3 C 853 810
4 B 274 269
2 D 431 80
0 C 101 26
1 B 570 549
3 D 349 162
4 B 685 690
0 B 971 980
2 D 281 230
1 A 739 740
1 A 739 740
2 D 281 230
0 A 528 535
2 A 683 684
4 A 328 335
0 C 45 82
3 D 951 171
1 C 968 951
3 C 951 584
0 A 549 546
4 A 5 2
2 D 89 422
3 C 242 141
3 C 242 141
1 A 696 703
0 D 352 159
4 C 407 488
0 A 352 159
4 C 407 488
2 B 639 608
3 D 957 578
0 A 303 296
1 D 599 936
4 D 898 637
2 A 216 223
3 A 225 230
1 A 225 230
0 B 788 779
4 B 159 128
3 A 612 611
1 A 767 760
2 D 896 639
4 C 828 835
0 B 512 543
3 A 704 711
1 A 502 497
2 A 211 212
4 A 719 712
2 A 595 596
0 C 224 397
4 B 193 222
1 D 576 959
3 D 919 616
0 B 956 931
2 B 80 79
4 C 870 793
3 A 923 924
2 B 80 79
1 C 621 530
1 C 621 530
4 D 451 60
2 C 398 497
0 C 542 609
1 C 606 545
4 C 451 60
2 A 246 241
1 A 606 545
3 C 559 592
4 C 847 816
1 A 356 355
4 A 847 816
0 B 393 406
1 A 356 355
0 B 393 406
4 A 468 467
1 A 157 154
2 B 495 496
3 A 555 556
4 B 920 903
0 B 302 305
1 C 663 744
2 B 487 504
1 C 663 744
3 B 405 394
4 C 893 770
0 C 44 83
4 C 893 770
1 A 297 302
0 C 44 83
3 A 965 962
2 D 10 501
0 A 508 507
1 A 527 520
4 C 387 508
3 A 741 738
2 D 174 337
0 B 182 169
4 A 16 23
1 D 33 478
2 B 174 337
1 D 33 478
2 B 459 468
3 B 593 590
0 D 659 876
0 D 659 876
4 C 521 630
1 A 109 106
2 B 5 26
0 D 723 812
3 A 133 130
1 A 316 315
2 A 980 979
4 D 297 214
4 D 297 214
0 A 491 492
3 D 262 249
1 D 837 698
2 B 32 63
4 D 475 36
3 A 624 631
2 B 32 63
1 A 828 827
4 D 475 36
3 A 426 429
2 B 786 781
1 A 477 474
1 A 477 474
2 B 786 781
0 A 737 742
2 B 351 320
1 C 887 776
3 C 257 382
4 A 582 577
0 D 350 161
2 C 28 99
1 A 527 520
3 B 515 540
2 C 28 99
4 A 418 421
3 A 555 556
0 B 520 60
1 B 892 368
2 B 149 138
4 B 305 302
0 C 807 856
1 D 269 242
3 D 477 34
4 C 971 948
0 D 276 235
2 C 554 597
1 D 576 959
3 D 799 736
3 D 799 736
4 B 148 139
0 C 441 454
2 A 436 435
1 C 133 194
3 A 530 533
0 A 920 927
2 B 580 603
1 A 317 314
4 C 213 970
3 B 659 652
0 A 362 365
4 C 213 170
0 A 362 365
3 A 334 329
2 C 968 951
1 C 749 658
2 B 968 951
4 B 262 281
0 D 538 997
1 D 749 658
2 B 947 940
0 D 538 997
4 A 626 629
2 B 760 743
3 A 277 274
1 D 126 385
0 C 307 332
1 D 126 385
4 D 257 254
2 D 494 17
3 C 946 973
0 A 55 48
3 C 946 973
2 A 559 552
1 A 397 394
0 A 208 215
3 C 979 940
1 B 973 978
4 D 438 73
3 B 332 339
2 D 93 772
4 D 438 73
1 A 870 865
2 A 735 728
0 D 89 425
4 B 357 378
3 D 73 727
1 A 989 986
2 C 303 336
0 B 20 11
3 A 73 438
4 A 420 419
1 B 347 324
3 A 460 459
1 B 347 324
3 A 460 459
0 C 357 282
4 C 779 884
1 C 423 472
2 D 905 630
3 B 1021 994
2 D 905 630
4 A 342 337
0 C 837 826
1 C 831 832
1 C 831 832
4 B 453 474
0 B 264 279
2 D 655 998
1 A 136 143
3 A 187 188
0 A 685 682
4 C 593 558
4 A 593 558
2 C 448 447
0 A 60 59
1 C 298 341
4 A 217 222
3 A 771 772
2 D 489 22
1 B 316 291
0 D 848 687
3 B 335 336
4 B 553 566
2 C 629 522
1 A 560 567
0 C 786 877
3 B 592 591
4 B 429 434
0 C 786 877
2 B 365 370
1 C 346 293
3 C 245 138
4 A 845 842
0 D 42 469
4 A 845 842
0 C 42 469
1 D 293 33
0 C 450 445
3 A 783 776
4 A 967 960
2 C 744 663
2 C 744 663
3 C 866 797
0 D 271 240
1 D 689 846
4 C 348 291
0 D 271 240
1 D 689 846
2 B 355 380
4 A 614 609
3 D 881 654
1 C 482 413
0 C 648 759
2 A 348 347
3 C 798 865
1 A 810 813
0 B 442 421
4 D 400 189
2 B 413 386
3 C 524 627
1 B 83 76
4 B 400 111
0 C 919 1000
3 A 933 930
4 B 891 868
0 A 919 1000
4 B 891 868
2 D 500 11
2 D 500 11
0 A 605 602
3 C 472 423
1 D 767 768
4 C 1013 906
2 D 442 69
0 A 756 755
1 C 378 261
4 B 696 679
3 D 503 8
2 C 677 730
3 D 503 8
1 B 796 771
0 C 442 453
4 A 745 750
1 D 37 474
3 C 985 150
0 C 465 430
2 B 828 803
4 D 59 452
0 C 465 430
3 A 313 318
1 C 733 674
0 B 662 649
4 C 3 124
2 B 842 853
3 B 546 573
3 B 546 573
1 B 455 506
4 B 166 185
0 B 39 56
1 A 321 326
2 A 871 864
4 B 693 682
3 C 326 313
0 A 860 859
3 A 326 313
4 A 994 997
3 A 853 850
2 A 499 500
1 C 765 407
0 B 703 672
1 C 765 642
2 A 404 403
4 C 285 354
0 C 170 213
3 B 918 905
1 D 330 181
0 A 224 231
4 B 372 363
1 C 330 181
3 B 432 431
2 A 819 820
4 C 8 119
1 C 438 457
3 D 599 936
0 D 254 257
4 A 109 106
1 B 727 712
0 B 254 257
2 A 566 561
3 C 638 513
3 C 638 513
0 B 345 326
1 B 722 717
4 C 711 696
2 B 858 837
0 A 623 616
3 D 308 203
1 D 78 433
4 D 759 776
2 B 121 102
0 A 921 926
3 D 710 825
1 B 373 362
4 B 176 175
3 A 710 825
0 C 183 200
3 A 130 133
1 A 788 787
4 C 713 694
0 C 183 200
3 A 479 472
2 C 57 572
1 B 38 57
2 A 57 70
4 A 623 616
4 A 623 616
2 A 271 264
3 C 489 826
1 B 123 100
0 C 970 949
4 A 731 732
0 B 970 949
1 B 515 540
2 C 529 622
0 B 794 773
2 C 529 622
4 D 970 181
3 A 790 785
2 B 985 966
0 C 355 284
2 B 985 966
4 A 403 404
3 A 278 273
0 A 901 898
1 A 119 112
2 A 310 305
4 A 202 205
3 A 8 15
4 B 515 540
1 C 692 715
0 B 781 786
2 C 56 889
1 A 692 715
0 A 738 741
1 A 511 504
4 B 823 808
2 C 414 481
3 D 876 659
3 D 876 659
0 B 628 619
1 A 238 233
2 C 675 732
4 D 210 301
2 C 675 732
4 D 210 301
0 C 357 282
3 D 866 669
2 A 30 25
1 D 618 917
4 B 717 722
0 C 251 132
3 A 248 255
1 B 226 253
2 C 462 433
3 A 502 497
2 C 462 433
4 C 919 1000
1 B 555 564
0 D 969 566
0 D 969 566
3 C 327 312
1 C 230 153
4 B 205 210
2 C 720 687
0 A 625 630
3 A 225 230
2 C 720 687
1 C 1000 640
4 D 455 56
0 C 92 35
2 C 871 792
3 C 739 668
1 C 780 883
3 C 739 668
1 C 780 883
2 A 362 365
4 D 718 817
3 D 74 437
4 D 718 817
3 D 74 437
0 D 633 902
2 D 571 964
1 C 938 981
0 D 633 902
2 D 571 964
4 A 267 268
0 A 25 30
3 C 852 811
1 A 909 906
4 B 319 288
3 C 852 811
2 D 294 217
0 A 864 871
2 D 294 217
3 B 947 940
1 D 68 833
4 C 442 453
0 C 543 608
3 C 121 6
2 D 637 898
1 B 160 191
4 A 24 31
0 B 353 382
3 A 148 147
1 B 352 383
2 A 361 366
4 B 215 200
0 B 868 891
2 B 46 49
1 C 579 572
4 B 653 658
3 C 863 175
0 A 724 723
3 C 863 800
4 A 251 252
2 D 212 299
1 C 932 987
3 C 456 439
0 B 874 885
2 A 474 477
3 B 537 518
4 A 758 753
1 C 0 305
0 C 421 538
1 C 0 127
3 A 97 102
2 B 358 377
4 D 638 897
4 D 638 897
0 A 430 769
4 A 638 897
4 A 867 868
1 C 926 993
3 D 157 671
2 B 889 870
1 C 926 993
4 B 72 87
3 B 157 354
2 A 508 507
3 B 824 807
4 A 544 551
4 A 544 551
0 C 360 279
0 C 360 279
1 B 848 847
1 B 848 847
4 B 182 169
2 B 60 35
3 B 336 335
1 A 68 67
4 B 187 164
4 B 187 164
0 D 223 288
2 A 375 368
0 D 223 288
1 C 847 816
3 D 965 570
2 A 501 498
4 C 286 353
1 A 847 816
4 B 286 353
1 A 675 676
2 C 331 308
4 B 754 749
3 B 751 752
0 D 451 60
2 A 424 431
0 A 451 60
1 D 771 764
4 D 963 572
0 A 594 597
2 B 464 463
1 A 771 764
3 A 356 355
4 B 375 360
1 A 134 129
2 A 806 801
3 A 580 579
2 A 806 801
3 A 580 579
0 C 718 689
4 D 815 720
0 C 718 689
2 A 503 496
1 D 604 33
1 D 604 931
4 A 762 765
2 A 118 113
1 A 592 599
0 C 286 353
2 C 260 379
4 A 375 368
3 D 231 280
1 D 461 50
0 A 789 786
2 A 925 922
1 C 461 50
4 D 649 886
3 C 79 48
2 B 546 573
4 D 649 886
1 B 272 271
0 B 789 778
1 A 449 454
2 D 759 776
3 D 266 755
0 A 980 979
2 D 759 776
3 D 266 245
1 A 750 745
4 D 364 147
2 B 378 357
0 A 409 414
3 D 17 494
4 D 364 147
1 A 231 224
3 A 881 886
1 A 231 224
3 A 881 886
2 D 33 478
4 D 961 574
0 D 594 941
1 C 394 501
2 C 830 833
4 D 297 214
3 B 203 212
0 B 382 353
2 A 878 873
1 D 79 432
4 B 208 207
2 A 290 293
0 B 616 631
3 C 796 867
1 A 717 714
4 B 621 626
3 C 796 867
0 B 509 482
2 C 115 12
1 B 342 329
4 B 884 875
2 C 115 12
3 A 225 230
0 A 174 169
1 A 601 104
2 B 809 900
3 A 937 942
4 A 559 552
1 A 873 878
2 B 4 27
0 C 440 881
3 A 175 168
4 D 477 34
1 B 247 232
2 D 372 139
0 C 925 994
1 A 660 659
3 B 172 179
4 A 262 257
0 C 536 615
0 C 536 615
2 C 877 786
1 B 868 891
4 D 911 624
3 B 603 580
2 C 877 786
4 D 911 624
1 C 842 821
0 D 691 844
3 B 871 888
2 D 381 130
4 A 377 382
0 A 801 806
1 C 743 664
3 B 28 3
2 D 698 837
4 D 842 693
0 B 32 63
3 A 658 661
2 B 120 103
4 D 20 491
1 D 283 228
0 B 243 236
4 A 20 491
3 B 667 644
2 B 442 421
4 A 381 378
0 B 906 917
1 D 757 778
1 D 757 778
4 A 42 45
3 D 94 417
0 C 819 844
2 D 418 93
0 C 819 844
2 A 418 93
3 A 262 257
1 D 892 286
4 D 651 884
2 A 403 404
1 C 892 643
4 A 725 722
0 C 124 3
1 C 390 505
2 C 276 363
3 C 981 938
0 A 400 407
2 A 137 142
1 D 803 732
4 A 324 323
3 A 855 848
1 D 803 732
2 A 986 989
0 D 1016 519
3 A 483 484
2 B 673 702
1 D 139 141
4 B 172 179
1 D 139 372
3 A 636 635
0 B 901 922
2 B 952 935
2 B 952 935
4 A 468 467
1 B 432 431
3 C 789 285
2 C 631 520
3 C 789 874
0 A 495 488
1 A 534 529
2 C 631 520
4 A 671 664
2 C 676 412
0 B 122 101
0 B 122 101
2 C 676 731
4 A 31 24
1 D 973 562
3 B 315 292
1 D 973 562
0 A 42 192
4 B 443 420
2 C 324 315
2 B 324 315
2 B 85 74
1 D 556 299
3 C 2 866
1 D 556 979
4 B 286 257
3 B 932 955
4 B 286 257
1 A 456 463
2 C 207 176
2 C 207 176
0 B 440 423
4 A 625 630
3 B 703 672
3 B 703 672
1 D 349 924
0 C 389 506
2 C 100 27
1 A 992 999
3 B 640 671
3 B 640 671
4 D 508 3
0 C 868 795
2 B 663 648
1 C 541 610
4 B 250 229
3 D 664 871
0 C 192 191
2 D 647 888
0 B 192 191
2 B 647 888
1 D 65 446
2 B 980 971
1 C 65 446
0 D 260 251
3 D 258 253
1 C 318 321
0 D 260 251
2 B 761 742
4 A 254 249
3 B 518 537
0 D 535 1000
4 B 150 137
1 C 115 12
2 D 138 373
3 C 771 892
0 A 162 165
4 C 35 92
1 B 336 335
2 B 541 514
3 B 34 61
0 C 11 116
4 A 468 467
1 C 643 764
3 A 972 971
2 C 937 982
0 A 637 634
4 A 664 671
0 A 637 634
2 C 937 982
4 A 995 996
0 B 445 418
3 B 571 548
1 D 935 588
2 D 924 117
4 B 481 510
1 C 935 600
2 B 924 611
3 A 125 122
0 B 890 869
2 B 875 884
1 A 202 205
3 C 38 89
4 C 475 420
0 D 168 343
2 D 470 41
4 C 475 420
0 D 168 343
1 A 946 949
2 A 908 907
0 A 441 446
3 C 947 972
4 D 434 77
3 C 947 972
4 D 434 77
2 C 126 1
0 A 254 249
1 D 387 124
3 D 787 748
4 D 959 576
2 D 922 613
0 C 652 755
3 B 534 521
2 D 922 613
1 D 853 682
4 B 581 602
0 C 489 406
0 C 489 406
2 C 215 342
4 A 910 905
1 A 612 611
2 A 355 356
3 B 213 202
4 B 284 259
1 C 741 666
0 B 848 847
2 A 993 998
1 C 741 666
3 A 456 463
4 B 428 435
2 B 273 270
1 D 666 488
4 B 118 105
3 D 139 372
2 C 826 837
0 B 3 28
1 A 362 365
4 C 55 72
3 D 152 359
2 B 733 706
0 D 736 799
3 D 395 116
1 D 424 87
2 D 262 249
4 A 423 416
0 D 589 946
3 A 938 941
1 A 508 507
4 B 278 265
2 B 948 939
3 A 133 130
0 D 956 579
0 D 956 579
1 D 16 495
4 B 198 217
2 A 695 688
1 D 16 495
3 A 77 74
0 D 817 718
1 B 901 922
4 C 226 157
0 D 817 718
3 B 60 35
2 A 775 768
0 B 478 449
3 D 475 27
4 D 614 506
2 B 352 383
0 B 311 788
4 B 614 921
1 B 983 968
2 A 911 904
0 A 449 454
4 B 57 38
3 A 768 775
1 B 372 363
0 A 988 987
2 C 374 292
2 C 374 265
3 C 127 0
3 C 127 0
4 C 815 131
1 A 979 980
2 B 968 983
4 C 849 814
1 A 309 306
0 C 259 380
4 C 830 833
2 D 691 844
3 D 716 888
0 C 716 691
1 B 914 909
2 B 635 612
3 A 645 642
4 C 614 537
0 A 328 335
0 A 328 335
1 A 309 148
2 A 813 810
3 B 227 252
4 A 379 380
0 A 814 809
1 A 296 303
2 B 55 40
4 A 602 605
3 A 486 481
0 B 203 718
2 A 197 194
3 C 733 674
4 C 208 175
3 C 733 674
4 C 208 175
2 A 532 531
1 D 810 725
0 B 644 667
3 B 798 769
4 B 60 35
2 B 905 918
0 A 178 181
1 C 666 741
4 A 871 864
2 B 97 126
3 D 141 370
0 B 719 720
1 B 645 666
4 A 113 118
2 B 742 761
1 A 331 332
0 D 257 254
3 D 886 649
4 D 592 943
1 A 572 571
2 C 817 846
0 B 684 691
4 D 592 943
2 C 817 846
3 A 108 107
2 A 399 392
4 B 881 878
0 A 421 418
1 C 147 236
3 A 712 719
4 C 982 937
2 D 966 361
0 C 62 65
1 D 798 737
3 D 326 185
2 A 286 281
1 C 798 737
4 B 149 138
2 C 698 709
1 C 298 341
3 D 203 308
0 A 129 134
4 D 655 880
2 A 957 954
1 D 76 435
3 A 344 351
0 C 453 442
4 B 841 854
2 B 147 140
1 C 681 726
3 C 431 464
0 A 35 36
0 A 35 36
2 B 312 295
4 B 628 619
1 B 706 733
0 A 935 928
1 B 706 733
3 B 368 367
2 A 286 281
4 A 719 712
0 C 104 23
1 A 847 840
0 C 104 23
2 D 314 197
3 D 80 431
4 B 31 0
2 D 314 197
3 B 80 431
0 B 321 350
1 A 492 491
0 B 321 350
1 A 492 491
3 B 541 514
2 A 13 10
4 A 202 205
3 B 541 514
0 D 202 309
1 D 356 155
2 C 715 692
3 D 494 17
1 A 774 769
2 A 352 359
4 B 844 851
0 C 1023 181
3 B 449 478
0 C 1023 896
2 C 54 73
4 B 491 500
1 A 393 398
0 A 824 831
3 D 624 911
0 A 190 185
4 D 103 408
1 D 553 404
2 D 127 384
3 A 153 158
1 A 707 708
4 C 389 506
3 A 868 867
0 D 262 297
2 C 183 200
1 B 817 814
0 D 262 249
1 B 817 814
3 C 327 357
2 A 459 460
0 B 810 821
3 D 327 312
1 B 816 815
4 C 161 222
0 B 213 202
3 D 834 701
4 C 161 222
2 D 636 899
3 D 834 701
2 D 636 899
4 B 234 245
0 C 689 718
1 D 256 255
2 D 81 430
3 D 988 547
4 D 548 987
0 C 373 266
3 A 429 426
1 A 934 929
0 B 373 266
3 B 660 651
4 A 209 214
2 C 110 17
0 B 832 863
1 C 701 706
2 A 110 17
3 B 106 117
1 C 701 706
2 A 112 119
0 C 681 69
4 B 832 863
2 B 1017 998
3 A 887 880
0 A 954 957
1 A 535 528
1 A 535 528
4 D 50 461
3 B 699 676
4 D 50 461
1 B 678 697
2 C 297 342
0 D 504 7
3 B 611 636
1 B 41 54
4 C 59 68
0 D 504 7
2 B 50 45
4 B 59 68
3 B 712 727
4 B 42 53
1 B 86 73
0 C 839 824
2 C 707 700
0 B 515 540
3 D 485 26
1 B 374 361
4 B 270 273
3 C 485 26
0 B 653 658
1 B 978 973
2 D 262 249
3 B 78 81
0 B 260 283
2 B 262 249
1 A 607 600
2 B 201 214
4 D 1016 519
4 D 1016 519
3 C 724 683
3 C 724 683
0 C 140 30
1 D 50 461
4 D 747 788
2 C 438 457
3 C 538 613
0 B 814 817
1 D 875 660
4 C 750 657
3 A 943 936
4 B 313 294
2 C 969 950
0 B 311 296
0 B 311 296
1 D 459 225
3 C 809 158
1 C 459 52
4 A 522 525
3 C 809 854
0 B 122 101
1 C 1005 914
2 C 315 324
3 C 528 623
4 C 753 654
0 A 735 728
2 B 620 627
4 C 653 754
4 C 653 754
1 D 668 866
1 D 668 867
0 C 56 71
4 B 533 522
2 D 801 734
2 D 801 734
0 B 432 431
1 B 774 793
3 B 632 615
4 A 793 798
2 A 294 289
0 C 522 629
3 A 120 127
4 B 1022 993
1 A 634 637
0 C 522 629
3 A 18 21
4 D 673 862
2 C 1002 917
0 B 453 474
1 D 106 405
3 C 845 818
4 C 49 78
2 D 742 793
1 B 178 173
3 A 698 701
4 D 399 112
0 D 120 391
1 C 1018 901
0 A 12 11
2 C 445 450
4 C 952 967
2 C 445 450
3 C 260 379
4 C 952 967
1 A 18 21
0 C 529 622
3 A 205 202
2 D 825 710
4 D 25 486
1 D 73 438
0 B 392 407
4 D 25 486
2 A 872 879
1 D 73 438
1 D 902 633
3 C 415 480
4 D 852 683
0 B 326 345
2 D 740 795
2 D 740 795
4 D 384 127
1 D 869 666
3 D 718 817
0 C 784 879
2 C 118 9
4 A 710 705
1 A 193 198
0 C 784 879
2 B 847 848
4 C 16 111
3 C 112 15
4 C 16 111
1 A 139 140
2 C 819 881
0 A 651 207
4 A 969 974
2 D 819 844
1 C 383 256
3 B 109 114
4 B 814 817
0 B 344 327
1 A 27 118
0 B 344 327
2 D 571 964
2 D 571 964
3 A 627 628
0 B 132 155
4 B 892 867
1 C 1023 369
0 A 374 369
2 A 785 790
1 A 512 519
3 C 332 307
4 D 441 70
3 C 332 307
4 D 441 70
0 D 12 499
1 C 727 680
2 C 496 399
4 A 434 437
3 C 842 821
0 D 227 284
2 D 250 261
1 A 664 671
4 D 565 970
3 A 490 493
2 D 250 261
4 D 565 970
1 A 131 132
2 A 174 169
4 B 90 69
0 C 415 480
3 A 507 508
2 A 231 224
1 D 870 74
4 A 814 809
0 A 148 147
2 C 822 841
3 C 802 861
1 A 340 339
0 A 145 150
4 C 924 995
1 B 270 273
2 B 479 448
0 B 853 842
3 A 91 1006
0 B 853 842
3 A 91 92
4 D 329 943
1 B 781 786
0 D 27 484
2 C 134 249
4 A 462 457
3 C 414 481
0 B 566 553
2 B 125 98
3 B 669 642
4 B 206 209
1 B 95 64
0 B 45 50
3 A 304 311
2 C 275 364
4 B 628 619
1 C 825 838
2 B 889 870
1 D 825 838
0 C 320 492
2 A 285 282
4 B 1017 998
1 D 509 2
3 C 283 356
0 C 989 930
2 D 112 399
1 A 912 919
4 D 11 500
3 B 931 956
2 B 112 399
4 D 11 500
1 C 1018 901
2 C 755 82
3 C 669 738
2 C 755 652
3 D 669 738
0 D 613 922
4 B 721 718
1 D 703 832
1 D 703 832
3 D 487 24
0 D 549 986
4 A 937 942
2 D 755 780
1 B 365 370
0 B 589 594
3 B 597 586
2 C 701 706
4 A 635 636
1 B 8 23
0 D 808 727
3 D 767 768
0 C 808 727
2 D 252 259
1 B 267 276
3 B 925 898
2 D 252 259
0 C 695 712
4 B 256 287
1 A 600 607
2 C 126 1
3 C 549 602
0 C 306 333
4 C 887 776
1 C 987 932
3 C 780 883
2 D 742 793
0 D 41 470
2 D 742 793
3 A 76 75
1 D 71 440
4 B 323 348
0 C 243 140
2 B 464 463
1 D 71 440
0 D 753 782
2 D 822 713
3 C 871 792
1 C 431 464
4 D 918 617
2 A 710 705
4 D 918 617
0 C 189 194
1 C 329 310
4 C 559 592
3 D 427 84
1 A 347 348
3 A 427 84
2 A 289 294
4 B 49 46
0 C 778 885
3 A 598 593
1 D 259 252
2 D 6 505
4 C 300 339
0 A 79 72
0 A 79 72
3 D 923 612
1 B 406 393
2 B 220 195
4 A 506 509
0 C 513 638
3 B 289 318
2 B 772 795
0 B 513 638
1 A 767 760
4 D 190 321
0 B 67 92
4 D 190 321
2 D 334 177
3 D 127 384
0 B 607 576
4 C 647 760
1 D 888 647
3 A 127 384
1 D 888 647
2 A 561 566
3 A 741 738
4 B 502 489
4 B 502 489
0 C 254 730
2 B 184 167
1 B 111 112
4 C 752 655
3 C 773 890
4 C 752 655
2 D 911 371
1 A 156 155
0 D 511 0
4 D 582 953
0 D 511 0
2 A 601 606
4 B 582 953
1 A 595 596
3 A 153 158
4 B 982 969
0 D 64 447
2 C 465 430
1 A 612 611
0 D 64 447
3 A 442 445
2 A 817 822
4 D 39 472
4 D 39 472
1 D 948 587
3 C 134 249
0 D 633 902
2 C 317 322
1 D 140 371
3 C 548 603
4 D 127 384
0 B 385 414
1 A 141 138
2 D 599 936
4 D 127 384
2 D 599 936
3 A 17 22
1 B 787 780
2 A 149 146
0 D 228 385
4 C 710 697
0 D 228 283
3 D 420 91
1 A 592 599
2 B 518 537
4 D 7 504
3 A 415 408
0 D 716 819
1 A 554 557
4 C 7 504
0 B 716 819
3 A 359 352
0 B 865 894
4 C 624 527
2 C 214 169
3 A 892 891
1 D 402 654
0 B 204 211
1 A 402 109
4 C 453 442
2 B 25 6
1 A 879 872
4 C 453 442
3 D 344 167
3 D 344 167
0 C 712 695
1 A 407 400
2 A 544 551
4 C 766 641
3 A 173 170
0 B 867 892
1 C 555 20
3 A 204 203
2 A 182 177
1 C 555 596
0 A 358 353
3 D 1023 512
4 D 469 42
2 B 625 622
1 C 636 515
4 B 469 42
1 C 636 515
0 A 374 369
0 A 374 369
4 B 438 425
1 C 237 146
3 C 841 822
2 D 748 787
4 D 284 227
0 C 254 129
0 C 254 129
2 D 748 787
4 A 284 227
1 D 498 13
0 B 928 959
2 B 1016 999
4 C 111 16
3 C 814 849
4 B 111 16
3 C 814 849
1 A 111 104
4 A 171 172
2 B 651 660
0 D 155 231
4 B 320 351
0 D 155 356
2 C 472 423
1 D 767 110
4 A 877 874
1 D 767 768
0 C 758 606
0 C 758 649
3 A 715 716
2 C 268 371
4 B 55 40
1 D 288 223
4 A 203 204
1 D 288 223
3 C 597 554
2 B 676 699
0 C 270 369
3 B 597 554
0 C 270 369
3 B 303 304
4 B 298 309
2 D 775 760
0 D 25 486
1 B 334 337
3 B 685 690
4 D 395 116
0 B 973 978
2 B 574 545
1 D 641 894
3 B 437 426
4 C 1009 910
3 A 894 889
0 D 509 2
2 D 926 609
4 D 968 567
2 B 926 609
4 B 92 567
1 D 672 424
2 B 323 348
1 D 672 863
0 C 170 213
3 C 340 299
4 D 28 483
1 C 398 497
0 A 426 429
2 C 937 982
4 D 28 483
2 C 937 982
0 A 969 974
1 D 658 877
3 D 238 273
1 D 658 877
4 C 41 86
2 A 932 931
3 D 995 540
1 B 880 879
0 C 2 125
0 C 2 125
2 A 502 497
4 A 433 438
1 B 1023 992
3 B 216 137
4 A 433 438
2 A 786 789
1 B 989 962
0 D 235 276
4 A 638 633
3 C 598 553
0 D 235 276
3 C 598 553
1 D 215 296
4 C 405 490
0 B 450 477
2 C 6 121
3 C 11 116
4 B 269 274
0 D 605 930
1 B 569 550
3 B 912 911
0 D 605 930
2 D 146 365
4 B 590 593
1 A 36 35
2 A 184 191
4 C 508 387
3 D 862 673
0 D 855 680
1 B 668 643
3 D 862 673
0 A 855 680
4 C 706 701
4 C 706 701
0 A 467 468
2 D 412 99
3 C 483 412
3 C 483 412
1 D 1007 528
0 B 497 494
1 D 1007 528
4 D 44 467
3 B 86 73
2 C 331 308
1 B 861 834
2 C 331 308
0 C 299 340
3 B 908 915
3 B 908 915
0 A 299 340
4 C 730 677
0 A 827 828
3 A 800 807
1 D 893 642
2 D 356 155
1 D 893 642
2 D 356 155
0 A 528 535
4 C 662 818
1 B 416 447
3 A 733 730
4 C 662 745
0 B 970 981
1 B 1017 998
3 B 108 115
2 C 772 891
4 A 781 778
0 D 289 222
1 A 682 685
0 D 289 222
3 B 792 775
2 D 803 732
4 C 343 296
1 A 449 454
0 D 724 811
2 D 808 727
3 D 495 16
4 D 813 722
1 C 459 436
0 C 195 188
3 A 199 192
4 B 506 485
2 D 603 387
2 C 603 932
3 B 909 914
0 B 799 768
1 B 661 650
2 C 42 85
4 C 596 555
1 C 209 174
0 D 372 139
2 B 197 218
4 B 545 574
3 D 960 575
0 B 82 77
3 D 960 575
1 B 32 63
2 A 371 372
4 C 416 479
0 D 865 670
1 C 851 812
2 D 352 159
3 C 290 349
4 A 928 935
4 A 928 935
1 B 764 739
2 A 402 405
0 D 615 920
4 A 453 450
3 C 135 248
1 A 797 794
0 D 621 914
3 A 721 726
2 C 684 723
4 B 350 321
1 C 818 845
2 B 138 149
4 B 878 881
3 D 395 116
0 C 641 766
1 D 317 194
4 A 996 995
2 C 84 43
0 B 778 789
3 A 880 887
2 C 84 43
1 C 634 517
2 A 827 828
4 C 1015 904
3 B 568 551
1 B 391 408
4 A 1015 904
0 D 353 158
0 D 353 158
2 B 764 739
3 B 637 610
4 A 936 943
1 B 874 885
0 B 872 887
2 B 772 795
3 B 964 987
4 A 181 178
1 A 336 343
0 A 152 159
0 A 152 159
4 B 120 103
2 C 730 677
3 D 830 705
4 A 106 109
0 C 70 57
1 D 860 225
3 C 830 705
0 B 70 57
1 D 860 675
0 B 514 541
2 A 924 923
4 B 478 449
3 C 645 315
3 C 645 762
1 B 414 385
2 C 774 889
4 B 604 579
0 A 794 797
2 A 438 433
3 A 12 11
0 A 357 354
4 B 423 440
2 A 964 963
3 A 979 980
1 C 875 788
0 A 115 116
1 C 875 788
4 C 235 148
2 B 784 783
3 B 0 31
0 A 913 918
4 B 514 541
1 A 216 223
2 C 117 10
0 A 284 283
3 A 388 387
2 C 117 10
1 B 594 589
4 D 479 32
0 A 468 467
4 D 479 32
2 B 538 517
1 A 263 256
3 D 552 983
3 D 552 983
1 B 424 439
0 D 682 905
2 C 1018 901
4 B 115 108
3 A 785 790
1 A 342 337
0 B 1019 996
2 B 541 620
4 A 555 556
3 C 474 421
1 B 661 650
0 D 634 901
2 C 142 241
4 C 708 402
3 D 399 112
1 A 7 0
0 A 97 102
3 B 152 135
1 A 868 867
2 D 938 114
3 A 378 381
1 A 204 203
4 D 1018 517
0 C 650 757
2 B 187 164
0 C 650 757
3 D 60 451
1 C 160 223
2 C 100 27
4 A 892 891
3 D 60 451
0 C 692 715
2 B 723 716
4 A 227 228
1 C 874 789
0 D 27 484
3 C 83 44
4 A 861 858
0 A 343 336
2 C 378 261
2 A 378 261
3 B 784 783
1 D 511 0
4 C 54 73
0 A 950 945
2 A 373 370
1 D 511 0
4 B 269 274
0 C 396 499
2 B 887 872
1 C 397 968
0 B 768 799
3 D 379 132
4 A 400 407
1 A 792 799
3 C 379 132
2 A 645 642
0 A 949 946
3 C 259 380
4 C 680 727
1 C 319 320
2 A 736 743
0 B 764 739
3 B 321 350
4 B 144 143
2 B 628 619
0 D 194 317
1 D 296 695
4 A 820 819
3 C 13 114
1 A 237 234
0 C 826 837
2 B 712 727
3 C 144 239
4 A 712 719
0 D 553 982
1 C 538 613
3 A 502 497
2 C 17 110
2 C 17 110
1 A 42 45
4 A 788 787
3 D 179 332
1 A 939 940
0 B 805 826
2 B 798 769
4 B 509 482
2 B 842 853
4 A 488 495
3 C 468 427
0 B 179 172
1 D 432 79
3 C 468 427
0 B 179 172
1 D 432 79
0 B 415 384
3 B 722 858
0 A 197 194
4 B 191 160
2 D 295 466
2 D 295 216
4 A 598 593
3 C 602 549
1 D 839 696
0 C 277 362
1 D 839 696
2 D 649 886
0 B 824 807
4 C 77 50
3 D 825 710
1 B 359 376
1 B 359 376
3 B 825 710
0 B 963 988
2 A 988 987
3 B 77 82
4 B 26 5
1 C 653 754
0 A 55 48
3 B 130 157
2 C 1005 914
4 B 204 211
1 B 84 75
0 B 366 369
0 B 366 369
2 B 834 861
3 B 493 498
4 A 316 315
1 C 46 81
0 A 491 492
2 C 76 51
3 C 342 297
1 A 130 133
2 A 925 922
0 B 70 89
4 C 662 745
1 D 435 76
3 D 260 251
0 A 553 558
3 C 260 251
1 B 780 787
4 B 632 615
2 C 43 195
2 C 43 84
3 A 423 416
1 C 482 413
0 A 785 790
4 C 516 635
1 C 482 413
4 C 516 635
0 B 392 407
3 D 123 388
1 A 381 378
2 D 615 920
4 A 252 251
2 D 615 920
0 C 613 538
1 A 127 120
3 C 47 80
2 D 298 213
1 B 192 223
3 C 878 785
4 D 287 224
0 C 949 970
3 B 286 257
4 B 254 225
1 C 784 879
2 C 824 839
1 C 784 879
0 D 480 31
0 D 480 31
3 D 954 581
4 A 974 969
2 B 236 243
4 A 203 204
1 D 960 575
0 B 516 539
2 A 590 585
1 C 960 575
3 C 442 453
3 C 442 453
0 B 410 389
1 B 881 878
2 B 954 933
4 A 494 489
3 D 976 194
0 A 360 367
1 D 372 139
2 C 78 49
4 C 59 68
3 C 358 281
0 B 100 123
4 B 44 51
3 A 875 876
1 D 205 306
0 D 861 674
1 D 205 306
2 D 699 836
3 A 192 199
4 D 630 905
4 C 630 905
1 B 351 320
0 D 454 57
2 A 922 925
4 C 216 167
3 D 485 26
0 B 918 905
3 D 485 26
2 B 359 376
1 C 674 733
4 A 122 125
1 C 674 733
2 A 546 549
0 D 748 787
3 C 21 106
4 D 989 546
1 D 565 970
0 C 293 346
4 C 989 546
2 B 206 209
1 B 348 323
3 B 963 988
3 B 963 988
4 C 729 678
0 D 708 46
2 C 705 702
1 C 1013 906
4 A 363 364
3 C 236 147
2 A 328 335
3 C 236 147
0 A 532 531
1 D 888 647
4 C 801 862
2 D 420 91
3 D 739 796
0 C 22 105
1 D 788 747
3 D 739 796
1 D 788 747
4 B 558 561
0 B 988 963
2 B 183 168
3 A 589 586
0 B 876 883
4 C 284 355
4 C 284 355
2 D 594 941
2 D 594 941
3 D 542 191
1 A 594 597
4 D 805 730
0 D 983 552
2 B 233 246
1 B 848 847
4 B 805 730
0 D 983 552
4 B 302 305
2 A 875 876
0 A 210 213
3 D 89 422
1 B 276 267
1 B 276 267
3 D 89 422
4 D 978 557
0 C 499 396
3 D 436 75
4 D 978 557
0 C 499 396
2 A 417 422
3 B 157 130
1 A 104 111
2 A 58 61
4 C 128 827
3 B 388 411
1 B 249 230
4 B 128 255
2 B 308 299
4 B 65 94
0 C 594 557
0 C 594 557
3 C 631 520
4 C 960 959
1 B 628 619
2 C 207 176
0 C 512 639
3 B 209 206
2 A 207 176
1 A 761 766
4 A 422 417
0 B 2 29
2 A 635 636
2 A 635 636
3 B 277 57
0 C 189 194
4 D 87 424
1 C 832 831
2 B 643 668
3 A 732 731
3 A 732 731
2 B 643 668
1 C 832 831
0 C 202 181
1 C 959 960
4 D 503 8
2 A 408 415
4 B 503 8
3 D 308 203
3 D 308 203
1 B 478 449
4 B 794 773
2 A 164 163
4 B 794 773
1 A 157 154
0 D 44 467
3 B 841 854
0 D 44 467
1 B 36 59
2 C 813 850
3 C 390 505
4 D 993 542
0 D 15 496
4 D 993 542
0 D 15 496
2 C 533 618
1 C 95 32
3 B 701 674
0 B 943 944
4 D 144 367
2 C 361 278
4 C 144 367
0 B 465 462
2 C 216 167
1 C 938 335
4 C 580 571
1 C 938 981
3 B 597 586
0 B 906 917
2 B 318 289
4 D 960 575
1 C 827 836
0 B 586 597
4 C 960 575
3 C 843 820
2 B 28 3
4 C 651 756
0 C 110 17
1 B 940 947
3 B 507 484
2 C 621 530
4 B 323 348
1 B 335 336
0 C 594 557
3 B 814 817
0 B 594 557
1 B 627 620
3 B 438 425
2 D 36 475
0 B 428 435
4 C 718 689
4 C 718 689
1 B 769 798
2 A 843 844
0 A 845 842
4 A 193 198
2 B 380 355
1 D 961 574
3 D 134 377
0 C 852 811
4 C 75 52
1 D 476 35
3 A 188 187
2 B 755 748
1 C 476 35
3 B 486 505
0 A 363 364
2 A 798 793
4 D 134 21
1 C 52 75
4 D 134 377
3 A 339 340
0 B 316 291
1 B 178 173
2 B 747 756
1 B 178 173
2 B 747 756
4 D 84 427
1 A 493 490
3 D 36 475
4 D 84 427
2 C 139 244
0 C 156 227
3 A 632 639
1 A 872 879
4 C 123 4
4 C 123 4
0 B 906 917
2 C 360 279
1 B 494 497
3 C 611 540
2 B 360 279
4 C 358 281
2 B 790 777
1 C 128 255
3 B 942 945
3 B 942 945
0 D 322 189
0 A 322 189
1 A 239 232
4 C 133 250
2 B 253 226
3 C 769 894
0 A 285 282
4 D 133 250
2 B 776 791
0 A 386 389
3 D 57 454
4 D 323 188
1 C 197 186
3 B 778 789
2 C 167 216
4 B 599 584
0 D 267 244
1 A 864 871
4 B 801 830
3 C 218 165
2 D 926 609
2 D 926 609
0 A 662 657
1 D 466 45
4 A 353 358
3 D 992 543
2 A 266 269
0 B 104 119
3 A 992 543
3 A 230 225
4 C 473 422
0 A 701 698
2 C 333 306
1 D 355 156
3 B 743 760
1 D 355 156
2 A 978 981
0 C 603 548
4 B 647 664
1 D 444 67
0 B 743 760
3 A 646 641
1 C 444 67
2 C 258 381
0 C 464 431
1 C 876 787
3 C 893 770
4 C 142 241
3 C 893 770
4 C 142 241
2 D 319 192
0 D 19 492
1 C 167 216
3 C 976 943
2 B 521 534
0 A 738 741
3 A 939 940
1 D 626 674
4 D 585 950
3 B 620 627
0 D 373 138
0 D 373 138
2 C 25 102
1 B 483 508
4 A 584 675
2 B 25 102
1 B 483 508
2 B 219 196
3 B 218 197
4 A 67 58
2 A 255 248
1 D 98 413
0 D 575 287
1 A 98 413
0 D 575 960
2 A 209 214
1 A 460 459
3 A 619 620
4 B 195 220
2 A 303 296
0 A 287 280
3 B 575 544
4 B 522 533
2 A 998 993
1 A 506 509
3 C 875 788
0 C 842 821
4 D 153 358
2 A 18 21
3 A 588 587
1 C 622 529
4 A 614 609
0 A 960 967
2 B 816 815
1 A 622 529
3 A 520 527
0 B 843 852
1 A 149 146
2 C 849 814
4 C 837 826
0 A 484 483
4 C 837 826
2 A 872 879
1 C 172 211
3 D 682 853
3 D 682 853
4 C 610 541
1 B 935 952
4 C 610 541
2 C 22 105
0 C 653 754
4 A 405 402
2 C 22 105
3 C 262 377
1 C 740 667
0 A 743 736
2 A 29 26
1 C 740 667
3 B 278 265
4 A 429 426
1 A 14 9
3 A 162 165
0 A 407 400
2 A 625 630
4 D 408 103
4 D 408 103
3 B 554 565
1 C 572 579
1 C 572 579
0 D 733 802
4 C 71 56
0 D 733 802
1 A 923 924
3 D 294 217
2 C 997 922
3 D 294 217
0 B 735 704
4 C 587 447
0 B 735 704
4 C 587 564
1 A 345 350
2 A 494 489
4 B 167 184
0 A 808 815
3 D 151 360
1 C 628 523
2 A 467 468
3 C 151 360
1 C 628 523
0 D 302 209
3 C 773 890
4 D 137 374
1 A 108 107
2 B 84 75
0 A 984 991
3 B 271 272
1 C 111 16
2 C 640 767
4 C 79 48
0 B 268 275
3 A 322 325
2 D 640 767
4 A 826 829
3 A 859 860
0 C 1020 899
1 A 523 524
0 C 1020 899
2 D 124 387
4 C 129 254
3 D 566 969
3 D 566 969
1 C 1023 896
2 B 88 71
4 D 662 873
0 C 269 370
3 B 734 705
1 A 51 52
4 C 662 873
0 C 269 370
4 C 970 949
3 D 601 934
0 C 553 598
1 D 310 201
2 C 264 375
1 D 310 201
3 A 677 674
2 C 264 375
1 B 693 682
3 A 753 758
4 B 388 411
2 C 235 148
0 A 841 846
1 A 741 738
4 A 954 957
2 A 441 446
3 C 180 203
0 C 289 350
1 D 692 843
4 A 496 503
3 A 430 425
0 A 657 662
2 C 750 657
2 B 750 657
1 B 493 498
3 A 790 785
2 B 819 812
4 C 630 706
1 A 427 428
0 C 546 605
2 D 656 879
4 A 92 91
3 C 236 147
1 B 105 118
0 C 209 174
2 D 440 71
4 D 796 739
3 C 620 531
2 B 440 71
0 B 886 873
1 A 800 807
4 B 960 991
2 B 364 371
3 B 127 96
4 B 746 757
1 B 613 634
2 B 926 897
3 A 454 449
0 D 436 262
4 A 88 95
0 D 436 75
3 A 1007 1000
1 C 650 757
2 C 664 743
2 C 664 743
3 A 445 442
0 C 518 633
0 C 518 633
1 C 351 288
2 A 788 787
3 B 799 768
4 D 245 266
1 B 351 288
4 D 245 266
1 B 502 489
3 C 33 94
2 C 172 211
0 B 666 645
4 B 83 76
1 D 693 842
2 C 878 785
0 B 260 283
3 D 586 949
3 D 586 949
1 C 822 841
2 C 1 126
total time of producer and consumer measured by clock(2):
producer takes -1789787296 clicks 2505.179932 seconds.
consumer takes 50000 clicks 0.050000 seconds.
total time of producer and consumer measured by time(2):
producer takes 620.000000 seconds.
consumer takes 0.000000 seconds.

real	5m18.840s
user	21m15.033s
sys	0m0.102s
