1 B 53 42
0 D 961 753
3 B 736 767
0 A 382 377
2 C 747 660
2 C 747 660
1 B 128 159
4 C 819 844
4 B 819 844
0 A 648 655
4 B 808 823
2 D 721 814
3 C 649 758
1 A 350 345
3 C 649 758
1 A 350 345
0 A 429 426
4 B 918 905
2 B 251 228
1 B 950 937
3 C 255 128
4 B 605 578
3 C 255 128
1 A 130 133
0 D 116 395
2 C 730 677
2 C 730 677
4 B 291 316
3 C 642 765
0 C 873 790
2 C 226 157
1 D 735 800
1 D 735 800
2 A 700 699
3 A 353 358
4 D 599 936
4 D 599 936
0 D 267 311
1 B 484 507
2 C 849 814
3 B 389 410
4 D 309 202
0 D 813 722
1 C 964 955
3 B 425 438
2 C 253 130
0 C 219 164
2 C 253 130
0 C 219 164
3 B 112 111
4 C 686 721
1 C 416 479
2 B 537 518
0 B 370 365
3 B 534 521
1 B 923 900
2 A 531 532
0 A 708 707
3 D 702 536
1 C 394 501
0 B 680 695
4 D 337 174
3 A 898 901
2 D 788 747
1 B 200 215
0 C 1009 910
4 D 500 72
2 A 905 910
3 A 628 627
1 D 594 941
4 A 511 504
0 A 717 714
2 A 75 76
4 B 635 612
3 C 742 665
0 D 62 449
1 D 823 712
4 B 327 344
3 C 276 363
2 D 63 448
0 B 539 516
2 C 63 448
4 C 119 8
0 C 628 523
2 C 863 800
1 D 454 57
1 D 454 57
3 D 584 951
4 B 860 835
0 D 284 227
2 C 505 390
1 A 197 194
3 A 604 603
0 B 281 262
4 C 207 176
2 B 841 854
4 C 207 176
1 A 261 258
3 D 73 438
2 B 121 102
3 D 73 438
1 A 126 121
0 D 986 549
0 D 986 549
4 A 65 70
3 A 448 455
1 A 426 429
2 A 920 927
3 A 448 455
4 B 554 565
1 A 999 992
2 A 580 579
3 D 85 426
0 D 45 466
0 D 45 466
2 B 696 679
3 C 435 460
1 A 560 567
4 D 927 608
0 B 693 682
4 D 927 608
2 A 614 609
3 A 371 372
1 D 126 385
0 B 161 190
4 C 597 554
2 B 800 831
3 D 571 964
0 A 617 622
1 D 507 4
3 D 571 964
4 C 466 429
1 D 507 4
4 C 466 429
0 D 244 267
1 D 324 187
4 C 376 263
3 A 902 897
0 A 20 19
1 B 873 886
2 C 765 392
2 C 765 642
3 C 772 891
4 C 49 78
0 C 112 15
1 B 349 322
2 C 205 178
3 B 825 806
4 A 56 63
2 C 205 178
0 B 926 897
1 B 62 33
2 C 932 987
3 D 467 44
0 B 664 647
4 C 309 330
4 C 309 330
3 A 139 140
0 C 252 131
2 D 603 932
4 A 116 115
1 A 513 518
3 B 1023 992
2 B 864 895
0 D 207 304
1 B 759 744
0 A 207 304
4 C 3 124
3 A 604 603
4 A 3 124
0 A 204 203
0 A 204 203
4 A 264 271
1 D 652 883
0 B 916 907
2 C 948 971
3 D 168 343
4 D 767 768
1 C 184 199
0 B 800 831
1 B 981 970
2 A 193 198
4 C 964 955
3 D 990 545
0 D 902 633
1 A 629 626
3 D 990 545
0 D 902 633
4 A 465 470
0 D 492 19
1 D 62 449
3 C 68 59
4 D 106 405
2 A 287 280
0 A 889 894
1 A 411 412
4 C 106 405
3 D 459 52
2 C 509 386
4 A 755 756
0 A 697 702
1 B 659 652
2 B 263 280
3 A 701 698
4 B 595 588
0 B 137 150
2 B 145 142
1 C 47 80
3 C 564 587
4 D 655 880
3 C 564 587
0 C 39 88
4 D 655 880
0 C 39 88
1 A 192 199
2 C 576 575
2 C 576 575
3 C 38 89
4 C 962 957
0 C 458 437
4 C 962 957
3 C 38 89
0 A 458 437
4 A 578 581
0 A 575 568
3 A 728 735
1 C 22 45
1 C 22 105
2 A 59 60
4 A 796 795
3 D 197 611
1 A 587 588
2 A 43 44
0 A 841 846
2 A 43 44
4 A 90 93
0 A 167 160
1 B 728 711
2 D 627 908
3 D 498 13
4 D 146 365
1 B 561 558
0 C 397 498
3 A 104 111
4 A 757 754
0 C 397 498
2 C 148 235
1 C 546 605
3 A 447 440
0 B 556 563
4 C 578 573
2 D 860 675
1 A 170 173
3 A 1007 1000
0 B 164 187
4 A 612 611
2 A 517 514
3 A 638 633
0 C 321 318
1 D 624 385
0 C 321 318
4 A 469 466
1 C 624 911
0 A 919 912
2 A 97 102
1 C 578 573
3 B 811 820
4 C 198 185
1 C 578 573
2 C 79 48
0 B 712 727
4 D 393 118
3 C 673 734
3 C 673 734
4 D 393 118
2 B 94 65
1 C 322 317
4 A 390 385
0 B 788 779
3 A 416 423
2 B 822 809
4 A 631 624
1 C 448 447
1 C 448 447
3 A 432 439
2 B 517 538
0 D 928 607
4 C 640 767
0 D 928 607
1 D 384 127
3 A 215 208
4 A 665 670
0 D 957 578
2 D 776 759
1 B 601 582
3 C 312 327
4 B 166 185
2 A 660 659
4 B 166 185
1 A 133 130
0 D 639 896
2 A 681 686
0 C 639 896
3 C 257 382
4 A 922 925
1 B 129 158
0 C 241 142
2 A 327 320
0 C 241 142
3 C 302 337
1 B 13 18
2 A 210 213
4 C 380 259
0 D 939 596
3 B 868 891
1 A 518 513
2 A 846 841
0 D 939 596
2 C 403 492
3 D 706 829
4 D 87 424
1 D 800 735
0 C 117 10
4 B 786 781
1 B 782 785
0 C 117 10
2 A 437 434
3 B 57 38
4 B 633 614
0 A 136 143
1 B 181 170
2 B 841 854
1 B 181 170
2 B 841 854
3 A 316 315
4 A 408 415
1 C 320 319
0 B 196 219
2 C 521 630
3 D 136 375
2 C 521 630
3 D 136 375
1 A 208 215
4 B 868 891
1 A 208 215
0 A 940 939
2 B 526 529
3 B 615 632
4 A 95 88
4 A 95 88
1 D 587 287
0 C 216 167
3 B 321 350
2 C 738 669
1 A 936 943
0 B 892 867
4 D 238 273
3 A 144 151
2 A 23 16
4 D 238 273
1 C 765 642
3 C 72 55
4 D 880 655
0 C 642 765
1 A 721 726
2 D 604 931
2 A 604 931
4 A 928 935
3 A 364 363
0 A 7 0
1 B 411 388
2 A 290 293
4 B 23 8
0 B 1019 852
3 C 842 821
1 B 781 393
2 B 403 396
3 B 842 821
0 B 84 75
1 A 767 760
3 B 198 217
4 B 296 311
0 A 817 822
1 A 210 213
2 C 290 349
3 D 246 265
0 A 157 154
3 D 246 265
4 C 719 688
2 C 416 479
1 B 201 214
0 D 829 706
3 A 896 903
4 D 338 173
0 D 829 706
2 B 957 930
1 A 483 484
3 A 42 247
4 C 1016 903
0 B 420 443
2 A 796 795
1 B 452 475
3 A 831 824
0 B 849 846
1 A 826 829
4 D 568 967
3 A 509 506
2 C 588 563
4 A 568 967
2 C 588 563
3 B 566 553
4 A 257 262
0 A 670 665
1 A 976 983
2 B 807 824
3 B 565 554
4 A 134 129
0 A 666 669
1 A 105 110
2 B 61 34
3 D 949 586
1 B 351 320
2 B 396 403
0 C 653 921
0 C 653 754
3 C 169 214
4 D 1004 531
1 D 957 578
0 D 367 144
3 C 309 330
1 A 270 265
4 A 632 639
2 C 184 366
3 C 309 330
0 B 421 442
1 B 606 577
2 A 934 929
4 D 59 452
0 D 924 611
1 A 968 975
3 D 496 15
4 A 60 59
3 D 496 15
2 C 262 377
0 D 595 940
3 B 789 778
4 A 125 122
1 D 542 993
1 D 542 993
4 D 245 266
2 B 320 351
0 C 160 223
1 D 88 423
3 A 310 305
0 C 160 223
1 D 88 423
2 A 86 81
0 B 328 343
3 C 171 212
4 C 150 233
3 B 171 212
1 B 466 461
0 A 805 802
2 D 254 257
2 D 254 257
3 B 658 653
0 B 716 723
1 A 327 320
4 A 190 185
2 B 933 954
3 B 574 545
2 B 933 954
3 B 574 545
0 C 878 785
1 B 644 667
4 B 198 217
1 B 644 667
2 D 592 195
3 B 494 497
4 C 407 488
0 B 654 657
2 B 655 656
1 B 276 267
4 A 401 406
3 B 428 435
3 B 428 435
0 D 895 640
4 C 720 687
2 B 253 226
3 D 556 979
1 D 184 327
4 B 115 108
0 C 774 889
2 C 505 390
0 C 774 889
3 C 108 19
1 A 19 20
2 B 873 886
4 B 284 259
0 A 130 133
3 B 21 10
0 A 130 133
2 B 392 407
3 B 453 474
1 D 175 336
4 B 978 973
0 B 114 109
1 A 175 336
2 B 885 874
1 A 19 20
4 A 64 71
2 A 789 786
3 D 498 568
3 D 498 13
1 D 937 598
0 B 309 298
4 D 618 917
3 B 983 968
2 C 879 784
1 C 829 834
4 B 138 149
0 D 545 990
1 C 829 834
3 C 855 808
2 C 497 398
0 B 656 655
4 D 502 9
1 D 203 308
3 C 34 93
2 A 265 270
4 D 487 24
0 C 814 849
1 D 978 557
3 C 796 867
2 D 504 7
1 A 81 86
2 D 504 7
0 C 758 649
3 B 860 835
1 B 778 789
4 C 109 18
4 C 109 18
3 B 105 118
2 D 433 125
2 D 433 78
0 B 521 534
1 C 383 256
1 C 383 256
3 A 406 401
4 A 991 984
3 B 654 657
1 C 215 168
4 B 16 15
0 A 944 951
2 C 170 213
1 C 215 168
4 B 273 270
3 D 848 687
0 A 641 646
2 C 577 574
3 D 848 687
1 D 82 429
4 D 636 899
3 A 153 158
4 D 636 899
2 C 788 202
3 D 351 160
4 D 88 423
0 C 269 370
2 A 517 514
1 D 923 612
1 D 923 612
4 B 820 811
2 D 248 263
1 B 259 284
0 D 181 28
4 C 950 969
2 C 248 263
0 C 181 330
2 C 584 567
1 B 880 879
3 A 7 0
2 B 584 567
0 B 520 535
4 A 739 740
2 B 383 352
0 D 937 598
1 D 536 999
3 D 77 434
4 A 74 77
4 A 74 77
2 D 422 89
2 D 422 89
0 A 457 462
1 D 16 495
3 D 657 878
4 C 820 843
2 C 394 501
4 C 820 843
1 B 809 822
0 C 370 269
3 A 262 257
2 D 117 394
4 C 863 800
1 B 679 696
0 B 488 503
4 C 863 800
3 C 183 200
2 B 736 767
1 A 14 883
4 B 875 884
2 B 497 494
3 D 10 501
3 D 10 501
0 B 552 567
1 C 848 815
0 B 552 567
1 C 848 815
4 C 215 168
2 B 301 306
3 C 218 165
0 D 816 719
1 D 615 920
2 C 738 669
1 D 615 920
4 C 820 843
0 C 829 834
2 A 534 529
3 C 345 294
1 B 47 48
3 C 345 294
0 B 250 229
4 C 1020 899
2 B 232 247
4 C 1020 899
1 C 507 388
2 A 401 406
0 C 106 21
0 C 623 21
3 C 804 801
1 D 603 932
4 A 615 608
1 D 603 932
0 C 766 641
0 C 766 641
2 D 116 395
4 C 301 338
3 A 627 628
1 D 399 112
0 D 672 863
1 D 399 112
3 B 86 73
4 D 900 635
0 C 672 863
4 D 900 635
2 C 505 390
0 C 220 163
1 D 714 821
4 C 579 572
1 D 714 821
0 A 971 972
3 C 739 668
2 C 306 333
3 D 739 668
1 A 638 633
4 A 918 913
3 D 249 262
1 D 644 891
0 C 479 416
2 D 994 541
4 B 748 755
0 B 42 53
3 D 371 140
1 A 59 60
2 B 658 653
4 B 852 843
3 C 371 140
0 A 456 463
2 B 571 548
4 A 506 509
3 C 210 173
1 D 700 835
0 D 662 873
3 B 179 172
2 D 672 863
4 C 583 568
1 B 146 141
4 A 984 991
3 D 895 640
1 B 733 706
0 D 859 676
2 B 737 766
0 A 859 676
1 B 71 88
0 A 689 694
4 D 23 488
2 D 297 214
3 C 246 137
1 B 643 668
4 A 912 919
3 C 246 137
2 D 297 214
0 A 291 292
3 A 847 840
1 C 41 86
2 D 924 611
4 D 1010 525
2 D 924 611
1 C 41 86
3 A 884 883
4 A 62 57
0 B 157 130
3 B 795 772
4 B 583 600
1 C 274 866
0 B 277 266
1 C 274 365
3 B 801 830
2 D 821 714
0 A 427 428
4 D 758 777
1 A 304 311
3 A 351 344
2 C 846 817
0 B 84 75
4 A 694 689
1 D 640 895
1 D 640 895
3 D 144 367
4 A 460 459
0 C 740 667
2 D 159 352
0 C 740 667
3 B 161 190
2 D 159 352
1 C 852 811
4 B 476 451
4 B 476 451
2 A 562 565
0 D 366 271
0 D 366 145
4 A 779 780
3 C 290 349
1 B 877 882
0 D 278 233
2 B 319 288
4 D 94 417
3 B 982 969
1 A 266 269
0 C 469 426
2 A 292 291
4 C 94 417
3 C 148 235
4 C 849 814
0 C 396 499
1 C 206 177
2 C 637 514
4 A 924 923
3 D 405 106
0 B 641 670
2 D 764 771
2 D 764 771
4 C 658 749
1 C 759 648
3 C 191 192
0 C 200 183
4 C 457 438
1 D 781 754
2 C 315 324
0 A 919 912
3 D 747 788
2 C 315 324
3 C 747 788
0 D 788 747
2 D 186 325
3 B 61 34
1 A 333 330
4 D 698 837
4 D 698 837
2 B 792 775
3 C 194 189
0 C 585 566
1 D 762 773
2 A 55 48
0 C 585 566
1 D 762 773
4 A 874 877
0 A 655 648
1 B 108 115
3 D 179 332
3 D 179 332
2 C 969 950
4 D 124 387
0 C 448 447
1 C 464 431
1 C 464 431
3 B 1019 996
4 A 491 492
2 B 384 415
3 A 502 497
1 A 721 726
0 D 776 759
4 D 146 365
2 C 977 942
1 A 623 616
4 D 146 365
0 A 401 406
3 D 797 738
3 C 797 738
2 C 463 44
0 B 552 567
2 D 463 432
3 A 728 735
4 A 48 55
0 B 283 260
1 D 681 854
2 C 675 732
0 B 258 285
1 B 681 854
3 C 471 424
3 A 471 424
3 A 574 569
1 D 167 344
4 B 117 106
2 C 171 342
0 B 235 244
0 B 235 244
2 B 171 212
3 B 337 334
1 B 166 185
2 B 487 504
4 D 281 230
1 A 66 69
0 A 58 61
4 D 281 230
3 D 755 780
0 C 726 681
4 D 691 844
2 C 243 140
1 C 862 801
3 C 254 129
2 A 243 140
1 C 862 801
2 A 827 828
4 D 284 227
1 C 373 266
0 D 495 16
3 D 572 963
2 D 123 388
4 B 787 780
0 D 206 305
1 A 929 934
3 C 680 727
0 A 741 738
2 D 660 875
1 D 808 727
4 A 864 871
2 C 660 875
1 B 637 610
3 B 597 586
0 A 362 365
2 C 30 97
4 D 641 894
2 C 30 97
3 A 477 474
1 D 381 130
0 D 772 763
4 A 355 356
1 C 381 130
2 A 471 464
0 A 772 763
3 A 55 48
1 C 155 228
0 A 658 661
1 C 155 228
4 D 318 553
2 A 170 173
0 A 440 447
4 C 318 193
2 A 170 173
0 B 21 10
4 C 661 746
1 B 186 165
1 B 186 165
2 D 553 982
3 D 614 921
2 D 553 982
3 C 614 921
4 B 240 239
2 D 462 49
3 C 523 628
0 C 829 834
1 B 613 634
4 D 491 20
2 A 440 447
3 B 508 483
0 B 515 540
1 C 923 996
0 B 515 540
1 C 923 996
4 C 964 955
3 B 989 962
2 D 865 670
4 D 287 224
1 B 729 710
0 D 185 326
3 D 437 74
2 A 929 934
4 B 29 2
1 B 515 540
0 D 922 613
0 D 922 613
3 C 929 990
4 B 622 625
1 A 264 271
2 B 262 281
0 A 176 183
1 A 818 821
2 A 970 973
3 A 598 593
0 A 246 241
4 D 935 600
4 D 935 600
2 A 665 670
3 A 760 767
0 A 161 166
3 A 760 767
2 A 998 993
0 B 446 417
1 D 215 296
4 D 474 37
1 D 215 296
4 B 474 37
4 B 911 912
3 A 958 953
0 B 903 920
2 A 748 747
1 A 363 364
0 A 637 634
3 C 86 41
4 D 625 910
2 B 909 914
4 D 625 910
1 A 40 47
3 B 904 919
0 C 520 631
4 B 362 373
0 B 520 631
1 A 601 606
0 B 109 114
2 C 816 847
3 B 417 446
4 C 679 728
1 D 1011 524
0 B 142 145
2 A 550 545
2 A 550 545
4 B 986 965
4 B 986 965
3 C 197 186
3 A 197 186
0 B 688 687
1 C 495 400
4 B 83 76
1 C 495 400
3 A 188 187
2 B 370 365
3 A 188 187
0 A 659 660
1 B 228 251
4 C 480 415
3 A 721 726
4 A 265 270
0 A 565 562
2 C 478 417
2 C 478 417
3 A 813 810
1 D 51 460
1 D 51 460
0 A 785 790
4 C 625 526
2 D 323 188
3 A 29 26
1 A 318 313
3 A 29 26
2 D 323 188
4 A 635 636
0 A 151 144
1 B 854 841
3 C 364 275
4 A 217 222
0 B 349 322
2 C 47 80
4 B 247 232
3 A 61 58
2 B 47 80
0 D 455 56
1 B 503 488
2 B 193 222
3 B 909 914
0 D 455 56
4 C 503 392
1 C 126 1
0 D 127 384
2 C 798 865
3 D 400 111
4 B 61 34
0 A 518 513
2 A 509 506
3 B 248 231
1 A 45 42
4 A 923 924
3 C 100 27
0 D 956 579
2 A 894 889
1 D 84 427
4 C 890 773
1 D 84 427
2 A 957 954
3 A 6 1
4 D 461 145
4 D 461 50
0 C 666 872
3 C 354 285
0 C 666 741
3 C 354 285
2 D 855 680
4 C 807 856
3 A 591 584
0 C 149 234
1 D 318 193
0 C 149 234
1 D 318 193
0 C 740 667
1 D 851 684
2 A 450 453
3 D 932 603
4 D 213 298
3 D 932 603
4 D 213 298
1 A 535 528
2 C 859 804
0 B 665 646
3 A 783 776
0 A 398 393
2 C 26 101
4 C 484 411
1 A 212 211
2 C 26 101
4 B 933 954
0 B 112 111
2 D 440 71
3 D 1020 515
1 D 241 270
4 C 881 782
0 C 668 739
1 B 465 462
3 C 562 589
0 C 668 739
2 A 873 878
4 B 641 670
3 D 562 589
1 B 605 578
2 A 883 884
4 C 279 360
3 C 276 363
0 D 142 369
1 A 613 610
2 B 328 343
4 A 992 999
2 B 328 343
4 A 992 999
3 A 747 748
2 B 403 396
0 C 28 99
1 A 685 682
0 C 28 99
4 C 378 261
3 C 843 820
4 C 378 261
3 C 843 820
2 A 366 361
0 C 275 364
1 B 89 1018
3 C 844 761
4 C 728 679
2 C 625 526
0 B 316 291
1 C 634 517
3 C 527 624
4 D 387 124
2 D 773 762
1 C 836 827
3 A 238 233
4 B 727 712
0 B 987 964
0 B 987 964
2 D 362 141
1 C 843 820
3 B 252 227
2 D 362 149
4 C 1009 910
3 B 252 227
4 C 1009 910
2 B 3 28
3 B 606 577
1 B 735 704
0 D 482 29
4 D 505 6
0 D 482 29
2 A 283 284
1 B 968 983
3 C 276 363
4 A 573 570
3 C 276 363
0 C 293 346
2 B 264 279
1 D 207 304
0 A 678 673
3 C 338 301
4 D 9 502
2 A 825 830
1 D 573 962
4 B 451 476
3 C 663 744
0 A 244 243
2 C 423 472
2 A 423 472
1 D 262 730
3 B 478 449
2 A 928 935
0 D 88 423
4 A 391 384
1 B 479 448
0 D 88 423
3 C 199 184
2 B 898 925
4 A 75 76
3 C 199 184
1 D 660 875
2 A 996 995
0 C 209 174
3 A 448 455
4 A 462 457
0 C 209 174
2 B 933 954
1 D 657 878
4 C 246 137
3 D 395 116
0 D 787 748
4 A 916 915
0 B 293 314
1 C 697 710
2 C 998 921
1 B 697 710
3 D 627 908
2 C 998 921
1 B 598 585
3 D 627 908
0 A 573 570
2 C 33 94
3 A 345 350
1 D 392 119
4 A 527 520
0 A 708 707
0 A 708 707
1 C 392 119
2 C 99 28
2 C 99 28
1 C 842 821
3 A 308 307
0 A 846 841
4 D 599 936
2 B 755 748
4 B 599 936
0 B 372 363
2 A 580 579
4 B 97 126
1 C 744 663
1 C 744 663
2 B 215 200
3 A 301 298
4 A 751 744
0 D 995 896
3 B 67 92
0 D 995 540
1 C 727 680
4 D 953 582
3 A 528 535
0 C 181 202
2 C 852 811
4 B 693 682
1 C 995 924
3 B 6 25
0 B 954 933
2 B 94 65
4 B 348 323
1 B 175 176
1 B 175 176
3 B 246 233
2 A 217 222
0 D 27 363
4 B 519 536
1 A 17 22
0 D 27 484
3 A 478 473
4 B 158 129
1 B 103 120
3 C 999 920
2 C 712 695
0 C 947 972
1 B 268 275
4 C 306 333
2 C 764 643
3 B 949 938
0 A 856 863
2 D 764 643
1 A 879 872
1 A 879 872
4 D 366 181
2 D 99 412
0 A 146 149
1 A 630 625
4 A 718 713
3 A 327 320
2 D 99 412
3 A 327 320
1 C 473 713
4 A 623 616
0 A 366 361
3 A 659 660
0 A 366 361
1 B 456 471
2 D 878 281
2 D 878 657
4 B 172 179
0 C 197 186
1 D 510 1
0 C 197 186
1 D 510 1
3 C 766 641
4 C 503 392
2 B 438 425
1 B 383 352
0 B 436 427
4 A 862 895
3 B 577 606
0 B 436 427
3 B 577 606
2 C 156 227
0 A 106 109
4 C 683 448
3 A 746 749
1 D 338 173
2 D 12 1020
0 A 522 525
4 B 865 894
2 D 12 499
1 A 31 24
1 A 31 24
3 C 713 600
0 D 209 302
4 D 357 154
2 C 1002 917
0 B 974 977
4 D 357 154
3 C 981 938
1 C 406 489
2 C 53 74
4 C 445 450
3 C 981 938
1 B 395 404
4 C 445 450
3 C 187 196
0 C 776 887
2 A 436 435
4 A 872 879
1 A 884 883
3 B 86 73
2 B 828 803
4 C 450 445
1 A 213 210
0 C 323 562
3 D 358 153
4 A 539 540
0 B 714 725
3 B 358 153
1 B 126 97
2 D 152 359
3 B 748 755
4 C 762 645
0 C 871 792
1 C 611 540
2 C 694 713
4 A 56 63
3 C 439 456
0 D 564 971
1 A 108 107
2 C 366 273
3 C 869 794
4 C 164 219
0 C 76 51
1 A 825 830
2 D 983 552
0 B 678 697
1 B 48 47
3 B 521 534
1 B 48 47
3 B 521 534
4 C 827 836
1 C 757 650
2 D 450 61
3 D 748 787
4 B 966 985
0 D 47 464
4 B 966 985
0 D 47 464
1 A 128 135
4 B 655 656
2 D 437 74
3 D 777 758
0 C 308 331
2 B 985 966
3 B 519 536
1 C 811 852
4 B 922 901
4 B 922 901
2 C 582 528
0 C 288 849
0 C 288 351
4 D 32 479
2 B 212 203
1 D 163 348
3 D 893 642
0 A 198 193
1 B 721 718
2 B 619 628
3 B 344 327
4 B 476 451
0 A 744 751
2 B 451 476
3 C 409 486
4 A 692 691
0 C 237 146
1 D 23 488
1 D 23 488
3 B 149 138
0 B 965 986
4 D 405 106
2 B 545 574
2 B 545 574
4 A 89 106
3 C 504 391
0 D 127 384
1 C 1012 907
4 A 130 133
2 D 840 695
1 C 1012 907
2 D 840 695
3 B 349 322
4 C 419 476
4 C 419 476
1 C 71 56
3 A 674 677
2 D 644 891
0 B 378 357
2 D 644 891
4 B 752 751
3 A 976 983
0 D 785 750
1 D 574 961
2 D 393 118
0 D 785 750
1 D 574 961
2 D 393 118
4 B 935 952
0 A 543 536
1 B 731 708
3 C 61 66
2 B 936 951
3 D 61 66
0 A 459 460
2 A 886 881
1 D 442 69
4 B 719 720
3 D 704 831
1 D 442 69
3 D 704 831
0 B 138 149
4 D 77 442
2 A 996 995
3 A 465 470
0 B 937 950
4 D 77 434
1 A 535 528
0 B 937 950
1 A 535 528
4 A 740 739
2 C 925 994
0 B 729 710
3 D 1021 514
1 A 488 495
3 C 1021 514
2 A 101 98
4 A 48 55
0 A 121 126
1 D 348 163
3 C 5 122
2 B 631 616
1 D 348 163
3 C 5 122
0 B 214 201
4 A 213 210
1 A 259 260
2 A 488 495
0 B 680 695
3 A 145 150
1 B 459 468
4 C 568 102
2 B 268 275
3 C 78 49
0 B 456 471
4 A 568 583
4 A 966 961
1 D 547 988
2 D 997 538
3 B 296 311
0 A 40 47
4 C 521 630
1 A 95 88
1 A 95 88
2 D 393 118
4 B 521 630
2 D 393 118
3 B 485 506
4 A 926 921
1 D 14 497
2 B 436 427
0 C 638 513
1 C 14 497
0 C 638 513
3 B 770 797
2 B 0 31
1 A 337 342
3 B 773 794
4 A 175 168
0 C 627 524
2 C 357 282
1 A 621 618
3 B 981 970
2 C 357 282
4 B 218 197
0 C 729 678
4 B 218 197
0 C 729 678
2 A 394 397
1 C 265 374
3 A 226 229
1 C 265 374
3 A 761 766
0 C 832 831
2 B 450 477
0 C 832 831
4 C 593 558
4 C 593 558
1 D 442 462
3 D 729 806
4 C 995 924
0 A 904 911
2 B 42 53
0 B 303 304
1 D 397 950
4 C 218 165
3 C 259 380
2 A 227 228
1 A 826 829
0 B 832 635
3 A 658 661
0 B 832 863
1 A 944 951
2 C 921 658
2 C 921 998
3 D 832 703
0 B 817 814
4 B 197 218
1 C 919 1000
2 D 194 317
3 D 883 652
0 D 768 767
4 C 318 321
2 D 273 238
3 C 797 866
0 A 426 429
4 C 318 321
1 B 617 630
1 B 617 630
0 A 518 513
2 B 121 102
3 B 679 696
4 A 923 924
1 B 659 652
2 B 632 615
3 B 378 357
4 B 238 241
0 B 184 167
1 A 287 280
3 B 482 509
4 A 882 885
2 D 553 982
1 A 561 566
0 C 20 876
4 D 805 730
2 B 345 326
4 A 805 730
3 C 676 488
3 C 676 731
4 C 703 443
0 C 563 588
1 A 505 510
2 A 119 112
4 C 703 704
0 B 563 588
0 B 563 556
3 C 480 415
4 C 262 377
1 D 699 836
2 B 623 624
0 A 759 752
3 A 325 322
0 A 759 752
4 C 455 972
2 B 182 169
4 B 455 440
3 D 510 1
1 C 154 229
4 B 162 189
0 B 646 665
3 D 510 1
2 A 882 885
0 A 834 837
1 D 430 81
4 B 19 12
3 C 199 268
3 C 199 184
0 B 545 574
1 C 473 759
2 A 969 974
2 A 969 974
0 C 283 356
3 D 433 78
4 C 818 371
0 A 956 955
2 C 578 573
1 B 672 703
4 C 818 845
2 B 578 573
2 B 705 734
3 B 566 512
0 A 103 96
4 C 10 117
2 B 908 915
4 D 10 117
1 D 755 780
3 C 878 831
0 B 362 373
1 B 660 651
4 C 236 147
2 B 814 817
3 C 449 446
4 C 236 147
1 B 696 679
0 C 80 47
4 D 635 900
2 A 426 429
3 B 631 616
4 D 635 900
1 B 726 713
2 A 322 325
4 A 610 613
0 D 934 554
3 D 256 255
1 C 641 766
2 A 869 866
4 A 67 68
0 D 898 637
3 A 266 269
1 A 309 306
2 B 871 888
0 D 898 637
3 C 825 838
4 B 745 758
0 D 4 507
2 B 462 465
1 D 925 610
1 D 925 610
4 A 393 398
3 A 436 435
4 A 393 398
0 D 717 818
0 D 717 818
2 D 70 441
3 C 962 957
4 D 707 828
0 D 487 24
1 C 360 279
2 A 169 174
4 D 146 365
0 D 761 774
1 D 757 778
2 A 639 632
3 D 205 306
3 C 205 306
0 C 622 529
1 C 931 988
3 C 16 111
4 C 970 949
4 C 970 949
1 D 39 472
0 A 501 498
2 D 877 658
2 A 877 658
1 A 623 616
4 B 829 802
0 A 989 986
2 A 71 64
3 D 716 819
4 D 409 102
0 D 343 168
1 D 632 903
2 B 866 893
4 B 805 826
1 B 748 755
3 D 789 746
0 C 797 866
2 B 578 605
3 D 789 746
0 A 914 917
4 A 56 63
1 C 534 617
1 C 534 617
2 A 77 878
3 A 284 283
0 B 288 319
4 C 68 59
2 B 279 264
1 C 330 309
1 C 330 309
2 B 137 150
3 A 424 431
0 B 107 116
4 B 412 387
1 A 141 138
2 B 56 39
3 B 855 840
0 C 249 134
1 A 225 230
3 B 741 762
0 C 249 134
4 C 550 73
4 C 550 601
3 B 832 863
2 B 203 212
4 A 590 585
0 C 1000 919
0 C 1000 919
3 A 50 53
1 D 378 133
1 D 378 133
0 A 488 495
2 B 233 246
4 C 698 709
3 B 979 972
4 C 698 709
3 B 979 972
0 B 344 327
0 B 344 327
1 A 648 655
4 B 188 163
2 A 123 124
2 A 123 124
1 D 674 861
0 C 144 239
3 A 441 446
2 D 184 327
4 D 212 299
3 B 585 598
2 A 937 942
4 C 212 299
1 D 229 282
1 B 229 282
0 D 995 189
3 B 635 612
4 A 986 989
1 B 324 347
2 D 21 490
0 B 28 3
4 A 383 376
3 D 775 760
3 D 775 760
0 B 144 143
2 B 936 951
1 D 315 196
4 D 860 675
1 D 315 196
4 D 860 675
3 B 83 76
1 B 75 84
2 B 163 188
3 A 83 76
2 B 163 188
0 C 227 156
0 C 227 156
3 A 105 110
4 A 706 709
1 A 754 757
2 A 572 571
1 B 412 387
4 B 644 667
0 B 417 446
3 C 281 358
3 C 281 358
2 D 826 709
4 B 188 163
1 D 496 15
2 D 826 709
3 A 536 543
1 D 496 15
0 B 185 166
4 B 113 110
2 D 739 796
1 B 702 673
2 B 739 796
0 A 41 46
1 A 846 841
2 B 223 192
3 B 244 235
0 C 385 510
4 D 382 3
1 D 266 813
3 A 987 988
0 D 950 585
1 B 64 95
2 D 869 666
4 A 796 795
3 D 400 111
3 D 400 111
0 D 841 694
2 D 118 393
4 D 153 358
1 A 215 208
3 C 1001 918
0 A 191 184
2 C 798 865
3 B 978 973
4 D 917 618
2 C 798 865
4 D 917 618
1 D 945 590
2 B 605 578
0 D 63 448
4 B 901 922
3 D 768 767
0 D 63 448
1 C 461 434
2 B 837 858
3 C 807 856
0 A 799 792
4 C 664 743
1 A 159 152
4 A 748 747
3 A 133 130
2 C 477 879
2 C 477 418
4 A 127 120
1 C 155 228
3 C 833 830
2 A 292 291
0 D 939 596
4 A 250 253
1 C 496 399
0 D 939 596
3 D 113 398
4 B 383 352
3 D 113 398
1 A 309 306
2 C 702 705
0 C 956 963
2 C 702 705
4 A 481 486
1 B 821 810
3 A 110 105
0 B 510 481
2 B 588 595
4 A 94 89
0 A 713 718
2 B 387 412
4 B 359 376
3 C 376 659
1 C 557 594
0 A 779 780
3 C 229 154
2 C 19 108
1 A 315 316
4 C 923 996
2 C 19 108
4 A 923 996
3 A 229 226
1 D 251 260
4 A 597 594
0 C 41 86
2 C 502 393
3 A 848 855
1 C 833 830
2 B 928 959
3 C 191 192
4 A 256 263
1 A 907 908
0 C 946 220
0 C 946 973
3 A 171 172
2 D 476 35
1 C 843 820
4 B 164 187
0 C 772 891
3 B 204 211
1 A 843 820
2 A 876 875
4 A 182 177
1 A 291 292
0 B 433 430
3 C 706 701
2 C 410 485
4 D 155 356
1 C 750 657
0 B 8 23
2 D 61 450
4 D 944 591
1 A 450 453
3 C 605 546
0 C 767 640
4 B 609 638
3 B 605 546
1 B 926 897
0 C 767 640
4 A 901 898
3 B 186 165
2 B 833 862
1 C 176 207
3 B 840 855
0 C 282 357
4 D 315 196
2 C 480 415
4 D 315 196
1 A 223 216
3 C 180 203
2 B 856 839
0 D 509 2
4 B 213 202
3 C 180 203
0 D 509 2
2 A 907 93
1 C 472 423
3 B 586 597
4 D 139 348
2 B 84 75
4 D 139 372
0 C 780 449
1 D 417 94
2 C 442 453
3 C 733 674
0 A 314 317
4 C 742 665
4 D 742 665
0 A 555 556
1 D 191 320
3 D 797 738
4 A 604 603
1 D 191 320
3 B 797 738
2 A 724 723
4 A 281 286
3 B 67 92
0 B 733 706
1 A 791 784
0 B 890 869
3 C 893 770
1 C 982 937
2 C 848 330
4 A 889 894
1 A 775 768
3 C 925 994
0 C 1006 913
2 B 896 927
3 C 925 994
4 D 950 585
0 D 405 106
1 A 886 881
3 B 899 924
2 C 727 680
4 D 20 491
0 D 240 271
2 A 848 855
1 D 860 675
3 C 978 941
4 B 761 742
3 C 978 941
0 B 804 827
2 B 849 846
1 D 1008 527
1 D 1008 527
3 D 39 472
4 D 364 147
2 C 83 44
0 B 607 576
4 C 364 147
1 B 227 252
3 C 418 477
2 B 82 77
4 C 266 373
3 C 418 477
4 C 266 373
1 C 1012 907
3 B 77 82
2 D 65 446
4 D 839 696
0 B 269 274
4 D 839 696
3 C 665 742
1 C 573 578
2 D 426 85
4 A 305 310
3 C 665 742
2 D 426 85
1 A 262 257
3 A 154 157
0 A 75 76
4 A 754 757
2 A 530 533
1 D 976 559
3 B 362 373
4 D 542 993
0 A 769 774
2 C 666 741
1 B 229 250
0 A 931 932
4 C 60 67
3 B 904 919
1 C 490 405
0 C 355 284
4 A 890 893
2 C 636 515
3 D 795 740
1 A 328 335
2 A 636 515
3 D 795 740
1 A 316 315
2 A 351 344
4 D 85 426
3 B 209 206
0 D 726 809
0 D 726 809
1 C 316 323
4 A 790 785
1 C 316 323
2 D 336 175
0 A 240 247
3 D 14 497
4 B 790 777
1 A 233 238
2 B 337 334
1 A 233 238
2 B 337 334
0 A 428 427
3 B 30 1
4 C 74 53
0 D 125 386
1 D 969 566
2 B 188 163
2 B 188 163
3 D 339 172
3 D 339 172
0 A 209 214
4 C 269 138
2 D 152 359
3 D 656 879
4 B 269 370
3 A 656 879
1 B 250 229
2 A 354 357
4 B 222 193
0 A 778 781
3 A 878 873
0 A 778 781
1 B 317 290
4 B 886 873
2 C 41 764
3 B 67 92
2 B 41 86
4 A 726 721
0 C 20 107
0 C 20 107
2 B 223 192
1 B 165 186
2 B 255 224
3 C 972 947
3 C 972 947
4 C 693 517
4 C 693 714
0 C 858 805
1 C 673 734
2 C 755 652
2 C 755 652
4 A 429 426
0 C 549 602
0 C 549 602
1 C 246 137
2 D 794 741
1 C 246 137
4 B 897 926
2 B 794 741
0 B 952 935
3 D 441 70
2 B 858 837
3 D 441 70
1 C 685 722
4 A 104 111
2 B 452 475
0 D 918 617
3 D 688 847
1 A 942 937
0 D 918 617
2 C 9 118
4 A 460 459
1 A 385 390
3 B 166 185
0 B 372 363
4 A 604 603
1 B 638 609
2 C 822 251
2 C 822 841
3 B 48 47
0 D 546 989
1 B 210 205
0 D 546 989
4 D 93 580
1 B 903 920
4 D 93 418
3 A 895 888
2 D 145 366
0 A 480 487
4 D 637 898
2 A 581 578
1 D 595 940
3 C 60 67
0 D 871 664
1 D 595 940
0 A 871 664
2 A 191 184
0 A 506 509
4 C 652 755
1 A 536 543
3 A 403 404
1 A 536 543
2 B 455 472
4 A 196 195
3 D 918 617
1 C 230 153
0 D 466 45
1 C 230 153
2 C 560 591
3 A 457 462
4 C 781 882
0 A 960 967
1 C 856 807
2 C 564 587
3 C 486 409
4 C 14 113
2 B 191 160
0 C 362 277
1 C 210 173
0 C 362 277
3 D 689 846
4 B 818 813
2 C 331 308
1 B 523 532
4 B 56 39
2 C 331 308
0 A 74 77
3 B 117 106
0 A 948 947
4 D 889 646
2 A 5 2
3 B 166 185
1 C 454 441
4 B 649 662
0 A 490 493
2 B 573 546
1 C 718 689
0 B 200 215
3 C 751 989
3 C 751 656
4 C 3 943
2 D 967 568
0 D 815 720
3 B 943 944
2 A 967 568
4 A 204 203
1 B 898 925
4 A 204 203
1 B 898 925
2 A 816 823
0 B 757 746
3 B 691 684
4 B 101 122
2 B 48 47
3 B 648 663
1 A 389 386
0 D 381 489
4 B 985 966
0 D 381 130
3 D 75 436
2 C 354 285
1 D 77 434
0 B 178 173
1 A 77 434
3 A 202 205
1 A 431 424
2 B 91 68
0 A 751 744
2 B 91 68
4 D 671 864
3 D 100 154
4 D 671 864
2 B 412 387
0 A 661 658
4 A 129 134
3 B 76 83
1 C 142 881
0 A 864 871
3 D 5 506
3 D 5 506
1 B 375 360
4 D 641 894
2 B 869 890
4 D 641 894
1 B 461 466
2 B 320 351
3 B 652 659
0 D 432 481
4 C 430 465
2 D 499 12
3 D 577 958
0 C 268 371
1 A 382 377
4 A 408 415
3 B 577 958
0 B 987 964
3 B 308 299
1 D 247 264
4 B 738 765
0 C 551 600
2 D 673 862
3 D 640 895
1 A 521 526
4 C 243 140
0 D 110 401
3 C 949 970
2 D 344 167
0 D 110 401
2 D 344 167
1 D 422 89
0 D 17 494
4 B 794 773
3 C 114 908
2 C 883 780
0 A 205 202
1 A 93 90
3 D 332 179
4 D 651 884
2 C 922 997
0 C 824 839
4 D 651 884
3 C 884 779
2 B 806 825
4 B 955 932
3 C 884 779
1 D 3 508
1 D 3 508
0 A 349 346
4 D 1006 529
2 C 254 129
1 A 267 268
3 A 120 127
2 C 254 129
4 D 496 15
0 C 822 841
3 B 66 93
1 A 279 272
0 C 861 802
2 B 628 619
4 A 796 795
0 A 102 97
1 D 224 287
3 D 496 15
4 D 394 117
2 A 700 699
1 D 224 287
3 A 461 458
4 B 418 445
2 D 387 124
0 C 707 700
1 D 590 945
3 C 351 288
2 C 495 400
1 A 261 258
4 D 988 547
0 D 421 90
3 C 10 117
4 B 336 335
2 D 875 660
0 C 853 810
1 A 131 132
2 D 875 660
3 C 936 983
0 D 307 204
1 D 666 869
2 D 307 204
3 C 961 958
4 C 787 876
4 C 787 876
2 D 103 408
1 A 107 108
0 D 628 907
3 A 184 191
4 C 857 806
0 D 628 907
1 D 434 77
3 B 131 156
2 C 650 757
4 A 312 319
0 B 765 738
0 C 765 738
1 B 668 643
3 C 281 109
0 C 975 944
3 C 281 358
4 A 420 419
1 A 820 819
2 B 547 572
0 A 394 397
3 A 655 648
4 B 938 949
0 B 291 316
1 B 693 682
2 A 983 976
3 C 350 289
2 A 983 976
3 C 350 289
4 A 63 56
0 A 362 365
2 A 506 509
1 C 84 43
3 C 650 757
4 A 179 180
3 B 650 757
0 C 433 462
1 D 561 974
3 B 62 33
1 A 561 974
4 B 144 143
2 B 590 593
1 A 965 962
0 C 734 673
3 B 405 394
2 C 775 888
4 C 205 178
0 B 753 750
1 A 754 757
4 D 205 178
2 C 209 174
3 C 405 992
0 A 644 643
2 B 904 919
4 D 393 118
4 D 393 118
3 C 782 881
0 A 54 49
4 A 300 299
1 D 851 684
2 C 893 770
0 B 971 980
2 C 893 770
1 D 851 684
3 A 630 625
0 A 243 244
1 B 479 448
4 B 57 38
2 C 864 799
2 C 864 799
3 D 32 479
0 B 671 640
1 D 419 92
4 C 925 994
3 A 286 281
2 C 323 316
1 C 993 926
0 D 342 169
2 C 323 316
3 B 168 183
1 B 134 153
4 B 195 220
0 C 697 710
3 A 243 244
2 C 862 801
1 A 423 416
0 C 697 710
2 C 862 801
0 A 817 822
3 A 51 52
4 A 481 486
1 A 640 647
2 C 886 777
0 A 923 924
4 A 303 296
3 C 232 151
1 A 275 276
2 C 57 70
4 B 516 539
0 A 675 871
2 A 57 70
2 A 255 248
3 B 928 959
1 B 513 542
4 C 27 413
2 D 51 460
3 C 100 27
0 C 652 755
1 D 164 347
4 C 157 226
3 A 98 101
2 A 594 597
0 B 684 691
1 A 413 410
4 B 851 844
3 A 812 811
2 D 629 906
3 A 812 811
0 D 35 476
1 D 809 726
4 B 942 945
0 B 35 476
1 D 809 726
0 B 484 507
1 D 231 436
3 C 458 468
0 A 764 763
2 C 884 779
2 C 884 779
4 D 660 875
1 C 372 267
3 C 99 28
0 D 772 763
2 A 726 721
4 D 772 763
1 C 738 669
3 D 273 238
3 D 273 238
2 C 600 551
4 A 32 39
0 B 962 989
1 B 127 96
2 B 480 511
3 C 626 525
3 C 626 525
4 B 248 231
0 C 55 72
1 C 705 702
1 C 705 702
2 C 775 888
3 A 596 595
0 A 348 347
4 C 296 343
3 B 314 293
0 C 488 407
1 D 930 605
2 C 127 0
4 A 845 842
0 A 220 219
3 B 1018 997
3 B 1018 997
2 C 600 551
4 A 280 287
2 C 600 551
1 D 380 131
0 B 635 612
3 B 548 571
1 A 380 131
2 D 717 3
1 A 60 59
0 D 216 295
2 D 717 818
4 B 336 335
3 C 381 258
1 B 177 174
4 B 535 520
0 C 142 241
2 A 942 937
0 C 142 241
3 A 733 730
1 B 382 353
4 C 562 589
0 D 82 429
1 D 209 302
3 B 1019 996
2 D 802 733
2 D 802 733
3 C 347 292
4 C 780 883
0 D 323 188
1 D 834 701
2 D 668 867
4 A 641 646
3 B 396 403
0 B 448 479
1 D 353 158
3 A 185 190
1 C 353 158
4 A 532 531
2 B 304 303
0 D 546 989
4 A 767 760
1 C 124 3
1 C 124 3
3 C 492 403
0 C 523 628
2 A 347 348
4 B 135 152
1 D 915 620
0 B 812 819
3 C 963 956
4 A 581 578
3 A 963 956
1 A 821 818
0 A 382 377
1 A 821 818
3 A 945 950
2 A 22 17
4 A 427 428
0 A 832 839
1 B 617 630
3 A 257 262
4 A 514 517
2 D 926 859
0 D 957 578
1 D 115 396
2 A 926 609
2 A 974 969
3 A 964 963
0 B 123 100
1 A 65 70
4 D 106 405
4 D 106 405
2 B 548 571
0 B 361 374
1 A 713 718
3 B 421 442
4 B 530 525
0 A 278 273
2 A 506 509
3 A 573 570
1 B 261 282
4 A 520 527
0 A 790 785
3 B 61 34
4 D 502 9
0 C 703 704
1 D 265 246
2 D 294 217
3 D 641 894
0 B 467 460
1 A 278 273
4 A 522 525
3 A 110 105
2 D 560 975
1 C 789 874
0 C 513 638
4 C 466 429
3 A 651 652
2 D 688 847
0 A 456 463
4 C 466 429
2 D 688 847
3 D 645 890
4 C 301 338
0 C 801 862
1 C 711 696
2 D 142 369
3 C 950 969
1 B 1 30
4 D 417 94
0 A 898 901
4 D 417 94
2 B 414 385
3 B 892 867
3 B 892 867
1 C 635 516
1 C 635 516
4 D 92 419
2 B 579 604
1 B 53 42
3 D 589 946
0 C 401 494
4 D 92 419
2 B 904 919
3 A 600 607
4 B 198 217
0 A 592 599
0 A 592 599
2 B 986 965
1 C 660 747
4 B 781 786
3 D 189 322
0 C 51 76
1 D 656 879
2 D 876 659
1 A 396 395
0 B 440 423
3 D 762 773
4 D 157 354
2 B 830 801
3 D 762 773
4 D 157 354
1 A 802 805
3 B 342 412
0 D 727 808
1 D 233 278
2 D 222 289
4 C 991 928
3 B 991 960
0 A 128 135
1 D 52 459
2 D 0 511
4 B 795 772
3 B 701 674
0 C 870 793
1 C 83 44
2 D 212 299
4 B 818 813
4 B 818 813
2 A 174 169
0 C 592 559
1 D 124 441
3 B 895 864
4 C 490 405
0 A 559 552
4 C 490 405
1 C 199 184
3 D 4 507
4 C 959 960
1 C 494 401
0 D 317 194
2 C 544 607
3 B 132 155
3 B 132 155
0 C 317 194
2 C 544 607
1 B 541 514
0 C 782 881
3 A 603 604
4 A 183 176
0 B 480 511
2 D 807 728
1 B 333 338
3 D 493 18
4 D 698 837
1 B 783 784
2 D 699 836
4 D 698 837
0 B 1016 999
2 A 699 836
3 A 577 920
3 A 577 582
4 D 602 933
4 A 602 933
2 B 195 220
0 B 844 851
4 A 546 549
1 A 478 473
0 B 844 851
3 C 925 994
3 B 925 994
4 B 757 746
2 B 637 610
3 B 552 567
0 D 347 164
1 C 838 825
0 D 347 164
1 C 838 825
4 D 274 237
3 B 858 837
4 A 274 237
2 D 847 688
0 B 946 941
4 A 928 935
3 D 8 503
2 A 671 664
1 C 716 691
0 C 203 180
3 C 800 863
4 C 15 112
3 C 800 863
4 C 15 112
2 C 634 517
3 B 176 175
1 D 229 282
0 C 742 665
4 B 475 452
0 B 742 665
2 D 759 776
1 B 297 310
0 B 136 151
3 D 989 774
2 B 747 756
0 C 29 98
1 D 684 851
3 A 921 926
2 C 823 840
4 B 58 37
1 C 283 356
2 C 945 974
0 D 941 594
3 C 1001 918
0 D 941 594
4 D 635 900
1 D 271 240
2 D 546 989
0 A 338 341
3 D 381 130
4 B 977 974
3 D 381 130
1 B 745 758
2 B 936 951
0 A 273 278
3 A 636 635
2 A 828 827
1 D 947 588
0 A 913 918
4 C 594 557
1 B 111 112
2 A 755 756
3 B 791 776
4 B 2 29
2 A 448 455
0 D 852 683
3 A 587 588
1 D 657 878
4 B 458 469
4 B 458 469
1 D 657 878
2 A 197 194
1 A 306 309
0 D 425 518
4 C 538 133
3 D 706 829
2 D 599 936
1 C 545 606
3 D 706 829
4 C 309 330
2 B 1022 993
3 D 629 906
4 C 309 330
1 A 800 807
0 D 196 315
0 C 196 315
1 B 153 134
3 A 401 406
4 B 812 819
1 B 1019 996
0 C 787 842
2 D 685 850
4 C 372 267
0 C 787 876
2 D 685 850
0 C 0 127
1 A 757 754
3 B 706 733
4 B 817 814
2 C 78 49
1 A 239 232
2 C 78 49
0 D 884 651
4 C 370 269
0 D 884 651
3 A 750 745
2 C 348 291
1 D 941 594
2 C 348 291
3 A 471 464
4 B 393 406
0 A 194 197
2 C 376 263
1 C 304 335
3 D 768 767
4 D 657 878
2 A 462 457
1 B 889 870
0 A 400 407
2 B 715 724
3 C 496 399
4 D 1006 529
3 C 496 399
4 D 1006 529
1 C 170 213
1 C 170 213
0 C 395 500
2 C 171 264
3 D 435 76
1 D 428 83
4 A 130 133
2 C 171 212
3 A 435 76
0 A 289 294
3 A 300 299
4 A 421 418
0 B 243 236
2 B 509 482
1 C 539 612
1 C 539 612
4 A 493 490
0 A 779 780
2 B 355 380
3 D 769 766
3 D 769 766
4 C 758 649
1 D 693 147
4 A 254 249
2 C 207 176
0 C 49 78
3 A 285 282
2 A 207 176
2 A 719 712
3 B 743 760
1 D 104 407
0 C 555 596
1 D 104 407
4 D 404 107
0 A 646 641
2 C 1015 904
3 C 1017 902
1 D 633 902
3 C 1017 902
2 B 1015 904
1 D 633 902
0 B 796 771
2 B 981 970
3 A 934 929
4 D 348 163
1 D 289 222
1 D 289 222
2 C 721 686
0 D 9 502
3 A 856 863
4 A 909 906
1 B 606 577
0 B 9 502
2 B 118 105
4 C 404 491
0 B 949 938
1 C 791 872
2 C 1001 918
3 C 811 852
2 C 1001 918
3 C 811 852
4 C 562 589
0 B 153 134
1 A 82 85
2 B 698 677
3 A 763 764
4 A 33 38
0 B 489 502
2 B 440 423
4 A 643 644
3 D 930 605
1 B 533 522
3 D 930 605
0 C 597 554
4 D 461 50
1 C 29 98
2 D 257 254
3 B 77 82
4 A 441 446
2 A 683 684
3 B 171 180
1 B 821 810
0 C 960 959
4 B 576 607
2 A 479 472
0 C 960 959
3 C 779 389
0 C 68 59
4 A 461 458
1 B 497 494
2 C 226 157
3 D 760 775
0 C 683 724
4 B 742 761
1 B 601 582
2 A 858 861
3 C 659 748
0 D 102 409
4 B 1021 994
1 B 540 515
2 B 349 322
0 A 102 409
4 B 519 536
0 A 848 855
3 C 609 542
1 A 373 370
0 B 545 574
2 D 636 899
4 D 343 168
3 B 94 65
2 B 636 899
2 B 427 436
1 C 514 637
4 B 982 969
3 A 499 500
0 C 725 131
1 D 514 637
0 C 725 682
4 D 463 48
1 D 916 619
2 A 198 193
3 D 84 427
0 C 314 325
4 D 215 296
1 A 237 234
2 B 825 806
3 B 257 286
0 C 553 598
2 B 889 870
3 C 813 850
4 C 781 882
0 B 559 560
1 D 103 408
2 D 297 214
3 D 59 452
4 C 555 596
0 D 975 560
1 A 343 336
3 B 615 632
4 A 252 251
2 C 1022 897
0 A 351 344
1 A 856 863
2 D 1022 897
1 A 856 863
4 A 44 43
2 D 467 44
3 D 716 856
0 C 653 754
3 D 716 819
4 A 170 173
1 C 928 954
3 D 753 782
0 D 349 162
3 D 753 782
4 B 454 473
2 D 762 773
0 B 625 622
1 A 420 419
3 D 770 765
3 D 770 765
2 B 983 968
0 C 433 462
4 B 483 508
1 B 104 119
0 A 433 462
3 A 948 947
2 B 188 163
0 A 986 989
1 A 316 315
3 A 285 282
4 C 814 849
2 B 321 350
0 A 52 51
4 C 814 849
1 A 82 85
1 A 82 85
3 D 191 320
4 C 154 229
0 A 23 16
2 C 629 522
4 C 154 229
1 C 824 839
2 C 629 522
3 D 349 162
0 C 274 365
1 C 499 396
2 D 617 918
4 A 916 915
3 C 812 851
0 A 479 472
1 D 728 807
2 C 966 953
3 B 289 318
4 D 389 122
0 C 635 516
1 B 556 563
2 D 907 628
1 B 556 563
2 D 907 628
3 A 606 601
4 A 646 641
4 A 646 641
0 B 158 129
1 B 570 549
2 B 933 954
3 A 878 873
1 B 984 967
4 D 198 313
0 D 788 747
2 D 665 870
4 B 908 915
1 A 472 479
0 A 813 702
3 A 131 132
3 A 131 132
2 B 286 257
1 A 971 972
0 C 876 787
4 B 86 73
0 C 876 787
3 C 626 525
1 B 799 768
2 A 45 42
4 A 190 185
2 A 45 42
3 B 626 525
2 B 369 366
4 B 129 158
3 D 173 782
1 D 1008 527
2 B 499 492
0 D 295 216
1 D 1008 527
4 A 828 827
3 D 710 825
2 B 89 70
4 B 336 335
0 C 309 937
0 C 309 330
1 C 82 45
2 D 67 444
3 D 911 624
4 A 590 585
2 A 427 428
3 A 610 613
1 C 342 297
4 A 125 122
0 B 44 51
1 D 342 297
3 B 359 376
2 C 387 508
1 B 692 151
0 C 852 811
0 C 852 811
4 B 989 962
3 B 608 639
0 A 61 58
2 D 599 193
1 A 53 50
2 A 959 952
4 A 300 299
3 D 247 264
0 C 569 582
1 C 1017 902
3 A 383 376
2 C 126 1
0 A 856 863
4 D 583 952
1 B 218 197
3 A 22 17
2 D 612 923
0 D 20 491
4 B 367 368
1 B 907 916
0 D 20 491
3 D 731 804
2 B 917 906
3 D 731 804
1 D 412 99
0 B 811 820
4 A 770 773
3 A 786 789
2 D 258 253
1 C 753 654
0 C 254 129
4 B 435 428
3 B 470 457
4 B 435 428
2 B 295 312
0 B 959 928
1 A 284 283
3 A 384 391
4 B 132 155
1 A 284 283
3 A 384 391
4 B 132 155
0 A 836 835
1 A 217 222
2 B 260 283
3 C 617 534
4 B 969 982
0 A 176 183
3 B 617 534
1 A 729 734
3 B 603 580
2 A 591 584
0 A 602 605
4 C 136 247
1 C 17 110
3 B 419 444
2 A 413 410
4 C 326 313
1 B 345 326
0 D 658 877
2 D 634 901
4 B 625 622
3 D 674 861
1 B 466 461
3 D 674 861
2 A 387 132
4 A 43 44
0 A 124 123
3 D 638 154
1 A 833 838
4 B 491 500
2 C 696 711
3 D 638 897
2 B 696 711
0 B 760 743
4 A 396 395
2 B 460 467
3 B 72 348
0 A 191 184
4 B 827 804
1 A 635 636
3 A 362 365
2 B 624 623
4 C 357 282
0 D 565 970
1 D 585 950
3 A 909 906
2 B 92 67
0 D 565 970
1 D 585 950
3 A 636 635
4 B 959 928
0 D 786 749
1 D 858 677
2 C 855 808
3 C 411 484
4 A 719 712
0 C 980 939
1 C 892 771
0 C 980 939
1 C 892 771
3 B 744 759
2 D 432 700
4 A 341 338
1 C 180 203
0 D 265 246
0 D 265 246
4 C 361 278
1 D 723 812
2 D 935 600
0 D 476 35
3 C 549 602
4 B 292 315
3 B 549 602
1 A 437 434
2 C 518 633
3 B 4 27
4 B 385 414
2 C 518 633
1 A 184 191
0 B 18 13
3 C 320 319
4 A 138 141
0 B 698 677
1 C 219 164
2 D 992 990
1 C 219 164
2 D 992 543
3 D 305 206
1 A 572 571
0 D 981 554
2 A 489 494
4 D 967 568
0 A 332 331
4 D 967 568
2 A 102 97
3 D 865 670
4 B 347 324
3 D 865 670
1 D 788 747
0 A 268 267
2 C 942 977
2 B 942 977
4 A 860 859
3 D 853 279
2 B 940 947
1 C 262 377
3 C 853 682
4 A 466 469
0 A 591 584
2 A 821 818
1 D 188 323
3 C 862 801
1 D 188 323
3 C 862 801
2 B 404 395
0 B 314 293
4 A 676 2
3 A 433 438
2 A 938 941
0 B 173 178
1 A 45 42
4 B 878 881
3 D 327 184
1 A 947 948
0 D 671 864
2 A 65 70
4 C 854 809
3 D 573 962
1 D 415 96
2 A 437 434
3 D 573 962
4 C 548 603
0 C 527 624
2 B 112 111
1 A 192 199
3 A 769 774
4 C 258 381
0 C 819 844
0 C 819 844
1 C 383 256
2 C 933 986
3 A 864 871
4 C 669 738
0 C 324 315
1 C 191 192
3 D 540 995
4 A 507 508
4 A 507 508
0 A 615 608
1 A 336 343
2 D 674 962
2 D 674 861
1 A 119 112
4 C 383 694
3 A 942 937
4 C 383 256
0 A 924 923
1 A 734 729
4 C 657 750
3 B 44 51
4 C 657 750
1 A 793 798
2 C 661 746
1 A 793 798
2 C 661 746
0 D 880 151
0 D 880 655
1 A 897 902
4 D 112 399
2 A 469 466
3 A 298 443
4 B 112 399
1 A 2 5
4 A 126 121
0 B 457 470
2 B 531 524
3 D 235 24
4 B 8 23
1 B 664 647
3 D 235 276
0 D 627 908
2 A 772 771
2 A 772 771
0 C 627 908
4 A 568 575
1 A 451 452
3 B 41 54
4 A 529 534
2 B 296 311
0 D 849 1006
1 D 179 332
3 C 743 664
4 C 444 451
0 C 445 450
2 D 70 441
1 D 955 580
3 A 50 53
0 A 558 553
4 D 625 910
2 A 350 345
1 A 448 455
0 B 634 613
3 D 218 293
2 A 379 380
3 D 218 293
4 D 423 400
0 D 312 199
1 D 687 848
2 D 547 988
3 C 3 124
4 A 405 402
0 B 957 930
3 B 149 138
4 A 667 668
1 C 941 193
2 B 210 205
3 B 292 315
1 C 941 978
4 B 257 286
1 A 997 994
0 B 123 100
2 A 157 154
4 B 836 859
3 D 41 470
0 B 17 14
2 B 722 717
0 B 52 43
1 B 316 291
4 C 646 400
3 D 60 32
3 D 60 451
4 A 101 98
2 D 184 327
3 B 578 605
0 B 961 990
1 B 721 718
4 C 396 499
2 A 136 143
2 A 136 143
4 C 396 499
0 B 371 364
3 C 119 8
4 A 162 165
0 B 660 651
2 D 256 255
3 C 404 491
1 C 855 808
1 C 855 808
4 A 125 122
2 B 967 984
4 A 125 122
3 B 621 851
0 D 719 816
4 B 759 744
0 A 719 816
3 B 197 218
2 C 480 415
0 A 528 535
1 A 959 952
4 C 944 975
3 B 986 965
4 D 944 975
2 C 297 342
0 B 756 747
1 A 780 779
4 B 778 894
2 B 420 443
3 B 288 319
0 B 679 696
2 A 583 576
3 B 822 809
4 A 562 565
1 C 1007 191
1 C 1007 912
3 A 108 107
0 B 362 373
2 B 526 529
0 B 362 373
2 B 526 529
4 B 894 865
3 D 614 921
0 C 461 434
1 C 778 885
2 B 960 991
4 A 734 729
0 A 865 870
3 C 817 846
2 B 724 715
3 C 817 846
1 B 504 487
4 B 234 245
0 C 103 24
2 C 428 467
3 D 618 917
1 A 748 747
0 B 976 975
4 D 616 780
2 C 463 432
3 B 361 374
0 A 293 290
4 D 616 919
1 B 732 707
1 B 732 707
3 A 501 498
4 A 432 439
2 D 624 911
1 B 554 565
2 D 624 911
0 A 141 138
1 A 239 232
4 C 703 704
2 A 203 204
3 D 784 751
3 D 784 751
4 D 743 792
0 D 125 53
3 A 549 546
1 C 648 1020
2 A 483 484
0 D 125 386
1 C 648 759
3 D 397 114
4 A 487 480
1 A 404 403
2 A 317 314
0 D 82 429
3 C 409 486
4 D 93 418
1 C 185 198
2 B 64 95
0 D 268 243
3 A 816 823
1 B 900 923
2 B 791 776
0 A 268 243
4 A 505 510
3 B 968 983
0 A 229 226
4 C 786 877
1 B 541 514
2 C 387 508
3 D 60 451
0 D 813 722
1 A 64 71
4 D 775 760
2 A 332 331
3 B 160 191
0 A 932 931
4 B 51 760
2 A 401 406
4 B 51 44
1 B 145 142
0 C 168 215
2 D 613 922
3 D 866 669
4 C 292 347
1 D 7 504
0 A 856 863
2 D 705 830
4 C 351 288
3 D 132 379
1 B 105 118
1 B 105 118
0 C 742 732
3 A 749 746
2 D 388 141
2 D 388 123
0 C 506 389
4 D 90 421
1 B 565 554
3 C 451 444
4 D 90 421
2 D 48 463
3 C 451 444
2 D 48 463
0 A 779 780
3 C 191 192
2 B 423 440
4 C 575 661
3 C 191 192
4 B 383 576
2 A 329 334
0 A 280 287
4 A 32 39
1 B 264 279
0 B 132 155
2 C 550 601
3 D 103 408
2 C 550 601
3 D 103 408
0 A 863 856
1 A 451 452
2 B 727 712
4 B 804 827
1 B 746 757
3 D 570 758
0 D 361 99
3 D 570 965
2 C 9 118
4 C 820 843
1 B 550 569
0 B 634 613
2 A 136 143
4 A 715 716
3 C 784 879
0 C 19 108
1 D 995 540
2 C 741 666
0 A 100 99
3 C 13 114
1 A 970 973
4 B 621 626
3 B 13 114
2 B 214 201
3 B 808 823
4 C 1021 898
0 C 344 295
3 B 462 465
0 C 344 295
1 D 228 283
2 C 811 852
1 D 228 283
4 C 230 153
0 D 608 927
4 C 230 153
2 B 133 154
3 A 113 118
0 D 608 927
4 B 95 64
0 D 891 644
2 D 882 653
3 C 482 413
0 A 824 831
3 C 482 413
4 D 161 350
2 A 188 187
1 B 818 813
4 D 161 350
3 D 588 947
0 C 1003 916
4 D 992 543
1 D 210 301
2 A 22 17
0 B 673 702
4 B 361 374
1 D 965 570
3 C 479 160
1 D 965 570
3 C 479 416
0 A 861 858
1 A 220 219
2 B 76 83
3 B 635 612
4 A 412 411
2 B 76 83
3 B 635 612
4 A 412 411
0 A 36 35
1 C 993 926
4 B 768 799
2 C 925 994
3 D 803 732
3 D 803 732
0 C 621 530
1 D 179 332
4 D 935 600
2 C 282 357
1 D 179 332
3 C 311 328
4 A 232 239
1 A 601 606
0 A 549 546
3 B 837 858
4 A 263 256
2 D 851 585
2 D 851 684
0 A 197 194
1 C 884 779
4 B 710 729
3 D 462 49
2 C 601 550
1 B 627 620
3 B 251 228
4 A 327 320
0 C 884 779
2 B 611 636
1 A 882 885
0 C 884 779
2 A 766 761
3 C 69 58
3 C 69 58
1 C 415 480
4 A 619 620
2 A 326 321
1 C 415 480
0 A 543 536
3 B 360 375
2 A 519 512
0 B 266 277
1 A 852 851
4 C 134 370
4 C 134 249
3 D 874 661
2 A 361 366
0 C 431 464
0 C 431 464
1 A 931 932
4 D 74 437
2 A 143 136
0 B 50 45
4 D 74 437
3 C 91 36
3 C 91 36
2 A 956 955
3 C 771 892
1 B 69 90
0 D 481 30
3 C 771 892
4 C 920 999
0 D 481 30
1 B 311 296
2 A 511 504
3 A 351 344
0 D 217 294
1 A 611 612
2 A 130 133
0 D 217 294
2 A 130 133
4 D 719 816
4 C 719 816
2 A 650 653
0 A 297 302
3 B 320 351
4 C 936 1
0 A 574 569
3 B 790 777
1 A 150 145
2 B 509 482
4 B 166 185
3 B 641 670
2 B 241 238
3 B 641 670
0 A 501 498
1 A 843 844
4 A 622 617
2 B 265 278
3 B 111 112
1 A 331 332
2 B 429 434
3 A 315 316
0 A 273 278
4 A 561 566
2 B 964 987
3 A 24 31
0 A 962 965
1 A 52 51
2 B 468 459
4 A 792 799
1 A 820 819
2 B 468 459
3 D 878 657
4 B 27 4
1 B 324 347
0 C 161 222
2 A 873 878
3 A 612 611
4 B 188 163
3 A 966 961
0 D 641 912
2 D 131 380
4 C 811 852
3 B 958 929
2 D 131 380
4 C 811 852
1 A 912 919
0 C 750 657
2 D 968 567
3 C 830 833
4 D 292 219
1 A 981 978
0 C 878 785
4 A 595 596
3 C 299 340
1 A 44 43
2 C 551 600
3 A 336 343
2 C 551 600
1 A 293 290
0 D 71 440
2 A 983 976
4 D 618 917
4 D 618 917
1 D 555 980
3 A 678 673
0 B 694 681
2 C 866 797
4 C 186 197
1 D 1023 512
0 A 759 752
3 D 988 547
2 B 22 9
3 D 988 547
2 B 22 9
1 B 216 199
2 B 756 747
3 B 455 472
4 C 676 731
0 C 692 715
1 D 612 923
2 B 567 552
3 A 501 498
4 A 3 4
0 D 749 786
1 C 617 534
2 B 506 485
3 B 909 914
1 D 617 534
0 B 749 786
0 B 454 473
1 D 988 547
3 C 34 93
4 D 263 248
2 B 491 500
0 C 689 718
4 A 297 302
1 C 48 429
2 C 426 469
3 D 652 883
0 B 620 627
1 D 589 946
2 C 838 825
4 D 392 119
3 D 478 33
4 D 392 119
1 A 978 981
1 A 978 981
2 D 442 69
2 D 442 69
3 A 700 699
0 D 437 74
4 A 140 139
0 D 437 74
2 D 553 982
1 B 390 409
4 B 847 848
0 B 135 152
3 C 151 232
2 D 538 997
3 C 151 232
1 C 122 5
4 C 269 370
2 A 597 594
1 C 122 5
3 B 693 682
0 A 773 770
2 C 310 329
3 D 163 348
4 C 406 489
0 C 990 929
1 B 207 208
2 B 278 265
3 B 61 34
1 B 163 188
4 C 1005 914
4 C 1005 914
2 C 410 485
3 D 542 993
0 A 385 390
1 C 522 629
4 B 588 595
3 D 542 993
0 B 434 429
1 A 740 739
2 B 446 417
4 B 502 489
3 D 894 641
1 B 673 702
0 D 330 181
2 C 553 598
3 B 400 399
0 C 360 279
1 A 440 447
4 C 152 231
2 C 11 116
4 C 152 231
3 D 649 886
0 D 149 362
2 B 318 289
4 C 373 266
1 D 540 995
0 B 501 490
2 A 799 792
3 A 665 670
1 A 956 955
2 A 559 552
4 C 604 547
0 D 348 163
4 C 604 547
0 D 348 163
3 D 568 967
4 B 775 792
1 D 177 334
0 A 380 379
3 A 68 67
2 B 419 444
1 B 177 334
4 A 97 102
1 B 911 912
0 C 183 200
3 B 587 596
0 C 183 200
2 C 448 500
2 C 448 447
1 C 378 261
3 B 838 857
2 C 56 71
0 C 10 117
4 B 497 494
0 C 10 117
1 C 31 96
3 B 518 537
1 C 31 96
4 A 21 18
2 C 800 863
2 C 800 863
3 A 675 676
0 A 549 546
4 A 764 763
1 D 394 304
3 A 694 689
1 C 394 117
0 C 797 866
4 D 495 16
2 B 756 747
1 C 939 980
3 B 529 526
0 B 855 840
1 C 939 980
2 B 686 689
3 A 681 686
4 B 682 693
4 B 682 693
0 D 386 694
2 A 23 16
1 C 141 242
3 B 564 555
1 D 141 242
4 A 2 5
2 A 223 216
0 A 811 812
1 D 286 225
4 C 613 538
3 C 962 957
2 D 3 508
1 B 691 684
0 D 44 467
4 C 538 613
0 A 44 467
3 C 172 211
2 A 277 274
0 A 86 81
3 C 172 211
1 D 50 461
4 B 460 467
1 D 50 461
3 A 438 946
2 A 553 558
0 A 258 261
0 A 258 261
1 A 997 994
3 A 288 295
1 A 997 994
4 C 525 626
2 B 312 295
4 B 525 626
0 A 268 267
1 B 742 761
3 B 199 216
4 B 228 251
0 B 257 286
2 C 383 256
1 B 106 117
4 A 992 999
2 C 383 256
3 C 636 515
1 A 284 283
0 B 363 372
3 C 71 56
2 C 551 600
3 C 71 56
4 C 69 58
1 C 954 965
0 A 600 607
4 A 634 637
2 C 761 646
3 C 35 92
1 B 601 582
2 A 860 859
0 D 270 241
3 C 1016 903
4 D 830 705
0 B 270 241
3 C 1016 903
4 A 830 705
2 B 134 153
0 B 557 562
4 A 228 227
1 B 603 580
0 A 371 372
3 A 854 849
2 D 843 692
2 D 843 692
1 C 274 365
3 C 31 96
4 C 750 657
0 C 454 441
2 A 907 908
1 A 468 467
0 C 454 441
3 B 763 740
2 B 401 398
4 A 953 958
1 B 164 187
3 D 841 694
0 C 520 631
2 A 936 943
4 A 467 468
1 D 419 92
0 B 739 764
2 C 469 426
3 C 971 948
4 C 461 434
1 A 548 547
0 A 466 469
4 C 461 434
2 A 978 981
3 A 455 448
1 A 735 728
4 D 286 122
2 C 376 263
0 A 558 553
3 C 421 474
3 C 421 474
1 D 568 967
4 A 471 464
1 D 568 967
2 B 961 990
0 D 405 817
3 C 945 974
1 C 969 950
4 C 203 180
2 A 569 574
0 D 797 738
3 A 927 920
1 A 278 273
3 A 927 920
0 D 797 738
1 C 278 273
2 B 640 671
3 A 358 353
4 A 812 811
1 B 799 768
0 B 108 115
2 D 998 537
3 D 78 433
4 D 19 492
1 D 616 919
2 C 5 122
0 C 647 760
4 D 338 173
0 C 647 760
1 B 955 932
4 B 601 582
2 D 13 498
3 C 458 437
0 B 286 257
1 A 225 230
3 C 431 464
4 D 541 994
1 D 690 845
2 C 849 814
0 D 911 624
0 B 911 624
3 C 776 476
1 B 308 299
0 B 252 227
3 B 373 362
4 A 736 743
4 A 736 743
0 B 883 876
2 D 778 757
1 B 889 870
3 A 918 913
4 B 168 183
2 B 778 757
1 B 702 673
2 B 211 204
3 D 11 500
0 C 644 763
4 B 665 646
3 D 11 500
2 D 810 725
0 A 109 106
1 C 800 863
3 D 619 916
4 D 459 52
2 D 653 882
0 A 554 557
1 C 631 520
3 C 530 621
4 D 219 292
2 A 470 465
3 C 24 103
0 C 237 146
1 D 438 73
4 B 878 881
2 A 151 144
1 C 438 73
3 B 82 77
0 D 293 218
4 D 301 210
0 D 293 218
4 C 301 210
1 C 90 37
1 A 90 37
0 A 188 187
2 B 558 561
3 A 545 550
1 A 77 74
3 A 545 550
4 C 315 324
4 C 315 324
0 B 932 955
1 C 483 412
4 B 233 246
2 C 484 411
3 B 455 472
2 C 484 411
1 B 522 533
1 B 522 533
4 D 64 447
0 D 639 868
2 B 164 187
3 C 780 883
1 B 978 973
4 C 161 222
0 C 259 380
3 A 502 497
4 A 670 665
0 A 231 224
2 D 1005 286
1 B 498 493
2 B 1005 530
3 A 358 353
4 A 287 280
2 B 989 962
0 B 426 437
4 C 444 451
1 A 568 575
2 D 419 92
3 C 514 637
0 C 874 789
4 B 870 889
3 A 46 41
4 B 870 889
1 D 982 165
2 D 701 834
0 C 409 486
3 A 53 50
4 D 635 900
1 A 18 21
2 C 479 416
2 C 479 416
0 C 209 174
3 A 956 955
4 A 36 35
1 B 319 288
2 A 844 843
3 B 210 205
4 A 652 651
0 A 287 280
2 B 904 919
1 A 557 554
0 A 907 908
4 C 518 200
3 D 726 179
3 D 726 809
2 A 348 347
1 C 121 6
4 B 109 114
0 C 280 359
3 C 123 4
1 D 819 716
0 B 31 0
3 C 123 4
4 B 310 297
2 D 40 471
2 D 40 471
0 B 923 900
4 A 18 21
2 B 826 805
0 A 170 173
1 A 30 25
3 D 795 740
3 C 795 740
4 B 814 817
0 C 204 179
1 A 797 794
2 C 420 475
1 A 797 794
3 C 860 803
2 C 420 475
3 C 860 803
4 A 658 661
0 B 197 218
2 B 282 261
1 C 393 786
3 A 838 833
1 C 393 502
3 A 481 486
0 C 551 600
2 C 252 647
4 A 240 247
1 A 289 294
3 B 277 266
4 A 897 902
0 A 532 531
1 B 122 101
2 C 505 796
3 D 585 950
0 C 732 675
4 A 729 734
3 D 585 950
1 D 566 969
2 C 990 929
0 C 306 333
2 C 990 929
4 C 842 821
3 B 697 678
1 D 914 621
0 A 857 862
1 A 914 621
2 C 333 306
4 D 632 903
1 A 752 759
0 B 509 482
3 C 861 802
1 A 279 272
4 D 652 883
2 D 353 158
4 D 652 883
2 D 353 158
3 D 575 960
0 D 816 719
1 B 279 264
3 C 575 960
0 C 816 719
4 D 745 790
2 B 321 350
1 A 429 426
3 C 138 245
2 B 321 350
3 C 138 245
0 C 960 959
4 A 387 388
1 A 903 896
0 C 960 959
4 B 54 41
2 C 462 433
0 A 513 518
3 C 442 916
1 D 1012 523
4 A 219 220
2 C 585 566
0 A 983 976
3 A 604 603
2 B 585 566
0 A 843 844
1 B 1022 887
2 A 809 814
3 A 546 549
0 B 690 685
1 C 569 582
4 C 282 357
2 D 947 588
4 C 282 357
1 B 527 528
3 B 697 678
2 D 947 588
0 A 412 411
2 D 664 871
3 C 323 316
4 D 880 655
0 C 345 294
1 B 42 53
2 A 654 649
3 B 751 752
1 B 915 908
0 C 215 168
2 B 5 26
3 A 271 264
4 C 993 926
0 D 259 252
1 D 986 549
2 B 393 406
4 C 753 654
0 C 180 203
1 D 240 271
3 C 297 342
4 B 90 69
0 B 281 262
3 D 297 342
2 C 747 257
1 B 811 820
0 A 92 91
3 D 678 857
4 C 520 631
2 B 115 108
1 A 204 203
3 A 274 277
4 B 624 623
2 B 730 709
0 C 395 500
3 A 412 411
0 C 395 500
4 B 928 959
2 B 811 820
4 B 928 959
2 A 328 335
0 D 877 658
1 D 194 317
3 C 257 382
4 B 127 96
4 B 127 96
0 A 807 800
2 B 205 210
1 D 69 442
3 D 481 30
4 D 426 85
0 C 483 412
1 A 682 685
2 D 965 570
0 C 483 412
2 A 965 570
3 B 288 319
0 B 717 722
2 A 950 945
1 C 41 86
1 C 41 86
3 C 862 801
0 C 998 921
2 D 416 95
2 D 416 95
4 D 188 323
0 C 679 728
1 D 800 735
3 B 156 131
2 A 243 244
1 B 410 389
4 C 86 866
0 A 792 799
1 A 26 29
3 A 943 936
0 B 139 148
2 C 506 389
4 D 441 70
0 A 612 611
1 C 99 28
3 C 509 386
1 C 99 28
4 C 779 884
2 A 608 615
3 C 344 295
0 B 815 816
1 C 442 453
3 A 635 636
1 B 752 751
4 C 276 363
2 B 519 536
0 A 863 856
4 C 276 363
3 B 35 60
2 C 572 579
1 D 629 906
4 D 361 150
1 A 629 906
0 C 225 158
4 B 361 150
2 C 252 131
1 A 759 752
4 B 167 184
0 A 415 193
3 B 16 15
1 B 910 913
2 C 532 619
4 C 91 36
0 C 164 219
2 D 532 619
3 B 13 18
0 D 164 219
3 A 13 18
3 A 64 71
2 D 81 430
0 D 1000 535
4 A 403 404
2 C 81 430
1 A 716 715
3 B 269 274
0 B 609 638
2 C 103 24
4 B 19 12
2 C 103 24
1 D 706 829
0 A 554 557
1 D 706 829
3 D 935 600
2 C 569 582
0 A 842 845
4 D 202 309
3 B 523 532
1 B 223 192
4 D 202 309
0 B 22 9
2 A 139 140
3 A 230 225
1 B 112 111
0 B 597 586
2 A 696 703
3 B 311 296
4 C 153 230
1 C 882 781
0 C 508 387
2 D 36 475
1 B 528 527
4 C 157 226
0 A 522 525
4 C 157 226
3 C 676 731
2 D 952 583
2 D 952 583
4 A 370 373
0 A 521 526
1 B 698 677
3 C 693 714
4 A 7 0
2 A 934 929
3 A 352 359
1 B 118 105
0 C 390 651
0 B 390 505
4 D 1011 524
0 B 435 428
2 D 802 733
3 B 87 72
1 D 271 240
2 B 802 733
1 D 271 240
4 A 247 240
0 B 187 164
2 B 210 205
3 C 199 184
4 B 957 930
3 C 199 184
1 D 59 452
2 B 31 0
0 C 64 63
3 A 768 775
4 A 107 108
1 B 29 2
0 B 64 63
4 B 858 837
2 C 335 304
0 B 804 827
2 C 335 304
3 C 686 721
1 D 257 254
1 C 257 254
2 A 83 84
4 A 19 20
0 A 762 765
3 A 511 504
1 B 177 174
0 B 21 10
4 B 194 221
2 C 415 480
3 C 113 14
1 A 978 981
3 C 113 14
0 D 879 380
4 A 568 575
1 B 56 788
2 D 626 909
0 D 857 678
3 C 377 949
4 B 507 484
0 B 467 460
1 A 931 932
3 B 784 29
4 A 812 173
0 A 272 279
2 C 309 330
3 A 483 484
4 C 802 861
1 A 502 497
0 A 112 119
2 B 636 611
3 B 693 682
1 B 507 484
4 C 481 414
4 C 481 414
2 D 89 422
4 C 113 14
0 D 536 999
1 A 331 332
1 A 331 332
3 C 80 47
0 D 536 999
3 C 80 47
4 B 932 955
1 B 292 315
2 A 529 534
0 D 403 108
4 B 545 574
3 D 72 757
1 B 16 15
2 B 325 346
0 D 281 230
3 D 348 163
4 C 686 721
1 C 116 11
2 B 102 121
0 B 204 211
4 C 686 721
3 B 424 439
1 C 201 182
4 A 158 153
2 D 435 76
0 B 163 188
2 D 435 76
1 B 983 968
4 A 238 233
3 D 1 510
0 A 991 984
3 D 1 510
2 D 118 393
4 C 733 674
0 A 669 666
1 A 78 73
3 A 401 406
2 B 709 730
4 A 777 782
4 A 777 782
0 D 164 347
0 D 164 347
1 C 547 604
4 B 184 167
0 B 932 955
3 D 556 979
1 B 188 163
2 D 4 507
3 C 556 979
1 A 152 159
0 B 631 616
2 C 537 614
4 B 214 201
3 D 704 448
1 A 264 271
0 B 310 297
4 B 52 43
1 B 233 246
2 D 364 860
2 C 364 147
4 C 236 147
0 C 932 987
1 D 714 821
2 C 587 564
3 B 239 240
0 C 717 690
4 D 347 164
1 D 754 781
2 C 462 433
3 D 402 109
0 A 330 333
4 B 688 687
3 D 402 109
1 B 752 751
2 B 195 220
4 D 927 608
0 C 432 463
1 D 96 415
3 B 871 888
2 A 841 846
0 A 381 378
3 C 574 577
4 C 260 379
1 B 9 22
2 B 880 879
0 A 126 121
4 C 527 624
1 C 331 308
3 D 732 803
3 D 732 803
2 C 247 1017
4 C 549 602
4 C 549 602
1 A 725 722
3 D 544 991
4 A 203 204
3 B 544 991
0 C 683 724
2 A 905 910
1 B 488 503
3 B 61 34
2 A 453 450
0 B 815 816
1 A 958 953
4 C 35 92
4 A 35 92
2 B 958 929
3 A 127 120
0 B 764 739
1 A 182 177
0 B 764 739
1 A 182 177
4 C 97 320
3 C 523 628
4 C 97 30
1 A 46 41
2 A 656 663
0 A 684 683
4 C 337 302
1 D 1019 516
2 C 460 435
3 D 345 166
4 D 467 44
0 B 365 370
1 C 554 597
3 A 744 751
2 D 928 607
4 B 417 446
2 C 928 607
1 D 431 80
3 C 991 928
0 D 21 490
1 B 607 576
0 D 21 490
2 C 658 749
4 B 356 379
3 D 511 0
3 D 511 0
1 A 395 396
4 B 527 528
0 B 242 237
2 B 791 776
0 B 242 237
2 B 791 776
1 C 777 886
3 B 799 768
4 C 58 69
0 C 97 30
2 B 891 868
2 B 891 868
0 C 97 30
1 C 398 125
3 A 176 183
4 C 480 415
0 C 613 538
2 A 487 480
1 B 192 223
4 C 480 415
0 C 613 538
3 B 190 161
2 C 383 256
4 D 949 586
0 C 283 356
1 D 361 150
3 B 192 223
2 A 337 342
4 A 771 772
0 C 218 165
1 D 404 107
3 B 623 624
1 D 404 107
2 B 212 203
4 B 358 377
1 B 1023 992
0 D 717 818
3 D 174 337
4 A 552 559
3 D 174 337
0 B 150 137
2 D 485 26
1 B 590 593
4 B 16 15
2 D 485 26
3 B 971 980
3 B 971 980
3 B 971 980
0 C 225 193
0 C 225 158
3 D 1 510
1 A 568 575
4 C 577 574
2 A 715 716
4 C 577 574
0 C 363 276
3 B 192 223
2 A 651 652
1 C 548 603
4 A 802 805
0 C 836 827
1 B 548 603
2 A 330 333
0 A 836 827
4 B 535 520
1 B 867 892
3 A 206 201
4 B 535 520
0 A 659 660
0 A 659 660
2 D 232 279
3 B 583 600
4 D 230 281
0 D 652 883
1 A 891 892
3 A 733 730
1 A 891 892
0 A 891 892
4 B 929 958
1 A 424 431
2 B 355 380
3 B 159 128
4 D 308 203
0 C 19 108
3 B 77 82
1 C 864 799
2 C 782 881
4 B 242 237
0 D 652 883
2 A 409 414
4 A 675 676
0 C 652 883
1 D 817 718
3 D 459 52
2 B 431 432
0 C 983 936
4 B 757 746
0 C 983 936
3 C 159 224
1 B 945 942
2 D 439 72
0 A 311 304
4 C 136 247
3 C 93 34
2 D 439 72
4 C 136 247
3 B 223 192
0 C 715 692
4 A 93 90
1 B 195 220
0 C 715 692
2 D 977 558
3 A 353 358
4 A 979 980
0 B 83 76
2 C 977 558
0 A 820 819
4 A 979 980
1 C 279 360
3 A 157 154
1 C 279 360
2 C 640 767
2 C 640 767
4 B 589 594
0 B 178 173
3 D 60 451
1 A 518 513
2 B 651 660
3 D 60 451
1 B 350 321
4 A 377 382
0 A 145 150
3 A 661 658
0 A 405 402
2 D 381 130
2 D 381 130
4 D 687 848
1 C 323 316
3 C 155 228
0 D 596 939
1 C 323 316
4 B 572 547
2 C 447 448
3 C 862 801
0 B 13 18
0 B 13 18
1 D 702 833
1 D 702 833
4 C 936 983
0 B 519 536
2 B 78 81
3 B 448 479
4 B 27 4
1 B 342 329
3 B 448 479
4 B 27 4
1 A 460 459
0 D 556 979
3 C 214 169
2 D 632 903
4 C 271 368
0 B 386 413
2 A 520 527
3 B 531 524
4 D 239 272
1 C 828 835
0 A 520 527
3 B 419 444
4 B 239 272
1 C 828 835
4 B 858 837
3 D 24 487
0 C 235 148
1 C 633 518
2 D 414 97
3 D 350 161
4 C 922 997
0 D 453 58
2 D 964 571
1 A 517 514
0 D 453 58
3 C 378 261
2 D 964 571
4 A 639 632
0 B 685 690
1 B 500 491
3 A 227 228
2 B 629 618
3 B 300 307
4 D 689 846
2 A 986 989
4 A 689 846
1 C 535 616
0 B 827 804
4 A 440 447
1 C 535 616
2 B 265 278
2 B 265 278
0 C 124 846
4 A 368 375
2 A 459 460
0 A 124 3
3 A 568 575
1 A 737 742
0 A 172 171
2 B 914 909
3 B 210 205
4 B 40 55
0 C 415 480
3 C 771 892
1 D 191 606
2 A 512 519
1 C 191 320
0 B 185 166
4 D 875 660
0 B 185 166
4 A 875 660
1 C 1008 911
4 A 798 793
3 C 840 823
0 A 411 412
0 A 411 412
1 A 335 328
2 C 873 790
2 C 873 790
3 A 688 695
4 C 756 651
1 A 104 111
4 C 756 651
2 B 5 26
0 A 30 25
4 C 694 713
2 C 192 191
0 B 923 900
3 D 37 482
4 A 32 39
1 A 998 993
3 B 37 474
2 B 65 94
3 B 811 820
0 D 590 945
4 C 863 800
1 C 252 131
2 B 689 686
3 B 368 367
0 A 635 636
4 D 373 279
1 C 823 652
2 D 360 151
0 B 505 486
4 D 373 138
4 B 357 378
1 C 146 237
1 C 146 237
3 B 246 233
2 D 234 277
0 C 1016 903
2 D 234 277
3 D 156 355
4 D 170 341
0 C 518 633
1 C 254 129
2 B 860 835
2 B 860 835
4 C 594 557
4 C 594 557
0 D 688 847
3 A 557 554
2 D 324 187
1 D 294 217
4 B 335 336
2 A 970 973
0 D 580 955
3 C 843 820
1 A 673 678
0 D 580 955
4 C 634 517
2 A 722 725
3 B 510 481
1 B 911 912
3 B 510 481
0 D 145 366
0 D 145 366
2 D 915 620
3 D 447 64
1 A 649 654
4 A 221 218
0 C 705 702
2 B 464 463
3 D 453 58
1 D 177 334
0 C 728 679
4 D 388 123
2 A 800 807
3 B 600 583
1 A 44 43
4 A 388 123
0 A 998 993
2 A 344 351
3 A 803 804
4 A 14 9
1 A 988 987
1 A 988 987
0 D 607 55
2 D 626 909
3 C 440 455
4 D 743 792
1 B 356 379
0 B 397 402
2 C 191 192
3 C 801 32
2 C 191 192
0 A 73 78
4 D 131 298
4 D 131 380
1 D 998 537
3 C 453 442
0 A 133 130
2 A 456 463
4 B 215 200
1 A 998 537
1 A 307 308
3 C 220 163
2 D 967 568
0 B 437 426
4 D 459 52
4 D 459 52
3 A 28 27
1 B 401 398
0 B 120 103
2 B 733 706
2 B 733 706
3 D 231 280
1 C 265 117
0 B 969 982
3 D 231 280
2 C 291 348
2 C 291 348
0 A 667 668
1 C 226 157
0 A 667 668
1 C 226 157
4 B 273 270
2 B 32 63
3 A 229 226
1 C 873 764
3 A 842 845
1 C 873 790
2 D 81 430
4 A 424 431
0 D 774 761
1 A 228 227
0 D 774 761
2 B 136 151
3 C 607 544
4 B 792 775
0 D 92 419
1 C 121 6
2 D 987 548
0 D 92 419
1 C 121 6
2 D 987 548
3 A 477 474
0 A 681 686
1 A 189 186
4 C 343 796
3 B 368 367
4 A 343 296
0 A 159 152
4 A 256 263
2 B 319 288
3 A 87 80
1 D 233 786
1 D 233 278
4 C 8 119
0 B 864 895
3 A 111 104
0 B 864 895
4 C 8 119
2 D 109 402
1 B 912 911
3 B 34 61
4 A 357 354
0 A 140 139
0 A 140 139
1 B 976 975
3 B 462 465
4 A 285 282
2 A 719 712
0 D 9 502
1 C 233 150
0 D 9 502
3 D 474 37
4 B 141 146
2 D 994 541
0 D 805 730
3 A 765 762
2 A 982 977
4 D 811 724
1 D 229 282
0 A 846 841
4 D 811 724
1 D 229 282
2 B 706 733
3 A 829 826
4 C 842 821
0 C 810 853
1 D 83 428
2 D 212 299
3 C 1005 914
4 D 599 936
0 B 206 209
4 D 599 936
1 A 822 817
3 B 697 678
2 A 766 761
4 A 301 298
1 B 609 638
0 C 840 823
3 B 576 607
2 B 879 880
0 B 840 823
4 A 549 546
3 B 421 442
0 B 852 843
2 B 742 761
1 D 812 430
3 B 541 514
4 D 428 83
0 B 540 515
2 D 318 193
1 C 33 94
3 C 35 92
4 B 838 857
4 B 838 857
0 C 533 618
2 C 259 380
0 C 533 618
2 D 259 380
4 A 618 621
0 B 222 193
3 C 724 683
2 B 681 694
0 B 728 711
3 C 724 683
4 A 82 85
1 C 114 13
0 C 257 382
2 A 932 931
1 C 114 13
3 A 494 489
4 B 384 415
0 B 430 433
1 A 499 500
2 C 750 657
4 A 937 942
2 B 750 657
3 A 769 774
1 D 136 375
0 A 799 792
2 B 287 256
1 A 136 375
4 B 382 353
3 B 746 757
1 A 813 810
1 A 813 810
2 A 644 135
0 C 395 500
3 A 313 318
1 A 483 484
4 D 581 954
2 C 612 539
4 A 581 954
2 C 612 539
1 B 546 573
3 A 319 312
2 A 107 108
4 A 650 653
4 A 650 653
0 A 237 234
1 D 952 906
1 D 952 583
2 B 510 426
3 A 231 224
0 D 149 362
4 B 72 87
1 C 125 2
2 D 927 608
3 D 11 500
0 B 434 429
4 B 772 795
2 A 764 763
3 A 845 842
1 B 222 193
4 A 96 103
0 A 818 821
2 B 211 204
3 A 834 837
1 C 654 753
4 B 251 228
2 C 239 144
0 A 857 862
4 B 251 228
1 A 152 159
2 B 271 272
0 C 317 322
1 D 121 390
4 B 1017 998
3 D 500 943
3 D 500 11
0 A 505 510
4 A 145 150
1 A 32 39
3 B 527 528
3 B 527 528
1 B 351 320
0 C 998 921
2 B 724 715
4 C 1008 911
3 B 954 933
0 C 739 668
1 C 227 156
2 A 570 573
2 A 570 573
1 C 227 156
4 D 73 78
1 C 505 390
0 D 866 669
2 C 144 239
3 A 540 539
3 A 540 539
4 C 572 579
4 C 572 579
0 D 118 393
1 C 803 860
4 A 807 800
3 C 770 893
2 C 842 821
1 C 803 860
3 C 770 893
4 C 799 864
1 B 599 584
0 B 297 310
3 C 373 266
2 A 603 604
4 A 978 981
3 C 373 266
0 A 688 695
1 D 677 858
3 B 82 77
1 D 677 858
2 D 342 169
4 D 273 238
1 B 581 602
0 D 598 425
2 D 382 129
4 D 47 464
1 D 6 505
3 B 794 773
0 C 694 713
2 C 41 86
1 A 155 156
3 A 196 195
4 A 950 945
0 D 946 589
0 D 946 589
2 D 844 144
2 D 844 691
3 B 793 774
1 A 269 266
4 A 249 254
0 B 430 433
2 B 842 853
3 C 463 432
1 B 988 963
0 A 800 807
4 B 366 369
4 B 366 369
2 B 606 577
0 B 562 557
3 A 501 498
4 A 872 879
1 D 698 837
1 B 698 837
0 C 792 871
3 C 254 129
4 B 612 635
1 B 751 752
2 C 586 565
0 C 642 765
3 A 828 827
1 A 982 977
2 C 944 975
4 A 206 201
0 D 19 492
2 D 253 258
1 D 377 134
3 C 83 44
4 C 649 758
0 A 572 571
1 A 295 288
4 C 649 758
2 B 681 694
2 B 681 694
3 B 746 991
0 D 42 469
4 A 863 856
1 A 437 434
3 A 927 920
2 B 200 215
0 A 831 824
4 B 94 900
1 D 713 446
2 D 206 677
1 D 713 822
2 D 206 305
0 B 130 157
4 B 183 168
3 D 638 897
1 B 89 70
2 A 324 323
0 B 563 556
0 B 563 556
4 D 445 66
1 C 27 100
3 D 857 678
0 C 772 891
2 A 885 882
1 B 615 632
4 D 287 224
4 D 287 224
2 C 50 77
3 C 523 628
0 C 801 862
1 D 11 500
2 A 213 210
3 B 179 172
1 C 11 500
4 A 110 105
0 C 46 822
1 C 731 676
2 D 269 242
4 C 533 618
1 C 731 676
2 D 269 242
4 C 533 618
3 C 945 974
0 C 286 353
1 D 195 316
2 C 97 859
4 C 551 600
0 D 425 86
1 D 152 359
3 D 423 88
2 A 914 917
1 B 152 359
4 B 509 482
3 A 283 284
1 B 609 638
2 C 167 216
4 D 589 946
0 D 106 405
2 B 793 774
3 C 838 825
0 B 106 405
3 B 838 825
1 B 419 444
0 B 919 904
3 B 664 647
4 D 610 276
1 B 355 380
2 C 942 977
0 C 52 75
3 A 185 190
4 A 404 403
1 D 842 693
2 A 754 757
3 D 313 198
4 C 529 622
0 D 789 746
2 A 120 127
1 D 633 902
0 A 735 728
1 D 633 902
4 C 327 312
3 D 188 323
2 A 95 88
1 D 330 181
0 B 991 960
4 D 365 146
3 D 605 930
4 A 365 146
1 D 480 31
3 D 605 930
0 C 509 386
4 A 781 778
1 B 756 747
0 C 509 386
1 B 756 747
4 A 0 7
3 D 598 937
2 B 913 910
3 D 598 937
1 A 127 120
0 C 739 668
0 C 739 668
4 C 958 961
3 A 648 655
1 B 851 844
4 C 958 961
2 A 293 290
0 C 721 686
3 A 340 339
0 C 721 686
4 D 754 781
2 B 276 267
4 D 754 781
3 A 505 510
0 C 34 93
3 A 26 29
1 C 990 929
2 D 178 333
4 B 254 225
0 A 875 876
2 B 335 336
3 A 134 129
4 B 147 140
0 B 335 336
1 C 677 730
0 B 335 336
1 C 677 730
2 C 59 68
4 B 203 212
3 D 872 663
0 D 502 9
1 C 828 835
2 B 620 627
1 C 828 835
4 A 478 473
3 D 627 611
2 C 359 280
4 C 243 140
1 D 873 662
0 D 218 293
1 A 873 662
2 B 874 885
3 B 952 935
1 A 625 630
0 C 547 604
4 A 418 421
2 A 870 865
0 C 547 604
3 B 182 169
2 A 193 198
1 B 414 385
4 B 341 330
0 B 732 707
1 B 414 385
3 B 960 991
4 A 653 650
2 A 422 417
0 D 455 56
1 D 767 768
0 D 455 56
1 D 767 768
4 B 814 817
2 C 121 6
0 A 240 247
3 C 580 252
1 B 219 196
3 B 898 571
4 C 507 388
0 C 839 824
2 A 385 390
1 D 672 863
1 D 672 863
3 D 699 836
3 D 699 836
2 D 123 388
4 B 75 84
0 B 477 450
3 B 335 336
1 C 557 594
1 C 557 594
2 D 417 94
4 D 68 523
3 B 340 331
2 D 417 94
0 C 682 725
1 B 582 601
4 C 173 210
2 A 205 202
0 A 692 691
4 A 173 210
3 C 24 103
1 B 238 241
4 A 368 375
3 B 24 103
0 A 494 489
4 A 415 408
2 B 785 782
1 C 17 110
3 D 536 184
0 B 534 521
4 A 964 963
3 B 342 329
0 A 562 565
2 D 91 420
2 D 91 420
1 C 533 618
3 A 58 61
0 C 483 412
4 A 595 998
1 A 463 611
2 C 936 983
3 B 1021 994
4 A 27 28
0 A 242 245
1 A 660 659
2 B 325 346
2 A 325 346
4 A 1007 157
2 A 888 895
0 D 382 664
1 B 311 296
3 B 201 214
2 C 3 124
0 A 561 566
4 C 74 53
1 B 688 687
3 B 517 538
2 A 831 824
4 A 254 249
0 C 848 223
3 C 757 650
2 B 114 109
4 B 921 902
1 D 320 191
0 C 622 529
1 D 320 191
0 C 622 529
3 B 379 356
1 A 476 475
3 A 815 808
2 A 741 931
3 A 815 808
4 C 780 308
4 C 780 883
1 A 633 638
0 C 99 28
2 C 548 603
4 B 816 815
3 D 770 765
2 C 548 603
3 C 770 765
4 A 7 0
1 D 436 75
1 D 436 75
3 C 555 596
0 B 31 0
4 B 642 669
2 C 450 445
3 C 555 596
2 C 450 445
1 B 974 977
2 A 818 821
4 C 803 860
0 C 372 267
3 B 390 409
0 C 372 267
4 C 803 860
1 D 553 982
3 D 698 837
0 B 133 154
4 C 613 538
2 D 223 288
1 D 929 606
3 B 5 26
2 D 223 288
4 B 957 930
0 D 15 496
1 A 832 839
0 D 15 496
4 A 947 948
3 C 275 364
2 D 921 614
2 D 921 614
0 D 768 767
1 A 554 557
4 A 78 73
3 D 1006 529
2 C 87 40
3 D 1006 529
1 A 920 927
4 A 555 556
0 D 820 715
2 C 947 972
1 A 109 106
3 D 594 941
4 B 674 701
3 B 594 941
2 A 490 493
3 B 939 948
4 A 648 655
1 D 149 362
0 B 679 696
1 B 149 362
2 B 461 466
3 A 14 9
1 B 608 639
4 B 741 762
0 C 982 937
2 B 172 179
1 A 940 939
3 C 564 587
0 B 982 937
3 A 564 587
0 B 520 535
1 B 764 739
2 D 927 608
3 A 804 803
2 C 927 608
0 A 622 617
4 B 91 68
2 C 797 866
1 A 660 659
0 A 66 69
3 D 165 351
3 D 165 346
2 A 947 948
0 B 491 500
1 B 27 4
4 D 846 689
3 A 288 295
4 C 846 689
0 B 357 378
4 C 961 958
1 B 776 791
1 B 776 791
2 D 214 297
2 D 214 297
0 D 645 890
3 B 958 929
4 D 202 309
0 D 645 890
2 B 61 34
1 C 298 341
1 A 298 341
3 C 189 194
4 C 500 395
1 A 39 32
0 C 263 376
2 C 857 806
2 C 857 806
0 B 263 376
3 B 878 881
0 B 475 452
1 A 597 594
2 A 341 338
4 A 350 345
2 A 341 338
0 B 677 698
3 A 117 114
4 B 903 920
1 A 144 151
3 B 567 552
2 C 192 191
4 A 109 106
0 D 6 505
1 B 866 893
3 B 22 9
0 D 6 505
1 B 866 893
3 B 22 9
4 B 179 172
1 A 599 592
3 B 832 863
0 C 571 580
3 B 832 863
0 C 571 580
3 A 814 809
4 C 595 556
4 C 595 556
1 A 943 936
2 C 324 315
0 A 42 45
1 A 943 936
2 C 324 315
4 B 408 391
1 C 41 86
3 D 441 70
0 B 645 666
2 D 128 383
4 D 190 321
1 D 643 892
3 C 851 812
2 B 124 99
0 D 258 253
4 C 872 791
0 D 258 253
3 A 413 410
1 C 454 441
2 C 856 807
4 B 229 250
3 B 644 667
0 B 942 945
2 D 582 953
4 D 827 708
1 D 298 213
3 D 977 558
0 B 355 380
4 C 18 109
2 C 306 333
3 D 977 558
0 C 167 216
1 A 210 213
2 D 275 236
3 D 858 677
4 D 910 625
1 B 42 53
0 D 316 195
4 A 164 163
2 A 125 122
3 A 976 983
1 A 509 506
0 C 971 948
4 A 206 201
0 C 971 948
2 D 372 139
1 A 326 321
4 C 318 321
1 A 428 427
3 D 397 203
4 C 318 321
0 D 485 26
2 B 622 625
0 C 485 26
1 B 889 870
2 A 413 410
3 D 491 884
3 D 491 20
4 C 507 388
0 C 38 89
2 C 490 405
3 C 543 608
2 A 663 656
3 C 543 608
4 D 997 538
0 C 487 408
1 C 1 126
2 B 881 878
3 C 68 59
1 C 417 478
0 C 246 137
3 A 538 541
2 D 269 242
0 A 319 312
1 B 118 105
4 D 465 899
2 B 148 139
3 C 355 284
4 D 465 46
1 B 165 186
0 C 565 586
4 B 279 264
2 B 41 54
3 B 700 675
3 B 700 675
0 C 825 838
2 B 91 68
1 C 879 784
1 C 879 784
4 A 785 790
2 B 141 146
3 A 968 975
0 A 844 843
1 B 990 961
4 B 489 502
0 C 768 895
2 C 613 538
0 C 768 895
2 C 613 538
4 B 264 279
3 C 820 843
1 B 504 487
0 A 764 763
1 B 504 487
3 C 820 843
1 A 368 375
2 D 710 825
3 C 846 817
0 A 871 864
3 C 846 817
2 D 710 825
4 A 308 307
0 A 423 416
1 A 217 222
2 D 488 83
3 B 251 228
2 D 488 23
0 B 717 722
4 C 362 277
1 C 3 124
2 C 945 974
3 C 681 726
4 C 933 986
1 A 986 989
0 D 202 309
3 B 218 197
2 C 122 5
4 B 432 431
2 C 122 5
3 B 664 647
1 C 881 782
0 B 241 238
1 C 881 782
4 D 375 136
2 C 570 581
3 A 1007 1000
0 B 644 667
1 A 109 106
3 B 1007 1000
0 B 644 667
1 B 109 106
1 B 110 113
3 B 240 239
4 B 648 663
0 D 911 624
2 D 592 943
3 B 462 465
2 D 592 943
4 B 22 9
1 A 262 257
2 A 188 187
0 C 171 212
4 A 84 83
3 C 828 835
1 A 313 318
0 B 628 212
3 C 828 835
4 A 287 280
2 B 123 100
1 D 535 105
1 A 535 1000
0 A 1 6
3 D 75 443
2 A 447 440
3 D 75 436
1 A 48 55
4 B 57 38
1 A 48 55
0 A 80 87
2 D 282 229
3 D 223 288
4 D 511 0
0 D 813 722
1 C 429 466
2 B 640 671
3 A 123 124
1 C 429 466
3 A 123 124
4 A 551 544
3 A 515 516
0 D 233 205
1 D 824 711
2 A 47 40
0 A 233 278
1 B 824 711
0 A 587 588
3 A 787 788
1 B 423 440
4 D 811 724
4 A 811 724
0 A 157 154
1 B 970 981
2 A 726 721
4 A 277 274
3 A 755 756
0 C 5 122
1 C 628 327
3 A 367 360
4 C 826 837
4 C 826 837
3 A 332 331
2 C 55 72
0 A 517 514
1 C 447 448
4 A 332 331
1 A 231 224
2 C 654 627
0 B 265 278
3 B 431 432
1 B 137 150
4 D 46 465
2 D 402 109
0 D 765 770
4 B 161 190
3 C 823 840
2 A 632 639
3 C 823 840
1 D 546 425
4 D 866 669
2 D 315 196
3 B 587 596
0 B 963 988
4 B 866 669
1 B 345 326
4 B 59 36
0 B 292 315
2 C 134 249
3 B 347 324
2 C 134 249
4 C 803 860
1 D 152 359
0 C 188 195
2 A 920 927
3 C 877 786
1 A 834 837
0 C 429 466
4 D 323 390
2 C 224 159
1 C 763 644
4 D 323 188
2 B 1022 993
3 B 517 538
0 B 573 546
2 B 972 979
4 D 71 440
3 A 491 492
4 D 71 440
1 C 526 124
2 B 826 805
1 A 719 625
0 B 5 26
3 C 109 18
3 C 109 18
2 D 674 861
0 A 606 601
4 D 350 161
3 C 589 562
2 B 960 991
4 C 350 161
0 B 914 909
0 B 914 909
3 A 700 699
4 B 460 467
1 B 318 289
2 A 508 507
2 A 508 507
1 B 318 289
0 C 942 506
4 A 325 322
3 C 926 993
1 C 448 447
0 B 682 693
2 D 47 464
3 B 654 657
4 C 780 883
1 C 180 203
4 C 780 883
1 C 180 203
0 D 538 997
0 D 538 997
2 C 942 711
4 D 570 965
3 B 216 199
4 D 570 965
2 C 881 782
1 D 608 927
0 A 137 142
1 D 608 927
4 B 518 537
3 C 832 831
2 D 888 647
0 A 753 758
1 B 889 870
2 D 888 647
3 B 365 370
4 A 693 690
0 B 678 697
1 A 986 989
2 B 248 231
1 A 156 155
3 C 840 823
0 C 398 497
3 C 840 823
4 C 331 308
0 B 355 380
2 C 612 539
4 C 331 308
1 C 860 803
2 C 612 539
4 D 834 701
1 A 927 920
3 A 473 478
0 B 889 870
0 B 889 870
4 D 229 282
1 A 879 872
0 A 246 241
2 C 789 874
3 D 497 14
2 C 789 874
4 B 496 495
3 A 497 14
1 A 58 61
3 A 959 952
0 C 679 728
0 C 679 728
4 C 518 633
1 C 761 646
2 D 104 407
3 A 560 567
1 B 488 503
2 B 780 787
0 A 386 389
4 D 579 956
3 A 260 259
2 B 594 589
1 C 67 60
3 B 222 193
4 A 31 24
2 B 457 470
0 C 571 580
1 A 398 393
0 C 571 580
4 A 626 629
3 D 844 691
2 B 450 477
0 C 675 732
3 D 844 691
0 C 675 732
1 C 743 664
4 A 129 134
2 C 738 669
3 D 17 494
1 C 1011 908
3 D 17 494
0 C 102 25
2 A 6 1
1 A 523 524
4 C 563 588
3 D 921 614
4 C 563 588
0 A 2 5
2 A 1 6
3 A 539 540
1 D 1023 512
4 A 135 128
1 D 1023 512
2 C 272 367
3 C 836 827
4 A 811 812
0 A 715 716
1 B 429 434
2 B 589 594
4 A 885 882
0 D 219 461
3 C 1018 237
0 D 219 292
1 C 116 11
2 D 665 870
3 D 544 991
4 C 933 986
1 D 406 105
3 A 328 335
2 D 693 842
4 C 160 223
0 D 747 788
1 A 681 686
2 B 761 742
0 D 747 788
3 C 622 529
1 C 778 885
0 D 6 505
1 A 884 883
2 D 862 673
3 D 835 700
2 D 862 673
3 D 835 700
0 C 543 608
3 A 572 571
4 D 185 326
0 C 748 659
1 B 651 660
2 D 845 690
3 C 8 119
4 C 232 151
0 D 701 834
2 A 343 336
1 B 184 167
4 B 707 732
0 B 684 691
1 B 184 167
3 D 750 785
4 B 455 472
2 A 499 500
3 D 750 785
2 A 40 47
0 C 606 252
3 B 897 926
4 B 287 256
1 A 936 943
0 C 606 545
2 B 117 106
3 C 679 728
4 A 23 16
0 D 706 829
1 D 672 863
0 D 706 829
3 A 994 997
1 D 672 863
2 B 829 802
0 B 990 961
4 D 746 789
1 D 458 53
3 B 212 203
2 B 41 54
4 C 204 179
0 C 49 78
1 C 147 236
3 A 819 820
2 B 396 403
0 A 260 259
4 D 854 681
1 D 918 617
3 A 772 771
4 B 854 681
2 A 514 517
0 A 231 224
1 A 434 437
4 B 319 288
2 B 754 749
0 A 632 639
3 D 566 510
3 D 566 969
1 A 401 406
2 C 301 338
0 A 988 987
4 C 858 805
1 D 541 994
3 B 881 878
2 C 79 48
0 B 965 986
1 A 8 15
1 A 8 15
0 B 965 986
4 D 777 758
3 B 158 129
4 D 777 758
0 A 374 369
2 C 856 505
3 B 181 170
1 D 568 450
2 C 856 807
4 B 541 514
4 B 541 514
1 D 568 967
2 C 868 795
0 B 921 902
4 D 407 104
1 B 939 948
3 D 383 128
2 B 685 690
4 C 68 59
3 B 383 128
0 D 333 178
3 B 955 932
1 D 63 448
4 A 170 173
2 A 695 688
1 A 63 448
0 D 984 551
1 A 884 883
2 D 554 981
3 D 1004 531
4 C 965 954
3 D 1004 531
4 C 965 954
0 A 783 776
1 A 915 916
2 A 388 387
3 C 35 92
4 D 328 183
0 B 136 151
2 B 285 258
1 D 825 710
3 A 192 199
4 C 385 510
0 C 883 780
2 C 476 419
3 C 231 152
4 D 635 900
0 D 455 56
1 C 64 63
2 D 203 308
3 C 619 532
4 B 165 186
2 B 710 729
1 D 154 357
3 C 233 150
4 D 835 700
0 B 895 864
0 B 895 864
4 D 835 700
1 B 665 646
0 B 130 157
1 B 665 646
2 A 138 141
3 A 446 441
0 B 493 498
1 B 181 170
4 C 771 346
4 C 771 892
1 A 535 528
2 C 209 174
0 B 127 96
3 D 796 739
4 C 826 837
3 D 796 739
4 C 826 837
1 C 795 868
0 C 995 924
2 B 627 620
1 C 795 868
4 C 1013 906
3 B 670 641
1 A 73 78
4 C 1013 906
2 A 752 759
3 B 974 977
0 D 135 376
1 A 444 443
0 D 135 376
4 C 803 860
2 C 948 971
3 D 614 921
1 C 454 441
0 A 119 112
3 D 614 921
4 C 380 259
2 A 963 964
3 A 4 3
1 B 573 546
2 B 363 372
0 C 799 666
3 A 954 957
1 A 262 257
0 C 799 864
4 C 139 244
4 C 139 244
1 A 164 163
2 D 407 104
2 D 407 104
0 B 403 396
0 B 403 396
3 A 179 180
4 B 422 441
1 A 13 10
2 B 21 10
0 A 62 57
3 B 86 73
4 B 85 74
1 A 223 216
2 C 62 65
0 B 288 319
4 A 545 550
1 A 975 968
3 C 141 242
4 B 101 122
2 C 485 410
3 C 141 242
0 B 361 374
3 A 520 527
1 D 16 907
0 A 556 555
4 B 232 247
1 C 16 495
2 C 828 835
3 B 840 855
2 C 828 835
0 A 975 968
1 C 839 824
2 A 384 391
1 C 839 824
4 A 455 448
3 A 116 115
0 B 917 906
2 B 979 972
4 B 694 681
1 C 585 403
3 B 59 36
2 D 501 10
0 A 507 508
4 D 634 901
1 B 952 935
3 D 840 695
2 B 733 706
4 A 700 699
0 B 342 329
3 D 840 695
1 B 237 242
0 B 848 847
1 B 75 84
2 B 924 899
4 B 925 898
3 D 688 652
3 D 688 847
2 C 656 751
4 B 507 484
1 C 695 712
0 D 609 926
0 B 609 926
3 C 393 502
4 C 734 673
1 A 163 164
2 C 408 487
2 C 408 487
0 C 122 5
3 A 613 610
1 C 532 619
4 A 524 523
1 C 532 619
0 B 513 542
2 B 710 729
4 B 608 639
3 B 294 313
1 B 538 517
2 A 531 532
4 A 215 208
1 B 54 41
2 B 405 394
0 D 372 139
3 B 489 502
0 B 372 139
1 B 525 530
2 B 157 130
3 A 632 639
3 A 632 639
0 B 990 961
0 B 990 961
4 B 865 894
2 A 321 326
3 B 892 867
0 A 308 307
1 C 351 313
4 D 72 439
2 D 653 882
3 A 63 56
1 A 495 488
3 A 63 56
0 B 796 771
1 B 231 248
2 B 640 671
0 B 603 580
3 C 357 282
4 C 58 69
3 C 357 282
4 C 58 69
1 B 108 115
2 A 295 288
0 B 311 296
4 A 473 478
3 A 28 27
0 B 311 296
3 A 154 157
0 B 960 991
1 D 649 886
1 D 649 886
2 C 616 535
4 B 634 613
2 C 616 535
0 D 873 662
1 B 63 32
3 A 597 594
2 C 577 574
0 B 311 296
1 A 12 11
4 D 270 836
3 A 290 293
0 A 717 714
4 D 270 241
2 D 501 10
3 B 737 766
4 B 219 196
1 C 860 803
0 A 143 136
1 A 860 803
2 A 661 658
3 A 945 950
1 A 467 468
4 D 552 983
4 D 552 983
2 A 183 176
0 D 618 917
3 D 113 641
0 D 618 917
4 A 599 592
1 A 396 395
3 A 389 386
2 A 770 773
0 B 783 784
0 B 783 784
4 A 112 119
1 A 569 574
2 A 63 56
0 A 873 878
3 D 912 623
3 B 912 623
4 A 618 621
1 D 105 406
0 A 994 997
3 B 1 30
2 A 680 687
1 D 105 406
0 B 828 803
3 C 675 732
4 D 203 308
1 B 493 498
2 A 892 891
4 C 456 439
3 D 963 572
0 D 800 735
1 A 191 184
2 A 430 425
3 B 53 42
4 B 368 367
0 D 624 911
1 B 254 225
0 D 624 911
2 C 43 84
3 A 930 933
4 B 569 550
0 B 637 610
2 C 27 100
3 C 27 100
1 A 177 182
4 D 34 477
4 D 34 477
2 B 271 272
3 A 415 408
0 D 132 379
1 D 748 787
2 B 510 481
4 C 871 792
1 A 748 787
4 C 871 792
0 A 714 717
1 A 338 341
2 B 185 166
3 C 117 10
3 C 117 10
1 B 779 788
2 A 625 630
0 C 694 713
4 D 814 721
3 D 992 774
4 D 814 721
0 C 866 797
1 D 537 998
3 B 419 444
2 D 132 379
4 B 120 103
1 A 863 856
3 C 315 324
0 D 430 81
4 A 180 179
2 B 309 298
1 B 542 513
0 B 128 159
2 A 848 855
3 D 554 981
3 D 554 981
4 D 147 425
1 A 599 592
0 C 587 553
3 B 315 292
4 B 28 3
2 C 398 724
0 B 110 113
3 B 184 167
2 C 398 497
1 B 141 146
0 A 728 735
2 A 504 511
3 B 829 802
4 C 928 991
1 C 478 417
0 A 812 811
3 B 32 63
2 C 228 155
4 A 883 884
2 C 228 155
1 A 681 686
1 A 681 686
0 B 563 556
3 D 199 312
3 D 199 312
4 C 706 701
2 D 230 281
0 A 563 564
1 D 505 6
3 C 546 605
4 C 802 861
2 B 274 269
3 A 409 414
0 D 187 324
0 D 187 324
1 A 312 319
2 A 515 516
3 A 527 520
4 A 171 172
2 A 390 385
0 D 384 127
1 D 503 8
3 A 66 69
4 C 135 248
4 C 135 248
0 A 686 681
1 A 60 59
2 C 675 732
0 A 17 22
3 C 816 847
4 D 412 99
1 B 80 79
4 B 594 589
2 D 82 429
3 C 678 729
0 C 673 734
1 A 83 84
2 B 294 313
4 A 321 326
0 B 383 352
3 B 220 195
1 A 449 454
2 B 847 848
4 B 497 494
0 A 763 764
3 D 16 495
1 A 958 953
2 B 68 91
0 B 213 202
2 B 68 91
4 D 971 564
3 C 46 81
1 C 413 482
2 C 811 852
1 C 413 482
2 B 811 852
4 D 401 110
3 B 243 236
2 B 620 627
1 B 513 10
2 B 620 627
3 B 624 623
4 A 877 874
2 A 54 49
0 D 296 557
0 D 296 215
3 A 219 220
4 A 353 358
2 C 830 833
1 D 433 78
0 B 805 826
3 B 63 32
2 B 723 716
1 A 909 906
4 D 689 984
4 D 689 846
0 D 1011 524
3 D 837 698
4 A 675 676
2 C 1016 903
0 A 294 289
3 B 831 800
2 C 1016 903
1 C 734 673
1 C 734 673
4 D 67 444
0 D 931 604
4 D 67 444
0 A 931 604
3 C 372 267
1 B 472 455
2 A 411 412
4 B 503 488
0 A 107 108
3 D 957 578
4 C 523 628
0 C 826 837
2 C 98 29
1 D 698 837
2 A 98 29
4 C 522 629
0 B 548 571
3 A 21 18
2 A 460 459
4 B 949 938
3 A 127 120
0 C 724 683
0 C 724 683
1 D 325 263
2 A 354 357
4 B 939 948
1 A 325 186
0 B 601 582
2 B 946 941
3 B 903 920
1 C 683 655
4 C 852 321
1 C 683 724
2 B 208 207
3 B 504 487
4 A 852 811
0 B 366 369
4 A 316 315
1 A 982 977
3 A 205 202
2 D 260 251
0 D 579 956
2 D 260 251
0 D 579 956
4 D 875 660
1 A 382 377
2 D 89 422
3 B 958 929
3 B 958 929
0 D 933 602
4 A 605 602
0 D 933 602
3 B 5 26
0 D 360 151
4 B 918 905
2 D 356 155
1 B 809 822
3 B 404 395
2 D 356 155
0 B 211 204
4 C 879 784
1 A 93 90
2 B 971 980
3 B 657 654
0 C 195 188
0 C 195 188
2 D 652 883
1 B 586 597
4 C 559 592
3 A 96 103
2 C 652 883
4 C 559 592
3 B 894 865
1 D 651 884
2 C 777 886
4 A 819 820
0 B 396 403
0 B 396 403
1 A 891 892
1 A 891 892
2 B 174 177
3 B 6 25
4 C 981 938
3 B 6 25
4 C 981 938
0 D 964 456
1 A 493 490
0 D 964 571
2 A 709 706
4 A 632 639
1 B 478 449
0 B 189 162
3 D 441 536
3 D 441 70
1 D 692 843
2 C 289 350
4 C 38 89
0 C 234 149
2 C 289 350
3 A 455 448
4 B 85 74
1 A 430 425
2 B 582 601
3 B 322 349
0 A 449 454
4 D 899 636
1 C 36 91
2 D 290 221
3 D 884 651
0 A 494 489
4 A 453 450
2 B 290 221
3 A 884 651
0 A 60 59
2 B 813 818
3 B 592 591
1 D 245 266
0 A 249 254
1 C 245 266
4 C 587 564
4 D 587 564
1 C 265 374
3 A 784 791
0 A 873 878
4 D 311 200
1 C 699 708
2 D 540 995
3 A 154 157
0 D 457 54
4 A 218 221
1 A 898 901
3 A 77 74
0 A 12 11
2 A 534 529
4 C 649 758
1 D 928 607
3 A 626 629
0 A 537 542
2 A 775 768
4 B 420 443
3 A 289 294
1 D 372 139
2 A 129 134
0 D 1011 524
3 A 544 551
4 D 76 435
1 C 805 858
0 B 724 715
4 D 76 435
1 C 805 858
2 B 873 886
0 A 291 292
3 C 480 415
4 C 829 834
1 B 853 842
2 C 869 794
3 C 322 317
4 D 401 110
0 B 796 771
1 D 248 263
3 A 434 437
1 B 248 263
4 A 586 589
2 B 304 303
0 C 923 996
1 B 355 380
3 B 550 569
0 A 923 996
2 B 838 857
0 A 896 903
4 B 864 895
2 A 57 62
1 D 854 374
0 C 81 46
4 B 664 647
1 B 854 681
2 B 1023 992
1 B 765 738
3 D 200 311
0 C 302 337
2 B 64 95
4 B 151 136
1 C 932 987
2 B 114 109
3 C 964 955
0 B 536 519
4 D 285 838
1 C 728 679
2 B 519 536
0 A 459 460
3 D 539 996
3 D 539 996
1 D 368 143
2 B 186 165
4 D 880 655
0 C 575 576
3 B 627 620
1 A 991 984
2 A 457 462
0 C 575 576
3 A 793 798
4 A 820 819
1 B 520 535
2 A 135 128
0 B 103 120
3 A 299 300
4 D 872 663
2 C 205 178
0 C 709 698
1 C 825 838
4 B 664 647
3 C 283 356
2 B 624 623
3 C 283 356
1 C 777 886
0 A 543 536
4 C 213 170
2 A 90 93
3 D 637 898
1 A 288 295
4 A 506 509
3 B 637 898
0 C 143 240
2 B 635 612
3 B 408 391
4 A 669 666
4 A 669 666
0 A 945 950
1 D 937 598
4 A 583 576
1 B 937 598
2 A 973 970
1 B 663 648
3 B 198 217
0 D 66 445
0 D 66 445
2 C 149 234
4 D 836 699
1 C 698 709
3 C 921 998
0 B 778 789
4 A 235 236
1 B 707 732
2 D 575 921
4 A 606 601
2 D 575 960
3 C 100 27
0 D 657 878
1 B 990 961
3 C 100 27
4 A 572 571
2 B 443 420
1 C 659 748
0 D 381 130
3 C 224 159
0 D 381 130
4 A 767 760
1 A 665 670
3 A 843 844
2 B 117 106
0 B 23 8
1 A 387 388
3 A 512 519
4 B 885 874
2 D 165 346
0 B 240 239
2 D 165 346
1 D 664 871
3 D 332 179
4 D 401 110
0 C 751 656
2 C 717 690
1 B 310 297
0 C 751 656
3 C 278 361
0 A 969 974
1 A 586 589
4 A 513 518
2 C 737 670
2 A 737 670
3 B 864 895
1 A 596 595
0 D 814 721
2 B 699 58
4 B 324 347
1 B 689 686
0 C 814 721
2 A 56 63
4 A 777 782
4 A 777 782
1 A 884 883
0 C 106 21
3 A 323 324
2 D 355 251
0 B 222 193
2 B 194 221
4 D 482 29
3 B 789 778
4 D 482 29
1 C 776 887
0 A 668 667
1 A 702 697
2 C 720 687
3 C 557 594
2 A 720 687
3 D 557 594
4 C 575 576
2 A 718 713
4 C 575 576
3 D 200 311
1 B 753 750
4 A 373 370
0 C 143 918
2 A 758 753
2 A 758 753
0 D 143 240
3 C 110 17
4 D 127 384
3 C 110 17
4 D 127 384
0 B 122 101
2 B 472 455
0 B 122 101
3 A 506 138
1 D 158 353
1 D 158 353
2 D 278 233
3 D 475 36
0 B 955 932
4 C 502 393
2 B 831 800
3 A 711 704
0 B 392 407
1 A 823 816
2 A 372 371
4 D 80 431
3 B 405 394
4 D 80 431
1 C 155 228
0 A 3 4
2 A 258 261
3 A 553 558
1 A 669 666
0 A 680 687
4 D 661 874
2 C 687 720
3 D 407 104
1 A 98 101
1 A 98 101
0 B 56 39
3 D 407 104
4 D 237 274
2 C 866 797
3 D 375 136
0 D 165 346
4 A 910 905
2 B 902 921
0 D 165 346
1 C 693 714
3 D 378 133
0 B 93 66
4 D 558 977
3 A 908 907
1 C 342 297
2 D 654 881
0 A 530 533
4 C 107 20
2 B 614 633
3 B 135 152
1 B 347 324
4 A 343 336
2 A 711 704
3 B 337 334
0 D 499 12
1 A 349 346
0 B 499 12
4 A 81 86
2 B 756 747
0 B 276 267
1 A 858 861
4 A 944 951
0 A 406 401
3 C 671 736
3 C 671 736
2 C 411 484
4 C 641 766
1 D 658 877
2 C 411 484
4 C 641 766
1 D 658 877
4 A 641 646
0 A 304 311
2 C 281 358
2 C 281 358
3 D 816 719
1 C 769 894
3 D 816 719
0 B 631 616
4 D 640 895
2 A 828 827
4 C 891 772
2 B 747 756
1 C 393 440
0 D 59 452
3 C 329 310
1 C 393 502
3 B 207 310
2 A 623 616
4 B 615 632
1 D 268 243
3 D 816 719
0 B 233 246
2 D 153 358
4 D 47 464
3 B 825 806
2 D 153 358
1 C 588 563
4 C 529 622
2 D 724 811
3 C 491 404
1 A 225 230
4 B 549 570
0 B 490 501
2 D 211 300
3 D 42 469
1 C 847 816
4 B 297 310
2 A 211 300
3 C 42 469
2 A 373 370
1 C 289 350
3 C 462 433
0 A 554 557
4 A 662 657
2 B 667 644
1 D 169 342
3 B 816 815
4 C 231 152
0 D 38 473
1 B 766 737
2 D 78 433
3 A 361 366
4 D 642 893
0 C 886 777
0 D 886 777
1 A 882 885
2 D 997 538
4 C 79 48
3 C 639 512
0 D 427 84
1 C 605 546
2 D 143 368
4 C 1007 912
2 D 143 368
3 C 77 50
0 B 519 536
1 C 814 849
4 D 428 83
2 C 125 2
1 C 814 849
3 A 906 909
0 C 254 129
4 C 515 636
1 C 751 656
2 A 459 460
3 A 464 471
0 C 670 737
3 B 267 276
1 B 898 925
2 D 923 612
4 D 676 859
0 D 8 503
3 A 85 82
1 B 950 937
4 B 121 102
2 D 620 915
0 D 64 447
2 B 620 915
0 D 64 447
1 B 859 403
2 A 423 416
3 C 682 725
0 B 305 302
1 D 633 902
4 D 555 980
2 A 320 327
3 C 451 444
0 C 884 779
4 B 139 148
1 D 188 323
1 C 188 323
3 B 480 511
2 D 718 45
1 C 803 860
0 D 565 970
4 B 493 498
3 B 520 535
4 B 493 498
0 D 565 970
2 D 371 140
2 D 371 140
4 D 693 842
1 C 289 350
4 D 693 842
1 C 289 350
3 A 380 379
3 A 380 379
2 C 746 661
4 B 12 19
0 B 31 0
3 A 206 201
1 C 33 94
1 C 33 94
4 D 733 802
0 D 716 819
2 C 1004 915
3 D 455 56
1 D 917 618
2 B 649 662
1 D 917 618
4 B 379 356
3 A 982 977
0 D 444 67
2 B 848 847
0 D 444 67
1 A 154 157
4 A 867 868
1 A 896 903
0 D 785 750
2 B 245 234
4 B 217 198
0 D 785 750
1 A 990 985
3 D 579 956
0 D 683 852
2 A 125 122
4 A 963 964
1 A 282 285
3 C 579 956
0 A 762 765
2 D 188 323
1 C 585 566
3 B 148 139
2 D 188 323
4 D 334 177
0 D 913 622
2 D 47 464
3 C 965 954
1 B 842 853
4 D 396 115
2 D 217 294
0 C 612 539
3 A 941 938
1 C 423 472
2 D 217 294
4 B 70 89
1 A 16 23
4 A 645 642
0 A 89 94
2 C 766 641
1 A 307 308
0 A 38 33
4 D 113 398
3 D 919 616
2 C 297 342
3 D 919 616
1 A 680 687
1 B 345 326
3 D 943 592
4 D 581 710
3 D 943 592
4 D 581 954
0 C 141 242
2 D 118 393
3 B 804 827
4 A 130 133
0 B 817 814
0 B 817 814
1 B 915 160
0 B 202 213
3 D 943 592
2 A 885 882
1 C 805 858
3 D 943 592
4 D 543 992
0 D 713 822
1 B 193 222
2 B 1017 998
4 B 616 631
3 C 508 387
3 C 508 387
1 B 169 182
0 B 41 54
4 A 903 896
2 C 70 57
1 D 440 71
3 A 940 939
4 B 141 146
1 A 440 71
2 B 500 491
0 C 367 272
1 A 547 548
0 C 367 272
3 B 609 638
2 D 995 540
4 C 481 414
1 B 332 339
0 D 576 959
0 D 576 959
4 A 255 248
3 B 299 308
2 C 222 161
4 C 576 575
2 C 222 161
0 D 92 419
3 A 925 922
1 C 522 629
1 C 522 629
4 A 564 563
0 B 910 913
2 A 296 303
0 B 910 913
3 C 876 787
2 B 762 741
0 A 244 243
3 C 876 787
4 D 186 325
1 D 415 96
2 C 83 44
3 D 909 626
4 C 277 362
0 B 36 59
1 B 376 359
2 A 673 678
0 B 273 270
3 D 544 991
4 C 284 355
1 B 579 604
3 A 544 991
4 D 284 355
3 A 539 540
0 A 475 476
1 A 910 905
2 A 751 744
4 D 823 712
3 B 584 599
0 B 976 975
4 D 823 712
2 A 498 501
0 A 637 634
1 C 301 728
3 D 78 433
2 C 546 605
3 D 78 433
1 C 301 338
0 B 473 454
2 A 957 954
4 D 407 104
4 D 407 104
1 C 682 725
3 C 135 248
0 C 987 932
2 B 611 636
4 A 266 269
1 A 68 67
0 C 987 932
2 C 511 384
0 A 336 343
4 D 434 77
1 C 264 375
3 D 611 924
2 B 737 766
4 B 294 313
1 B 264 375
0 D 368 143
1 B 716 723
2 A 420 419
3 D 961 574
0 A 742 737
3 D 961 574
4 C 933 986
1 B 909 914
2 B 890 869
1 B 909 914
2 B 890 869
4 D 933 986
1 B 989 962
3 B 605 578
4 B 585 598
0 B 211 204
2 A 892 891
3 C 93 34
4 D 316 195
0 D 44 467
1 D 836 699
3 B 493 498
4 B 273 270
2 C 337 302
0 A 781 778
1 A 469 466
2 B 367 368
4 C 517 634
3 C 600 551
3 C 600 551
0 D 790 745
4 A 197 194
1 D 342 169
0 D 790 745
1 D 342 169
2 D 214 297
0 B 876 883
3 C 1020 899
4 C 93 34
1 A 787 788
3 A 1020 899
4 C 93 34
1 B 809 822
3 A 551 544
0 B 825 806
2 C 550 601
1 B 428 435
3 A 757 754
2 C 550 601
4 B 602 581
0 D 535 1000
4 B 602 581
0 D 535 1000
2 B 82 77
1 A 767 760
4 C 725 682
4 C 725 682
3 A 968 975
2 C 258 381
0 D 442 69
4 C 131 252
1 D 285 226
2 C 954 965
3 C 377 262
0 A 650 653
4 B 921 902
2 A 954 965
3 C 377 262
1 D 766 769
1 D 766 769
2 C 349 290
0 D 553 982
3 A 832 839
1 C 14 113
4 C 466 429
2 B 702 673
1 C 14 113
0 D 196 123
0 D 196 315
3 A 112 119
4 A 727 720
2 A 824 831
1 D 192 319
1 C 192 319
4 B 145 142
2 A 942 937
3 D 546 989
0 A 197 194
4 B 51 44
3 D 546 989
1 D 719 248
0 A 206 201
3 B 202 213
4 B 514 541
1 D 719 816
0 A 433 438
2 D 701 834
2 D 701 834
1 D 883 652
3 A 424 431
4 C 330 309
0 B 431 432
0 B 431 432
4 C 330 309
2 D 572 963
3 C 702 705
0 B 65 94
1 A 846 841
4 C 718 689
2 A 467 468
3 C 270 369
4 C 718 689
0 C 1004 915
1 D 846 689
2 D 288 223
3 C 956 963
4 C 987 932
1 B 715 724
0 D 904 631
3 B 572 547
2 C 768 895
4 C 275 364
0 B 832 863
4 A 275 364
1 A 238 233
3 A 104 111
4 A 752 759
0 A 948 947
3 A 53 50
1 C 870 793
2 C 12 115
4 D 791 744
0 A 557 554
1 A 590 585
3 D 261 250
4 B 420 443
3 A 261 250
2 D 310 201
1 A 630 625
3 A 966 961
4 C 46 81
0 C 77 50
4 C 46 81
2 B 182 169
0 C 77 50
3 B 301 306
3 B 301 306
4 A 351 344
2 A 179 180
1 C 993 926
0 A 973 970
0 A 973 970
3 B 113 732
4 A 380 379
3 B 667 644
0 D 750 785
2 C 321 318
4 B 627 620
1 B 99 124
0 D 750 785
3 A 977 982
4 A 695 688
1 B 221 194
2 A 80 87
0 D 406 105
3 D 941 594
1 C 754 653
2 B 705 734
4 D 467 44
0 C 308 331
3 A 64 71
2 B 934 953
1 D 343 168
4 B 229 250
0 B 961 990
3 B 227 252
2 A 270 265
1 C 60 67
0 C 211 172
4 C 828 846
3 D 434 77
1 C 513 638
0 D 846 689
2 D 833 702
0 D 846 689
2 D 833 702
1 A 799 792
4 D 494 17
3 B 254 225
4 C 494 17
2 A 226 229
0 B 260 283
1 B 834 861
3 A 726 721
2 B 355 380
0 A 863 856
4 C 803 444
3 B 648 663
4 C 803 860
2 D 909 626
0 D 628 907
1 C 890 773
4 B 798 769
3 A 923 924
4 B 798 769
1 B 890 773
2 C 822 841
1 B 30 1
2 A 822 841
3 A 98 101
0 C 241 142
3 A 98 101
2 A 588 587
0 C 241 142
4 D 480 31
0 C 245 138
1 D 329 182
3 D 964 571
2 C 871 792
1 D 329 182
4 A 760 767
3 D 964 571
3 A 738 741
1 D 678 857
2 B 805 826
0 D 345 613
1 D 678 857
4 A 945 950
3 D 230 281
1 B 410 389
0 D 314 197
2 A 345 350
4 B 445 418
2 A 345 350
0 A 314 197
3 B 938 949
0 A 325 322
4 A 697 702
0 A 325 322
2 C 803 860
1 B 888 871
3 B 921 902
2 A 803 860
1 B 601 582
2 A 667 668
0 C 398 891
4 D 668 867
0 C 398 497
3 A 538 541
1 B 436 427
2 B 852 843
4 B 551 568
0 C 495 400
2 B 231 248
1 C 417 478
4 A 33 38
3 D 343 168
0 A 1 6
2 A 543 536
1 C 793 870
3 B 603 580
4 C 957 962
0 B 496 495
1 A 191 184
2 C 616 535
3 A 120 127
2 A 250 535
4 A 35 36
4 A 35 36
0 B 312 295
3 A 778 781
1 C 541 610
1 C 541 610
2 D 387 124
0 C 94 33
3 A 556 555
4 C 104 23
1 D 40 471
2 A 616 623
4 C 104 23
0 C 635 516
1 D 40 471
3 A 986 989
4 A 450 453
0 C 289 350
1 D 993 542
2 D 959 576
1 D 993 542
4 A 2 5
2 B 959 576
0 D 583 952
0 D 583 952
2 B 472 455
2 B 472 455
3 D 164 347
3 D 164 347
1 A 276 275
4 A 750 745
0 A 343 336
2 B 443 420
3 B 732 707
2 B 443 420
3 B 732 707
1 A 194 197
3 A 68 67
4 A 956 955
2 C 572 579
0 B 91 68
1 A 444 443
2 C 572 579
4 A 49 54
3 D 898 637
0 A 328 335
1 D 502 9
2 C 387 508
1 D 502 9
2 C 387 508
3 A 128 135
4 B 21 10
0 A 99 100
1 B 910 882
2 D 677 858
2 D 677 858
4 B 255 224
4 B 346 325
3 C 777 886
0 A 41 46
1 B 509 482
2 A 510 505
2 A 510 505
4 A 808 815
3 A 235 236
0 A 508 1004
1 A 797 794
2 C 445 636
3 B 176 175
0 D 2 509
4 A 120 127
2 C 445 450
0 D 2 509
1 D 89 422
3 B 533 522
2 D 422 89
0 B 470 457
4 C 237 146
1 B 730 709
3 B 328 343
2 C 237 146
0 A 711 704
0 A 711 704
1 A 83 759
4 C 271 368
4 C 271 368
2 C 487 408
3 D 771 764
0 D 94 417
1 D 657 878
2 D 413 98
4 B 60 35
3 C 692 715
0 C 92 35
1 A 745 750
1 A 745 750
2 A 254 249
0 A 501 498
3 C 440 455
4 A 905 910
3 C 440 455
1 B 139 148
2 A 228 227
3 A 301 298
0 D 470 41
2 B 16 15
0 D 470 41
4 A 63 56
3 A 604 603
1 C 692 582
4 C 651 756
2 C 209 174
0 C 642 765
3 D 588 947
0 C 642 765
2 A 551 544
3 A 581 578
4 D 572 963
1 A 416 423
4 C 572 963
0 A 422 417
2 B 419 444
1 B 402 397
2 A 658 661
3 D 53 458
4 D 809 726
0 C 239 144
3 D 53 458
4 D 809 726
0 C 239 144
2 C 766 641
0 A 176 183
2 C 766 641
1 D 208 303
2 C 595 556
3 C 53 74
4 C 41 86
0 D 391 120
1 D 5 506
3 A 273 278
1 D 5 506
0 C 657 750
4 B 515 540
2 D 834 701
1 B 728 711
2 D 834 701
0 B 192 223
3 B 810 821
4 B 762 741
2 B 868 891
2 B 868 891
1 C 0 127
0 B 277 266
1 C 0 127
4 A 440 447
3 D 744 722
1 A 423 416
2 B 875 884
0 C 806 857
3 A 143 136
3 A 143 136
4 B 368 429
0 D 819 716
1 D 466 45
2 C 548 603
4 D 985 550
3 D 941 594
1 B 562 557
4 D 985 550
0 D 256 804
2 D 892 643
3 A 656 663
0 A 618 621
1 A 456 463
4 C 409 486
3 A 768 775
2 A 5 2
1 A 722 725
0 D 733 802
2 D 953 582
4 A 140 139
3 D 86 425
1 A 677 674
0 B 691 684
3 D 86 425
2 C 539 612
4 D 174 337
3 B 388 411
1 D 94 417
2 A 287 280
0 C 681 726
1 D 94 417
4 B 540 515
2 A 878 873
4 A 177 182
3 D 938 597
0 A 252 251
1 D 42 469
3 D 938 597
4 B 931 956
0 A 289 294
1 C 145 238
2 D 489 22
3 D 785 750
4 A 219 220
2 D 489 22
3 D 785 750
1 A 867 868
0 C 76 51
2 A 815 808
3 A 632 639
4 B 431 432
2 B 283 260
1 D 666 611
3 C 28 99
4 D 658 877
1 D 666 869
3 C 28 99
4 D 658 877
2 C 508 387
0 B 777 790
1 A 110 105
3 A 397 394
2 C 508 387
4 B 248 231
4 B 248 231
0 B 849 846
2 A 486 481
1 C 410 971
4 D 94 417
0 A 442 445
3 D 183 328
1 D 52 459
3 D 183 328
2 C 358 281
4 C 395 500
0 B 930 957
1 C 756 651
3 D 619 916
2 B 206 209
0 A 437 434
4 C 605 546
3 D 619 916
1 B 987 964
4 C 605 546
2 C 824 839
0 C 50 77
0 C 50 77
3 C 127 686
4 D 728 807
1 D 293 218
2 B 953 934
0 D 866 669
3 A 886 881
4 D 969 566
1 D 256 255
0 C 675 732
4 D 969 566
2 C 38 89
1 D 797 738
0 A 23 16
4 A 8 15
3 B 733 706
1 C 797 738
3 D 733 706
4 B 33 62
1 C 361 278
0 B 303 304
1 C 361 278
3 D 810 681
3 C 810 725
0 A 437 434
4 A 491 492
3 C 382 257
2 A 935 928
1 C 156 227
0 D 469 42
3 C 751 656
4 D 644 891
1 D 290 221
2 A 571 572
0 A 860 859
4 D 644 891
total time of producer and consumer measured by clock(2):
producer takes 796662704 clicks 5091.629883 seconds.
consumer takes 70000 clicks 0.070000 seconds.
total time of producer and consumer measured by time(2):
producer takes 1279.000000 seconds.
consumer takes 0.000000 seconds.

real	10m50.035s
user	43m19.431s
sys	0m0.451s
