4 A 771 897
2 A 176 940
4 A 771 772
0 C 394 178
2 B 176 183
0 C 394 501
1 C 473 813
0 B 394 501
1 C 473 813
3 C 625 660
3 A 625 660
4 C 37 90
2 D 956 955
3 A 59 60
4 C 37 90
1 C 95 779
2 D 956 579
0 C 12 813
0 C 12 115
4 D 37 90
1 A 95 32
0 D 12 115
3 B 775 792
1 B 874 320
2 A 331 988
3 C 775 792
4 C 324 288
1 D 874 885
2 C 331 332
0 D 539 927
4 B 324 315
4 B 324 315
0 A 539 927
4 B 492 499
3 C 940 979
0 A 970 973
3 C 940 979
1 D 109 235
2 C 541 610
3 D 940 979
1 C 109 235
2 C 541 610
0 D 210 158
2 A 541 610
4 A 26 29
0 A 210 301
4 B 26 29
1 A 125 692
1 A 125 122
2 B 419 99
0 A 970 856
2 C 419 444
3 C 818 595
0 A 970 973
3 D 818 595
4 D 320 902
1 A 441 446
4 D 320 902
3 A 818 845
2 A 902 897
4 B 320 191
1 B 441 446
3 C 408 17
4 B 357 164
1 B 792 775
0 D 267 244
4 A 357 378
3 C 408 17
0 B 267 244
1 B 792 775
0 B 267 244
2 D 805 855
2 D 805 730
4 A 229 226
2 D 805 730
1 A 284 776
4 A 229 226
0 D 293 6
3 D 204 534
1 B 284 283
0 B 293 218
3 D 204 162
0 B 293 218
2 A 42 640
1 B 235 341
4 D 736 383
0 B 856 839
2 B 42 45
1 B 235 244
4 D 736 383
0 B 856 839
4 D 736 799
3 D 1020 687
2 B 269 274
3 A 1020 687
1 D 62 620
4 D 696 829
1 C 62 449
4 D 696 839
0 C 194 883
3 A 174 169
2 B 261 563
3 A 174 169
0 B 286 189
2 B 261 282
1 C 724 794
0 B 286 257
1 D 724 794
4 D 44 464
1 D 724 683
2 B 67 92
3 B 589 280
4 B 44 464
4 B 64 243
1 B 738 429
0 A 712 407
0 A 712 719
4 D 64 95
1 C 738 765
2 A 403 404
2 A 403 404
0 A 712 719
3 C 330 903
4 A 161 213
4 D 161 166
3 D 330 903
2 A 155 156
3 A 330 309
1 D 337 133
0 B 743 760
1 C 337 133
0 B 743 760
3 A 179 591
2 B 873 886
3 B 179 180
2 C 873 886
1 A 584 377
0 B 853 842
4 C 544 256
4 D 544 607
0 B 853 842
3 A 11 382
4 C 544 607
3 A 11 12
2 D 78 307
1 B 263 695
4 C 213 823
0 B 214 1020
2 D 78 433
4 C 213 170
3 A 719 433
1 C 263 280
0 B 214 201
4 D 213 170
3 A 719 712
3 A 855 712
3 B 855 848
2 B 620 74
0 A 128 789
2 B 620 627
0 A 128 135
1 C 227 496
4 D 922 816
1 C 227 156
3 D 679 109
4 B 922 816
2 B 847 424
3 C 679 109
3 D 679 856
2 B 847 848
4 B 430 633
4 B 430 433
0 D 278 222
0 D 278 222
3 A 259 483
0 D 278 233
1 D 472 638
3 A 259 260
4 B 529 526
1 C 472 638
4 D 529 526
1 C 472 39
2 D 917 125
2 D 917 125
0 D 66 677
1 B 66 347
3 B 141 1023
1 D 66 93
0 C 66 445
3 A 141 146
0 D 66 445
4 B 872 903
4 C 872 887
2 A 82 85
2 A 82 85
3 A 856 863
0 A 574 224
1 B 436 803
3 B 856 863
0 A 574 569
1 A 436 427
4 B 225 412
4 B 225 254
4 B 225 254
2 A 746 526
3 B 924 899
2 D 746 586
3 C 924 899
1 B 850 83
1 B 850 845
4 A 301 404
0 D 69 442
4 A 301 298
2 A 201 957
0 C 69 442
3 B 988 448
1 B 964 193
2 A 201 206
3 B 988 963
0 A 69 442
1 D 964 987
0 A 116 630
4 A 43 44
3 B 13 370
2 C 309 283
4 C 43 44
3 B 13 18
1 C 799 938
2 D 309 330
1 D 799 399
0 B 516 489
0 B 516 539
1 C 799 864
4 C 223 160
2 A 468 424
0 B 158 129
3 C 434 925
4 D 223 160
2 A 468 467
0 C 158 129
3 C 434 461
3 C 434 461
1 C 357 282
1 B 357 282
4 D 32 908
2 B 42 53
1 B 357 282
2 D 42 53
4 B 32 479
0 B 1 652
0 D 1 30
3 B 587 740
4 B 109 114
1 C 669 151
2 A 632 644
1 C 669 151
3 A 587 596
4 A 109 114
2 A 632 639
0 B 475 849
1 D 669 738
4 A 273 332
0 A 475 452
3 D 860 582
4 A 273 278
2 D 91 106
3 D 860 582
1 C 190 84
2 D 91 420
2 D 91 420
1 C 190 193
0 D 330 147
0 B 698 181
3 D 427 816
4 C 95 365
1 B 234 797
3 C 427 84
4 C 784 32
2 C 251 232
2 A 251 232
0 D 610 925
2 B 283 132
4 B 405 84
0 A 610 925
1 A 97 433
3 C 159 224
0 A 610 925
4 B 405 394
1 D 97 102
3 C 159 224
2 B 724 396
3 C 159 224
0 A 860 859
2 A 724 715
0 B 860 859
4 B 13 18
1 D 822 165
2 B 186 731
3 D 195 960
0 A 750 850
1 C 822 165
2 B 186 165
3 C 195 316
4 A 512 519
1 A 822 713
0 A 750 745
3 C 195 316
4 D 512 519
1 C 553 846
0 B 646 665
3 C 663 744
1 B 553 846
4 B 194 1010
0 D 646 665
2 D 419 337
3 B 663 744
4 D 194 221
2 A 419 92
3 B 107 116
0 A 760 835
1 C 704 660
3 D 107 116
0 A 760 767
2 A 393 786
1 A 704 660
1 A 704 703
2 A 393 398
4 D 208 303
4 D 208 303
4 D 208 303
1 A 515 516
1 C 515 516
3 D 886 915
0 C 564 48
3 C 886 649
0 C 564 48
4 D 56 824
2 A 774 769
4 D 56 455
2 A 774 769
0 B 710 729
1 B 268 910
3 A 431 536
0 D 710 729
1 D 268 275
3 D 431 424
2 A 113 913
2 A 113 913
4 A 948 41
4 A 948 947
1 C 7 963
0 C 537 896
3 A 545 550
3 A 545 550
0 A 537 614
1 A 7 120
2 D 141 374
4 C 621 39
2 C 141 370
0 B 260 1018
2 C 141 370
4 C 621 530
1 C 513 363
1 B 513 638
3 D 5 506
2 B 704 797
4 A 588 82
2 B 704 735
3 C 5 506
4 A 588 587
0 D 343 339
1 B 211 204
0 B 343 339
1 B 211 204
0 D 548 168
3 C 92 10
2 B 406 394
3 B 92 10
1 B 787 780
2 B 406 393
3 D 92 35
1 B 787 780
0 C 926 267
3 D 148 580
4 A 549 546
0 C 926 993
0 C 926 993
4 C 549 546
3 D 148 363
2 C 802 962
2 C 802 861
1 B 500 491
2 A 802 861
0 D 901 174
1 B 500 491
4 B 34 109
0 B 901 634
3 D 100 547
4 A 34 61
0 D 184 634
3 D 100 547
2 C 55 873
1 B 123 860
2 A 55 873
2 A 55 72
4 D 73 902
0 D 291 38
1 B 805 826
4 D 73 438
0 D 291 220
1 D 805 826
2 A 491 492
0 D 291 220
3 C 677 730
4 D 73 438
2 D 491 492
3 D 677 730
3 D 677 730
0 B 226 774
0 B 226 253
0 B 226 253
1 C 949 594
4 B 161 675
1 C 949 308
2 D 292 219
4 B 161 190
2 B 292 219
3 D 210 699
1 A 949 970
0 B 22 9
3 D 210 301
0 A 22 9
1 A 333 330
2 A 385 390
2 A 385 773
4 D 340 60
3 B 416 447
4 D 340 60
0 D 708 1001
1 B 956 294
4 D 790 171
0 D 708 1001
1 A 956 931
2 A 359 823
2 A 359 823
2 C 359 352
1 A 879 872
0 D 719 485
1 A 879 872
0 D 719 485
3 C 174 49
4 D 497 413
3 B 174 49
2 D 854 935
4 A 497 14
2 D 854 681
0 A 109 622
0 A 109 106
4 A 86 14
2 A 854 681
4 B 86 81
3 C 876 586
2 A 17 22
3 C 876 586
0 A 58 61
3 C 876 787
1 B 925 970
2 C 17 22
0 C 58 61
4 B 457 470
1 B 925 898
4 A 457 470
3 B 974 877
2 B 966 168
1 C 1004 138
0 A 31 616
3 B 974 977
4 B 541 1
2 A 966 985
4 B 541 514
1 A 1004 138
0 A 31 24
4 D 541 514
1 A 744 751
3 D 388 997
0 B 334 337
1 A 744 751
2 A 601 606
0 B 334 337
3 C 388 123
2 D 601 606
4 C 628 858
4 C 628 523
3 C 940 762
1 D 430 824
2 C 797 32
0 C 504 101
1 C 430 81
3 D 940 979
0 A 504 391
2 B 311 866
4 C 772 891
4 A 772 891
2 B 311 296
1 B 772 68
3 A 20 239
0 D 337 188
1 C 772 795
3 C 20 19
0 D 337 188
4 A 789 786
0 D 337 174
4 A 789 786
2 C 819 737
2 D 819 737
1 B 698 229
3 B 692 731
1 A 698 677
2 A 819 844
3 D 692 683
4 C 286 873
4 C 286 873
3 A 792 150
1 B 912 911
2 A 964 727
4 C 286 353
0 A 2 943
1 B 912 911
2 D 964 963
3 B 792 799
0 B 2 5
3 B 584 599
3 B 584 599
4 B 512 782
0 B 886 873
1 A 700 558
4 C 512 543
0 C 886 873
1 B 700 699
2 D 201 646
2 D 201 631
2 B 201 310
3 D 961 988
2 B 278 265
4 C 994 925
0 C 587 452
1 C 282 56
3 A 961 574
0 C 587 564
4 B 994 925
1 A 282 357
2 C 694 349
3 A 962 965
2 C 694 349
4 B 435 752
1 A 55 865
4 B 435 428
3 D 962 965
2 C 694 713
1 D 55 48
0 B 237 791
0 C 237 242
2 C 936 424
4 B 129 250
3 D 31 639
4 A 129 158
1 A 825 584
3 D 31 639
2 D 936 424
3 B 31 480
0 A 853 243
0 A 853 850
4 A 151 144
2 D 987 980
3 B 504 974
1 D 314 753
4 B 151 144
2 D 987 980
3 B 504 487
2 D 987 548
1 D 314 753
4 C 293 622
0 D 430 754
3 A 831 824
0 C 430 754
3 A 831 824
4 C 293 622
1 D 393 118
0 A 430 81
2 C 861 1010
1 A 393 118
0 A 661 550
2 C 861 802
3 B 526 679
1 B 264 502
3 B 526 529
1 B 264 279
2 B 875 977
3 B 526 529
0 B 939 948
4 C 232 151
4 A 232 151
2 D 875 884
0 A 939 948
4 D 232 151
1 B 750 415
1 D 750 753
0 A 335 328
4 D 219 93
3 C 873 790
0 A 335 328
2 C 788 0
4 B 219 93
2 C 788 875
3 B 873 790
1 A 512 519
1 A 512 276
2 B 788 875
1 A 512 519
4 B 308 903
4 D 308 299
4 D 308 299
3 A 464 348
2 C 926 925
3 D 464 249
2 A 926 301
2 A 926 993
4 D 1013 91
3 B 579 981
0 D 53 358
2 A 262 257
1 D 164 347
2 A 262 257
4 A 1013 522
0 A 53 358
1 A 164 347
3 B 933 954
4 A 602 566
2 A 405 402
0 D 617 334
3 D 933 954
4 D 602 605
1 D 715 79
1 D 715 79
0 B 617 334
1 C 715 820
4 A 8 128
2 B 57 667
2 B 57 38
3 D 962 285
4 B 8 15
0 B 831 800
3 D 962 573
1 A 196 457
0 C 831 800
3 D 962 573
1 A 196 195
4 A 681 269
2 B 640 153
4 B 681 686
2 D 640 671
0 C 365 274
1 A 260 625
3 A 146 278
1 A 260 259
3 C 146 149
0 A 365 274
2 A 287 977
4 D 127 384
1 A 787 788
4 C 119 384
2 C 287 280
1 D 787 788
0 A 700 699
4 C 119 8
0 B 700 699
3 C 247 490
2 C 761 646
3 A 247 136
4 B 634 881
2 B 761 646
4 B 634 613
1 C 495 375
2 B 761 646
0 B 88 71
0 B 88 71
1 A 495 400
3 B 970 220
2 B 316 291
3 B 970 220
2 A 316 291
3 B 970 981
1 A 927 920
4 D 218 195
1 C 927 920
4 A 218 293
0 D 494 552
2 D 25 65
3 B 555 564
0 D 494 17
4 B 984 967
2 D 25 65
1 C 196 600
0 A 494 17
4 A 984 967
1 A 196 187
3 B 380 355
3 B 380 355
4 A 6 189
0 B 418 445
2 C 799 98
4 B 6 1
1 A 409 438
0 D 418 445
2 A 799 98
1 D 409 414
1 D 409 414
2 B 58 864
4 B 700 675
2 B 822 37
4 B 700 675
3 B 199 537
2 B 822 809
0 D 408 816
3 A 199 216
0 D 408 103
1 D 929 621
0 B 408 103
1 B 929 621
4 C 418 559
3 A 99 817
2 C 566 585
4 B 418 477
1 B 910 913
4 B 418 477
3 B 99 100
0 B 650 661
2 B 566 585
1 A 910 913
0 D 650 661
4 A 42 523
3 B 323 983
4 C 42 45
1 A 671 70
3 D 323 348
1 A 671 664
2 C 722 148
0 B 943 911
2 C 722 685
0 D 943 944
4 B 5 761
2 C 722 685
4 C 5 761
3 C 427 988
0 A 9 14
3 D 427 468
1 C 968 849
4 C 170 110
1 D 968 951
2 D 359 774
4 A 170 213
0 B 10 497
3 C 441 946
2 D 359 152
3 C 441 946
1 A 796 785
0 D 10 21
1 A 796 795
3 C 441 454
4 B 557 779
4 B 557 779
4 A 557 562
0 C 933 865
2 A 957 962
2 A 957 954
0 C 933 304
3 A 623 616
1 A 386 389
3 C 623 616
0 D 933 986
2 A 957 954
4 A 377 62
1 D 386 389
4 D 377 382
2 B 362 854
0 D 509 2
1 D 561 492
4 B 134 523
3 D 576 442
4 B 134 153
0 A 802 2
1 D 561 492
3 A 576 959
total time of producer and consumer measured by clock(2):
producer takes 1039970000 clicks 1039.969971 seconds.
consumer takes 40000 clicks 0.040000 seconds.
total time of producer and consumer measured by time(2):
producer takes 139.000000 seconds.
consumer takes 0.000000 seconds.

real	0m34.238s
user	4m33.473s
sys	0m0.159s
