1 B 27 4
0 C 553 571
0 B 331 303
4 D 428 205
2 C 817 41
4 A 428 83
3 D 686 461
3 D 19 849
2 D 817 846
1 C 255 292
0 B 787 845
3 B 19 492
1 A 255 128
0 A 787 780
4 C 122 738
2 D 253 258
4 C 122 738
2 B 253 258
1 A 922 925
3 C 93 560
4 B 122 5
3 C 93 34
1 D 922 925
0 D 218 231
2 B 957 930
3 A 93 34
0 D 218 231
2 D 957 930
4 B 661 654
0 C 218 293
4 A 661 650
1 D 653 882
3 B 222 430
1 D 653 882
3 B 222 193
0 C 47 80
1 B 653 882
0 D 47 80
2 C 322 1021
4 D 955 12
2 A 322 317
1 B 509 482
4 D 955 580
0 A 250 77
1 A 509 482
0 A 250 253
3 C 39 708
3 C 39 88
1 A 123 124
2 D 595 548
3 A 39 88
1 A 123 124
2 D 595 548
4 B 733 706
0 B 990 961
2 C 595 940
4 A 733 706
0 A 990 961
3 C 36 487
4 A 945 950
2 C 398 334
1 C 352 314
3 B 36 91
0 A 631 548
1 D 352 287
2 B 398 497
0 C 631 624
1 D 352 287
3 B 648 663
2 B 816 289
3 C 648 663
2 D 816 815
4 D 853 207
4 B 853 207
1 D 124 218
4 B 853 682
3 A 676 942
0 C 160 223
1 C 706 387
0 C 160 223
3 B 676 675
4 B 423 440
2 D 314 197
4 B 423 440
0 A 160 223
2 A 314 197
3 B 961 990
3 A 961 990
1 A 940 394
1 A 940 939
2 B 579 412
0 D 799 275
4 C 884 954
2 C 579 604
3 B 812 153
0 C 799 736
0 C 799 736
3 D 812 819
4 C 884 779
1 A 688 589
1 A 688 695
2 C 63 105
0 D 446 360
3 C 684 286
2 C 63 1019
0 C 446 360
3 C 684 286
2 B 63 64
4 D 919 616
3 C 684 723
4 D 919 616
4 D 919 616
1 C 488 599
2 C 1021 542
3 B 211 204
0 C 959 768
1 C 488 407
3 D 211 204
2 D 1021 542
0 B 959 960
4 B 637 610
4 B 637 610
4 D 637 610
1 A 951 945
2 A 319 902
0 B 20 967
1 B 951 944
2 D 319 312
3 A 54 76
0 A 20 11
3 C 54 49
4 B 810 620
1 A 590 132
4 A 810 821
0 A 633 638
1 C 590 585
2 A 5 464
0 A 633 638
2 A 5 2
3 D 555 271
3 A 555 271
1 A 707 228
4 C 854 411
1 A 707 708
4 D 854 411
2 A 243 207
0 A 140 32
2 D 243 244
0 A 140 139
3 C 350 259
4 B 704 463
3 B 350 259
3 B 350 289
4 B 704 735
1 A 367 318
2 D 194 317
0 D 326 389
2 C 194 317
1 C 367 360
3 A 386 106
0 B 326 389
2 C 194 317
3 A 386 389
4 B 536 519
0 A 326 185
4 D 536 519
2 B 640 299
1 C 23 104
1 D 23 104
0 C 575 548
4 B 68 357
3 D 463 415
0 D 575 576
4 A 68 91
3 C 463 48
2 A 788 787
2 A 788 787
1 D 507 512
0 C 774 730
1 D 507 4
4 A 206 1000
3 C 169 760
0 B 774 889
4 A 206 201
3 C 169 214
3 C 169 214
2 D 739 940
0 B 109 114
1 D 593 289
2 B 739 940
1 D 593 289
0 D 109 114
4 A 847 840
2 B 739 796
4 D 847 840
1 D 593 942
3 A 699 700
2 B 481 510
3 C 699 700
2 D 481 510
1 A 218 672
4 D 247 264
0 D 381 849
1 D 218 221
4 D 247 264
0 A 381 130
3 D 1015 119
2 D 99 571
3 C 1015 520
0 A 723 507
2 D 99 571
3 D 1015 520
0 D 723 724
2 B 99 412
1 B 353 96
1 B 353 382
4 B 266 277
3 B 156 584
4 B 266 277
2 B 755 748
3 B 156 131
0 B 973 974
1 B 562 178
2 D 755 748
0 B 973 978
1 C 562 557
3 A 89 275
3 A 89 94
4 C 182 145
1 C 52 276
2 C 461 700
4 C 182 201
1 C 52 75
2 D 461 434
0 D 619 870
3 C 241 647
0 D 619 916
3 B 241 142
2 A 554 438
0 D 619 916
3 B 241 142
4 A 122 574
4 A 122 125
2 B 554 557
0 A 410 167
1 B 602 894
3 D 379 238
0 A 410 413
1 B 602 581
2 C 91 849
3 A 379 238
2 D 91 849
3 A 379 132
4 D 932 273
4 A 932 273
1 A 7 0
3 A 629 186
4 A 253 603
1 B 7 0
0 D 335 176
3 A 629 626
2 A 613 904
0 D 335 176
2 A 613 610
0 A 476 176
3 A 679 485
4 B 909 423
1 C 919 482
3 C 679 672
4 A 909 914
1 B 919 482
1 A 919 1000
0 B 215 615
1 A 915 655
0 B 215 200
4 D 620 807
2 D 35 509
3 C 145 676
4 B 620 915
2 B 35 509
4 B 620 915
3 D 145 238
1 A 491 492
3 D 145 238
0 B 906 979
1 D 491 492
4 B 906 917
0 B 906 917
2 D 146 235
4 C 906 917
2 D 146 235
2 D 146 365
3 C 938 712
0 B 850 845
1 A 153 824
0 B 850 845
3 D 938 981
4 C 792 7
2 B 303 315
1 D 153 158
4 C 792 7
2 B 303 304
3 A 614 638
1 D 114 598
3 D 614 609
1 D 114 598
2 B 730 686
4 C 623 528
1 D 114 397
0 B 397 402
2 B 730 709
4 B 623 528
0 D 397 402
4 B 623 528
3 A 436 675
1 A 919 254
3 A 436 675
4 B 441 422
1 D 919 912
4 B 441 422
0 C 197 760
2 D 364 221
0 D 197 186
3 A 483 57
2 A 364 221
1 A 605 715
3 C 483 484
1 A 605 602
4 A 257 243
4 A 257 262
2 C 959 848
0 C 783 680
0 C 783 680
3 D 993 929
2 C 959 960
0 B 783 880
3 D 993 542
4 B 898 182
1 D 995 489
3 D 993 542
4 A 898 925
1 B 995 489
0 A 518 990
0 A 518 513
2 C 10 248
3 D 1001 534
1 A 859 308
2 B 10 248
3 D 1001 534
1 B 859 860
4 D 974 789
4 A 974 789
1 A 11 152
4 A 955 561
1 C 11 152
2 C 932 332
4 C 955 956
0 A 927 203
2 C 932 332
0 B 927 920
2 D 932 987
1 A 682 148
3 D 729 655
4 D 149 724
0 B 935 833
3 D 729 806
1 D 682 685
4 D 149 724
0 D 935 952
2 D 293 218
3 A 729 806
4 C 149 362
2 D 293 218
2 D 293 218
1 D 365 447
3 C 729 944
0 B 658 653
4 C 15 324
3 C 729 678
1 A 365 146
0 A 658 653
4 C 15 112
4 C 15 112
2 D 13 145
2 C 13 145
1 B 973 309
0 C 667 893
2 C 13 498
1 C 973 978
0 C 667 740
4 C 2 125
3 A 299 150
3 C 299 300
4 C 2 125
2 D 204 331
4 D 2 125
1 A 807 673
2 D 204 331
1 A 807 800
2 D 204 307
4 D 697 790
3 D 898 813
4 D 697 790
3 D 898 215
4 D 697 838
0 D 951 1009
1 C 705 702
2 C 1015 17
0 A 951 584
1 A 705 702
2 D 1015 904
4 A 584 855
4 A 584 591
3 A 531 908
0 A 176 564
3 D 531 532
0 A 176 183
1 B 703 618
1 C 703 672
2 C 92 307
3 B 73 396
0 A 635 10
2 D 92 35
4 D 15 180
3 B 73 86
0 A 635 636
2 D 92 35
4 A 15 496
1 C 139 244
1 C 139 244
2 A 987 708
1 A 139 244
4 A 687 680
3 D 294 595
0 A 324 190
2 B 987 988
3 D 294 217
4 D 687 680
0 A 324 323
3 B 294 217
1 B 555 664
1 D 555 564
2 D 666 569
3 B 854 785
4 B 750 962
2 C 666 569
3 C 854 841
4 C 750 753
2 D 666 869
1 B 625 300
2 D 129 991
3 B 450 632
4 D 465 212
0 C 767 23
2 B 129 382
4 C 465 46
1 B 583 600
0 D 767 23
1 B 583 600
2 B 555 564
2 A 555 564
3 B 934 583
0 D 354 695
1 B 478 750
3 A 934 953
4 D 948 23
0 A 354 695
1 B 478 449
4 D 948 587
0 D 793 157
2 A 886 881
4 D 948 587
2 A 886 881
3 A 686 293
3 A 686 681
1 B 382 651
0 A 840 847
1 C 382 353
4 C 419 305
2 B 95 795
0 B 840 847
2 B 95 64
3 B 87 608
4 D 419 305
3 C 87 72
1 D 161 885
0 B 333 338
4 D 661 291
2 C 882 809
1 D 161 350
0 B 333 338
3 D 761 926
4 B 276 874
2 D 882 781
3 D 761 774
4 B 276 267
3 A 761 774
0 B 349 183
1 B 134 352
0 A 349 322
1 A 134 153
3 A 957 803
4 B 409 390
2 D 807 730
3 B 957 954
4 D 409 390
2 D 807 728
0 B 658 905
2 C 807 728
0 B 658 653
1 C 504 1022
1 B 504 1022
3 D 585 817
4 D 547 988
2 B 151 136
3 D 585 950
4 A 547 988
0 B 72 87
1 B 300 269
2 D 151 136
3 D 585 950
4 D 547 988
0 C 72 87
1 A 300 307
4 D 29 485
1 A 354 357
3 B 815 285
4 A 29 485
1 A 354 357
2 D 243 748
0 C 767 101
2 D 243 268
4 B 889 672
0 C 767 101
2 D 243 268
4 A 889 870
3 D 261 861
0 C 361 840
3 D 261 250
2 A 422 417
4 A 84 83
1 D 658 390
3 D 261 250
0 D 361 278
2 A 422 417
4 D 84 83
1 C 658 877
4 A 763 964
3 D 796 739
0 D 689 846
4 A 763 764
1 D 978 448
3 D 796 739
2 A 765 762
0 D 689 846
1 B 978 557
2 A 765 762
4 A 954 661
1 B 916 678
3 B 915 908
0 B 434 284
4 C 954 661
1 A 916 907
3 C 915 908
0 D 434 429
2 D 990 673
2 D 990 673
1 A 646 641
2 B 990 545
4 A 680 49
3 D 465 15
4 A 680 687
0 C 795 820
2 A 141 659
3 A 465 46
0 B 795 868
2 C 141 138
0 D 795 868
1 A 375 848
1 C 375 368
0 D 732 601
3 C 684 694
3 C 684 723
2 C 169 214
4 C 761 575
0 C 732 803
4 C 761 646
2 D 169 214
1 B 285 258
1 B 285 258
2 B 169 214
4 C 761 646
0 A 485 771
0 B 485 482
1 A 482 346
2 A 683 377
3 A 199 67
1 B 482 485
2 B 683 684
3 A 199 192
4 B 188 801
4 A 188 163
0 A 412 957
0 A 412 411
2 A 803 636
1 A 879 89
1 A 879 872
2 A 803 804
3 D 212 648
1 A 879 872
2 A 803 804
4 A 467 468
3 B 212 299
3 B 212 299
4 B 467 468
0 B 169 182
0 A 169 182
2 B 885 696
3 A 104 825
1 C 599 684
2 A 885 874
3 A 104 111
1 C 599 684
4 A 58 53
1 D 599 552
4 A 58 61
0 C 926 87
2 A 445 149
3 A 177 182
0 A 926 87
2 A 445 442
3 B 177 182
4 A 775 463
4 C 775 768
0 A 941 596
1 D 338 261
0 C 941 938
1 B 338 261
3 B 311 325
1 A 338 173
2 B 552 567
3 D 311 296
2 C 552 567
4 A 902 897
1 A 115 632
4 A 902 897
1 A 115 116
0 C 402 575
3 B 476 5
3 B 476 451
0 B 402 575
3 B 476 451
0 A 402 493
2 C 105 710
2 D 105 22
0 A 460 375
1 A 391 384
2 D 105 22
4 D 672 130
3 B 127 96
3 B 127 96
1 C 391 384
4 D 672 130
4 D 672 863
2 D 992 543
2 D 992 543
1 D 446 694
0 C 919 881
2 B 992 543
3 C 430 465
4 D 438 73
0 C 919 1000
1 D 446 65
3 B 621 465
4 D 438 73
3 B 621 626
2 D 947 223
0 B 880 658
2 A 331 588
4 D 348 659
0 B 880 879
2 B 331 332
4 C 348 163
3 C 475 982
1 A 316 928
4 C 348 163
1 C 316 315
3 B 475 420
2 D 807 735
0 A 654 649
3 B 95 64
4 B 264 173
0 A 654 649
3 A 95 64
2 D 807 735
1 D 1001 76
4 B 264 279
1 A 1001 534
0 B 245 451
2 D 85 426
2 A 85 426
3 D 815 327
1 A 699 700
4 D 139 97
1 B 699 700
3 B 815 720
4 B 139 372
4 B 139 372
2 A 301 518
0 D 454 26
2 C 301 298
1 C 328 757
0 A 454 26
3 C 658 750
4 B 865 894
3 B 658 750
1 C 328 311
4 B 865 894
3 B 617 749
2 B 979 77
2 B 979 972
0 C 558 526
4 B 4 27
0 C 558 526
0 C 558 593
4 D 4 27
3 C 828 198
2 A 320 327
1 C 982 379
3 A 828 198
2 D 320 327
1 C 982 379
4 D 725 810
1 C 982 937
4 C 725 810
0 D 260 400
3 A 903 896
2 B 815 199
3 B 903 896
0 C 260 251
4 A 935 837
1 C 56 668
4 A 935 928
1 D 56 668
0 C 119 84
3 A 908 321
1 A 56 71
3 D 908 907
0 D 119 84
2 B 606 32
2 B 606 577
1 A 191 876
4 B 727 712
1 C 191 184
4 D 727 712
0 D 77 948
0 D 77 948
3 D 916 284
0 D 77 434
3 D 916 619
4 B 10 821
1 C 196 652
2 C 213 561
1 C 196 652
0 B 689 924
2 C 213 170
2 D 213 170
0 C 689 686
3 D 824 890
4 C 981 974
1 D 316 500
3 A 824 711
2 B 253 226
1 A 316 195
4 D 981 938
3 A 755 756
0 D 191 830
3 A 755 756
0 C 191 320
1 A 175 168
0 D 191 320
4 C 186 274
1 B 175 168
2 A 153 497
4 A 186 274
2 C 153 158
0 D 600 148
3 D 548 778
0 C 600 935
1 D 378 207
3 D 548 987
4 D 439 719
1 D 378 133
2 D 660 601
4 B 439 72
2 B 660 875
0 C 216 932
2 A 660 875
3 A 918 913
0 C 216 932
4 B 848 1000
1 A 657 662
3 D 918 913
4 B 848 847
0 D 216 167
2 A 807 652
1 A 657 662
2 C 807 800
2 C 807 800
3 A 357 679
0 A 805 537
3 B 357 354
0 A 805 802
4 D 1020 747
1 C 803 96
2 D 721 922
4 A 1020 515
1 C 803 96
3 B 478 449
2 C 721 922
4 A 1020 515
1 A 803 860
2 D 721 814
4 A 960 967
1 A 422 417
3 B 249 663
0 B 201 681
4 A 960 967
1 A 422 417
3 B 249 230
2 A 335 157
2 D 335 328
0 D 201 214
2 D 335 328
4 A 966 347
4 D 966 961
0 B 855 305
0 B 855 840
1 D 121 742
3 D 74 95
1 D 121 742
2 D 442 69
3 D 74 585
2 C 442 69
0 A 229 226
4 C 223 525
0 B 229 226
4 C 223 160
3 A 206 678
1 D 250 261
4 D 223 160
2 A 361 461
3 A 206 201
1 B 250 261
2 A 361 366
0 A 620 198
1 B 449 261
0 A 620 619
1 D 449 478
4 C 345 68
4 C 345 68
2 D 252 698
3 C 756 1012
4 D 345 294
2 C 252 259
3 C 756 651
1 D 773 762
0 B 612 985
1 D 773 762
1 D 773 762
4 C 334 668
2 C 142 563
3 D 883 288
4 A 334 305
2 D 142 241
0 B 980 674
3 B 883 652
0 C 980 971
1 D 74 837
4 A 578 581
1 D 74 837
4 A 578 581
1 D 74 437
2 C 521 361
3 C 15 845
0 C 359 775
2 D 521 630
3 B 15 112
1 C 520 167
0 B 359 280
4 B 21 10
4 B 21 10
1 C 520 631
3 B 360 375
2 D 736 774
3 C 360 375
0 A 800 434
2 B 736 774
1 C 1020 899
0 A 800 807
4 B 230 90
1 D 1020 899
4 B 230 249
1 D 1020 899
2 A 530 609
2 D 530 533
3 C 344 920
3 C 344 845
0 B 766 690
3 C 344 295
1 B 851 410
4 B 978 418
0 B 766 737
1 C 851 844
4 B 978 973
2 C 195 468
3 B 719 1000
2 A 195 690
3 B 719 720
1 B 644 667
0 A 201 206
2 D 195 188
0 B 201 206
1 C 644 667
2 D 172 454
4 A 4 149
4 A 4 3
0 B 733 870
2 D 172 454
0 B 733 706
2 D 172 339
1 C 16 126
3 D 321 190
1 C 16 126
3 D 321 190
1 D 16 111
0 B 18 13
3 C 321 190
4 C 271 276
4 C 271 368
2 C 931 691
3 B 517 58
1 D 251 404
2 B 931 988
3 A 517 538
4 C 271 368
1 D 251 260
2 B 931 988
1 A 251 260
4 C 572 737
2 D 335 34
3 D 31 1013
0 A 675 676
1 A 285 282
4 C 572 579
1 A 285 282
0 D 675 676
2 A 335 34
3 A 31 1013
4 A 509 506
2 C 62 6
4 D 509 506
3 D 869 1021
0 A 71 3
2 C 62 65
0 C 71 64
3 A 869 1021
1 D 496 15
1 D 496 15
2 B 1016 999
4 D 313 947
0 B 244 501
1 C 496 15
3 C 724 26
2 C 1016 999
4 D 313 198
3 B 724 683
1 C 352 287
4 D 325 553
0 D 367 153
3 B 439 737
2 A 395 644
1 C 352 287
4 D 325 186
2 C 395 396
0 B 367 144
3 B 439 424
1 C 454 441
4 B 39 650
0 B 865 681
4 B 39 56
0 B 865 894
1 B 454 441
3 D 223 133
2 D 391 916
3 B 223 288
2 B 391 120
1 B 944 398
4 A 987 297
1 B 944 943
0 C 461 56
3 B 181 759
4 D 987 988
2 B 265 250
0 C 461 56
3 B 181 170
2 B 265 250
3 B 181 170
1 A 961 198
0 A 116 115
4 D 272 270
2 B 619 618
4 D 272 270
0 A 116 115
4 C 272 239
2 B 619 628
3 A 966 677
3 A 966 961
3 B 966 961
2 B 58 351
2 B 58 37
4 B 602 448
0 D 591 1001
1 B 62 621
0 B 591 1001
4 C 602 581
1 A 62 33
3 C 1013 814
0 B 591 944
2 B 590 593
3 D 1013 814
2 B 590 593
3 A 1013 906
1 A 277 274
0 A 745 572
4 A 620 619
0 A 745 750
1 A 277 274
4 A 620 619
2 D 213 54
3 D 809 485
0 B 772 250
2 D 213 54
3 D 809 485
1 C 966 132
3 A 809 726
1 C 966 953
4 D 246 518
4 D 246 265
3 A 396 395
0 B 438 425
2 A 539 540
3 D 396 395
4 D 246 265
0 A 438 425
2 B 539 540
1 A 952 704
2 B 539 540
1 D 952 437
0 A 716 38
3 B 790 777
4 B 653 520
2 D 74 27
0 D 716 715
1 B 561 702
3 D 790 777
4 C 653 658
1 D 561 558
2 C 74 27
3 D 98 413
0 C 540 294
4 D 436 908
2 C 486 409
3 C 98 413
4 D 436 75
0 C 540 611
1 D 879 591
2 A 301 409
1 D 879 656
1 D 879 656
2 A 301 635
3 B 956 393
3 B 956 393
3 C 956 931
0 D 263 328
4 C 262 859
0 B 263 328
1 D 193 731
4 B 262 377
1 D 193 731
3 B 684 691
1 C 193 318
2 D 607 597
3 B 684 691
2 A 607 928
0 A 731 913
4 C 546 877
0 A 731 732
4 C 546 877
1 C 990 270
3 B 283 260
2 A 682 875
3 B 283 260
1 C 990 929
4 C 546 605
2 D 682 685
1 A 990 929
3 B 485 780
0 A 46 66
1 A 713 718
4 C 1003 826
3 B 485 506
0 D 46 41
1 A 713 718
4 B 1003 826
2 C 607 762
4 B 648 916
2 B 607 544
2 B 607 544
0 D 33 544
1 A 843 844
2 B 145 142
3 B 925 946
0 D 33 544
1 D 843 844
2 B 145 142
3 A 925 898
4 B 887 665
0 D 33 478
4 B 887 872
3 B 551 973
2 C 115 378
1 D 590 239
0 C 510 890
2 A 115 12
4 D 183 789
0 C 510 385
1 D 590 945
4 C 183 328
3 C 429 655
2 A 101 98
3 A 429 466
1 D 777 903
4 A 321 326
0 C 455 972
1 B 777 903
4 D 321 326
3 B 881 447
0 B 455 440
2 B 100 365
3 C 881 878
1 B 141 944
2 B 100 123
1 A 141 146
0 B 964 987
4 D 246 102
0 B 964 987
4 D 246 102
4 D 246 102
0 C 964 987
4 D 246 265
3 C 690 717
1 C 763 33
3 D 690 717
2 A 202 205
1 C 763 33
2 D 202 205
4 A 173 170
0 C 1 126
1 A 763 644
0 C 1 126
1 A 840 847
3 D 298 361
0 C 1 126
3 D 298 361
1 A 840 847
2 B 202 694
3 B 298 213
2 A 202 213
3 B 735 213
1 A 995 533
1 A 995 996
2 C 163 10
4 C 423 551
0 D 996 55
2 D 163 10
3 C 223 344
4 C 423 472
3 B 223 160
0 A 996 539
1 A 985 990
1 D 985 990
4 B 891 191
3 B 557 562
2 D 619 916
4 B 891 868
2 D 619 916
0 D 344 391
2 D 619 916
0 D 344 167
1 C 145 891
1 D 145 238
0 B 344 167
3 D 50 775
4 C 139 244
0 B 948 939
3 C 50 461
4 B 139 244
0 B 948 939
2 D 820 930
1 D 26 485
2 B 820 715
4 B 104 119
1 D 26 485
2 B 820 715
1 B 26 485
3 D 59 469
0 D 901 439
2 B 325 944
3 D 59 452
0 D 901 634
1 B 813 818
3 D 59 452
4 D 1001 332
0 B 901 634
4 C 1001 534
2 C 393 611
3 D 293 272
0 C 950 863
1 D 718 446
3 D 293 218
2 D 393 502
0 A 950 969
4 D 934 789
1 D 718 817
4 A 934 601
4 B 934 601
0 B 956 395
2 A 652 651
3 A 21 810
0 B 956 931
3 A 21 18
2 C 652 651
4 B 247 530
3 C 21 18
4 D 247 232
1 C 578 573
0 B 750 753
1 C 578 573
1 D 578 573
3 B 921 887
4 A 183 868
2 A 850 108
2 A 850 853
3 C 921 902
4 B 183 176
0 B 287 607
0 B 287 256
1 D 277 551
1 D 277 234
2 C 220 124
4 B 917 906
3 A 680 176
4 D 917 906
2 C 220 124
1 B 277 234
3 C 680 687
1 B 249 230
0 B 203 39
1 D 249 230
0 B 203 212
2 C 438 870
4 C 416 247
2 B 5 720
4 B 568 479
3 D 616 351
1 A 418 26
3 D 616 919
4 D 568 551
1 A 418 421
3 C 616 919
3 D 616 919
2 A 343 340
0 C 626 463
2 A 343 336
4 B 858 389
1 A 908 21
3 D 716 917
0 C 626 463
4 A 858 837
1 B 908 907
3 B 716 819
3 A 716 819
2 B 837 582
2 B 837 858
1 B 785 782
4 A 447 440
4 A 447 440
0 A 953 1012
3 B 391 275
1 A 785 782
4 A 447 440
0 A 953 958
3 D 391 408
0 A 953 958
1 A 31 560
2 A 233 355
1 C 31 24
2 A 233 238
4 B 917 545
3 D 6 505
0 A 847 840
3 D 6 505
4 B 917 906
0 A 847 840
3 B 6 505
0 A 48 55
2 A 773 169
1 D 823 678
4 A 210 213
3 A 722 480
2 D 773 770
1 D 823 678
0 B 48 55
3 B 722 725
1 A 823 712
0 B 494 712
2 B 888 180
0 D 494 497
1 A 11 12
2 B 888 478
3 B 314 576
1 A 11 12
3 B 314 293
4 C 493 307
4 A 493 307
4 A 493 402
0 B 95 21
1 B 742 886
0 B 95 64
1 D 742 761
2 A 604 279
3 D 676 948
4 D 45 947
2 D 604 603
3 A 676 948
4 A 45 947
1 D 304 207
2 B 805 742
0 D 286 166
1 A 304 207
3 C 1008 461
4 D 889 725
0 D 286 225
3 C 1008 911
4 D 889 646
2 B 430 433
1 D 708 877
2 D 430 433
0 D 352 68
1 B 708 877
3 C 742 191
0 B 352 68
1 B 708 827
0 B 352 159
3 B 742 191
3 B 742 665
1 B 154 133
2 A 970 646
0 B 819 391
1 B 154 133
3 B 346 325
2 D 970 646
0 B 819 812
3 C 346 325
4 D 836 487
1 B 191 160
4 C 836 487
1 C 191 160
2 B 447 890
0 C 155 252
3 C 114 114
2 B 447 416
0 C 155 228
4 B 694 45
3 B 114 13
0 B 155 228
4 B 694 681
2 A 380 620
1 C 744 815
3 B 241 165
2 D 380 379
4 B 362 373
3 A 241 238
0 B 88 376
1 D 744 815
4 B 362 373
0 A 88 71
1 D 885 142
3 D 438 872
2 B 819 745
0 A 681 686
1 D 885 142
3 D 438 872
2 D 819 812
0 D 681 686
4 A 597 428
1 B 885 650
4 A 597 594
4 D 597 594
2 A 320 224
1 C 202 30
2 A 320 327
0 C 166 291
3 B 803 828
1 C 202 30
3 B 803 828
0 D 166 217
4 C 69 746
2 B 931 956
4 C 69 58
2 A 931 956
1 C 570 3
0 D 198 789
3 A 276 702
1 D 570 581
3 A 276 275
0 B 198 313
2 B 607 957
4 C 1006 1
2 B 607 576
4 C 1006 1
4 C 1006 913
1 C 689 984
0 C 781 636
1 B 689 984
0 C 781 882
1 D 689 718
4 A 139 321
0 B 781 882
3 D 997 360
4 D 139 140
3 D 997 360
1 D 543 900
1 B 543 900
0 C 56 206
2 D 869 666
4 D 317 871
0 A 56 71
2 C 869 666
3 D 128 383
4 D 317 194
0 A 466 469
1 C 703 245
3 C 128 383
1 B 703 704
4 D 155 356
2 D 401 788
0 B 37 58
3 C 365 680
4 C 155 356
1 D 132 491
0 B 37 58
2 D 401 110
3 C 365 274
1 D 132 379
4 B 277 120
4 C 277 266
0 B 338 333
2 A 335 607
0 C 338 333
1 A 643 215
2 C 335 328
3 A 731 960
1 A 643 644
3 A 731 732
4 C 120 930
0 B 576 862
4 C 120 485
3 A 191 489
2 C 364 833
0 B 576 607
3 A 191 184
4 D 120 7
2 A 364 275
1 A 540 552
1 A 540 539
1 D 540 539
0 D 765 340
2 B 325 610
0 D 765 340
2 B 325 346
4 C 686 268
0 D 765 770
1 A 206 849
1 A 206 201
4 D 686 721
4 D 686 721
2 B 530 525
3 A 938 85
2 B 530 525
0 C 397 634
3 A 938 941
4 C 118 428
0 B 397 498
4 A 118 9
0 B 397 498
1 B 552 209
4 A 118 9
1 A 552 567
2 A 645 642
0 B 194 221
2 A 645 642
3 D 838 634
4 A 414 409
0 A 194 221
3 C 838 634
4 A 414 409
3 C 838 697
1 A 701 997
1 A 701 698
2 B 638 400
0 D 949 1012
4 C 858 610
2 A 638 609
0 D 949 1012
3 A 972 496
4 D 858 805
0 B 949 586
1 C 114 926
3 A 972 971
1 D 114 13
2 A 102 961
4 B 144 236
2 C 102 97
4 D 144 143
0 D 559 922
3 B 813 592
0 D 559 976
1 D 757 778
0 D 559 976
1 B 757 778
2 D 591 577
4 C 853 872
2 D 591 944
0 B 570 432
4 B 853 810
3 C 101 514
1 D 349 237
3 A 101 26
0 C 570 549
1 A 349 162
2 A 528 286
2 C 528 535
4 D 340 850
3 A 683 684
4 D 340 850
3 A 683 684
0 D 951 535
1 C 45 311
0 D 951 535
0 D 951 584
1 C 45 311
4 A 5 94
2 C 968 951
4 A 5 2
3 A 242 703
2 D 968 951
3 A 242 245
2 D 968 951
1 C 407 287
0 B 639 608
1 B 407 488
0 A 639 608
3 A 216 223
2 D 898 578
4 A 225 592
3 D 216 223
4 B 225 230
2 D 898 578
0 B 788 254
1 C 273 1004
1 C 273 1004
1 B 273 366
4 A 612 152
2 A 767 789
4 A 612 611
3 D 896 675
2 C 767 760
1 A 502 519
3 C 896 639
0 A 719 711
1 A 502 497
4 A 211 212
3 B 896 639
0 D 719 712
4 B 211 212
2 C 224 159
3 B 956 931
1 D 919 940
4 B 80 79
2 C 224 159
0 C 870 575
1 A 919 616
3 D 956 931
4 D 80 79
0 C 870 793
1 A 923 924
2 C 621 530
2 C 621 530
3 C 542 444
4 A 246 601
2 C 621 530
3 C 542 444
0 C 398 497
4 A 246 241
3 D 542 609
0 C 398 497
1 C 644 763
2 C 847 592
1 A 644 763
4 A 356 355
1 B 468 763
3 B 393 406
2 A 847 592
4 A 356 355
2 C 847 816
3 B 393 406
0 B 920 130
1 B 302 496
0 C 920 903
2 C 663 596
1 C 302 305
3 B 487 504
4 B 200 394
2 C 663 596
3 D 487 504
4 A 200 215
2 A 663 744
1 A 508 43
0 C 944 342
3 C 387 117
4 D 174 570
2 A 741 738
0 B 944 975
3 C 387 117
4 D 174 337
2 A 741 738
1 A 16 177
1 D 16 23
0 C 521 436
2 A 109 598
2 A 109 106
4 D 839 876
0 A 521 436
3 A 133 2
4 D 839 696
1 D 297 812
3 D 133 130
1 A 297 812
2 A 491 979
0 D 262 195
2 B 491 492
4 B 32 63
3 A 624 834
0 A 262 249
3 A 624 631
0 A 262 249
4 A 32 63
1 A 828 827
1 D 828 827
2 B 786 781
1 D 828 827
2 B 786 781
0 A 426 429
2 C 786 781
4 B 351 450
0 A 426 429
3 A 737 742
4 A 351 320
3 D 737 742
0 B 515 601
1 D 350 639
2 C 28 382
4 A 527 520
1 A 350 648
2 B 28 382
4 B 527 520
3 A 759 752
2 B 28 99
3 A 759 752
0 B 35 60
1 A 555 360
0 B 35 60
1 A 555 556
2 B 520 535
0 D 35 60
1 D 555 556
2 B 520 535
4 B 305 138
4 B 305 302
3 C 971 856
0 D 276 242
1 D 576 34
3 B 971 948
2 B 916 907
2 B 916 907
0 C 276 235
1 D 576 959
4 C 980 864
1 A 576 959
4 C 980 939
4 A 980 939
3 B 148 139
1 A 189 533
3 C 148 139
0 C 133 454
2 D 949 75
1 A 189 186
0 C 133 250
4 B 580 903
2 B 949 586
0 C 133 250
4 B 580 603
1 A 317 314
2 B 659 652
3 A 334 365
1 B 317 314
2 B 659 652
3 D 334 329
0 B 538 754
0 C 538 754
1 A 277 629
3 D 257 385
4 D 494 775
1 A 277 274
2 D 309 204
3 A 55 254
4 A 494 17
0 C 946 973
2 D 309 202
0 C 946 973
3 A 55 48
0 D 946 973
4 A 397 654
1 C 979 592
3 B 973 207
0 B 332 740
2 D 438 432
1 A 979 940
3 C 973 978
2 A 438 73
0 B 332 339
4 D 93 418
1 A 870 81
4 D 93 418
1 A 870 865
4 A 93 418
0 B 357 378
2 D 89 800
3 D 73 727
2 B 89 422
0 A 357 378
3 D 73 438
4 B 20 962
4 B 20 11
4 B 20 11
1 C 420 336
2 B 347 324
1 C 357 475
0 C 423 435
0 C 423 435
2 B 1021 994
3 A 342 910
2 D 1021 994
0 A 423 472
3 A 342 337
4 D 537 698
1 B 264 800
4 C 537 998
0 A 136 450
4 C 537 998
1 C 264 279
2 A 187 648
0 A 136 143
2 A 187 188
3 A 685 598
2 D 187 188
3 A 685 682
1 A 217 59
4 C 448 447
1 D 217 222
3 A 771 772
4 B 448 447
0 D 29 110
4 B 448 447
0 D 29 110
3 B 771 772
2 C 789 874
0 C 29 482
1 B 335 847
2 C 560 874
3 B 592 566
4 C 629 323
4 C 629 323
3 D 592 591
0 B 365 434
2 A 346 842
0 B 365 370
4 C 629 522
2 A 346 349
1 D 42 266
1 D 42 469
3 C 450 417
3 B 450 346
0 D 271 752
2 C 866 952
4 C 348 663
3 B 355 380
1 D 689 846
0 D 271 240
2 A 866 797
4 C 348 291
1 A 689 846
1 A 348 347
0 C 648 782
4 A 482 813
2 C 798 537
1 B 348 347
4 A 482 485
3 D 322 919
0 D 648 759
3 D 322 189
2 B 798 865
3 A 933 189
0 B 83 399
0 B 83 76
1 C 919 453
4 B 891 868
2 D 500 98
2 D 500 98
1 C 919 453
1 C 919 1000
2 C 500 11
4 A 891 868
4 A 756 755
2 B 696 679
3 D 442 930
0 C 378 640
4 B 756 755
1 D 503 39
3 D 442 69
0 A 378 261
1 D 503 8
1 D 503 8
4 D 233 739
2 C 442 730
4 D 233 739
0 C 465 662
1 D 37 474
2 B 442 453
3 D 59 550
0 C 465 662
1 C 37 474
3 B 59 452
2 B 828 803
4 A 313 318
2 B 828 803
4 B 313 318
0 B 842 706
0 D 842 853
1 B 166 28
3 C 485 745
1 B 166 185
4 B 455 472
3 A 485 745
3 D 485 410
1 B 39 56
0 B 693 358
1 C 39 56
2 A 860 326
0 A 693 682
3 D 488 664
2 B 860 859
4 A 994 321
3 C 488 664
4 D 994 997
0 A 404 500
1 A 853 850
2 C 285 704
0 A 404 403
3 B 918 181
1 C 853 850
2 A 285 704
3 C 918 905
4 B 372 341
2 A 285 354
4 D 372 363
0 B 432 255
0 A 432 431
2 A 819 820
2 B 819 820
3 A 109 592
1 D 997 73
3 A 109 106
1 C 997 538
0 A 566 561
4 C 638 680
0 A 566 561
2 B 722 326
4 D 638 680
1 D 997 538
3 B 121 102
0 A 921 616
1 D 78 824
2 B 373 744
3 B 121 102
4 D 710 203
1 C 78 433
0 A 921 926
2 D 373 362
4 A 710 825
1 A 78 433
4 D 710 825
3 B 176 175
3 B 176 175
1 A 788 176
1 C 788 787
4 D 579 381
2 D 1010 525
4 D 579 381
0 D 479 822
2 D 1010 525
4 A 579 956
0 A 479 32
3 B 38 625
1 A 837 62
3 A 38 57
4 A 623 616
1 C 837 834
4 D 623 616
2 B 489 502
0 C 970 368
3 B 515 708
0 C 970 368
3 B 515 540
0 A 970 949
1 A 790 797
1 A 790 797
4 B 970 341
4 A 970 981
0 A 883 884
0 C 883 884
2 A 901 404
1 A 202 273
2 B 901 898
3 A 8 721
4 A 310 305
1 C 202 205
4 A 310 305
3 C 8 721
0 B 774 683
2 B 515 540
0 B 774 793
2 A 515 540
3 A 511 537
1 D 876 455
4 B 823 385
3 A 511 504
4 D 823 808
1 D 876 455
0 C 675 523
2 D 210 273
0 C 675 523
2 A 210 273
3 A 30 25
4 B 717 893
1 D 618 154
4 A 717 722
1 D 618 917
0 B 226 228
1 C 618 917
2 C 462 135
0 B 226 253
2 C 462 135
4 B 555 489
2 C 462 433
3 D 969 616
4 D 555 564
3 D 969 616
1 C 230 312
2 A 625 727
2 A 625 630
1 C 230 153
0 D 455 306
3 D 925 286
0 D 455 56
4 C 1000 640
3 C 925 286
4 C 1000 640
0 C 455 56
4 D 1000 919
2 C 871 792
1 A 362 211
2 C 871 792
1 A 362 365
0 C 780 883
3 D 74 796
3 D 74 437
2 D 871 792
4 D 633 817
0 C 780 883
3 A 74 437
4 D 633 902
4 D 633 902
1 A 25 941
2 D 571 964
3 A 909 268
0 B 319 843
2 B 571 964
1 D 25 30
3 A 909 906
0 D 319 288
4 A 864 289
2 C 571 964
4 D 864 871
1 B 160 191
2 C 442 972
3 A 24 536
4 B 353 610
0 C 121 59
1 D 160 191
2 A 442 453
0 C 121 6
3 B 24 31
4 A 353 382
2 A 442 453
0 C 215 6
4 B 46 374
3 C 352 287
2 C 208 235
1 B 653 891
1 B 653 658
2 C 208 235
3 D 579 287
2 C 208 175
0 C 863 800
4 A 251 723
3 D 212 956
0 D 863 800
1 B 874 955
3 A 212 299
2 D 577 55
3 A 212 299
1 C 874 885
4 A 474 477
0 B 537 337
2 A 577 958
4 D 474 477
0 B 537 518
3 C 421 649
2 A 0 102
1 C 613 538
3 C 421 649
1 C 613 538
0 B 358 377
2 C 0 7
4 A 430 633
0 D 358 377
1 A 613 538
4 C 430 769
1 A 867 868
2 B 889 182
1 B 867 868
2 A 889 870
3 B 926 897
4 A 508 790
0 D 723 671
3 B 926 897
4 A 508 507
0 B 723 354
2 A 544 551
0 B 723 812
1 C 360 839
2 B 544 551
1 A 360 839
3 C 138 815
0 B 60 169
1 A 360 279
3 C 138 815
3 C 138 245
0 C 60 35
2 B 187 335
1 A 375 67
2 C 187 164
1 A 375 67
4 A 965 216
0 C 847 816
4 D 965 498
3 B 754 257
0 A 847 816
2 B 751 445
3 D 754 749
1 B 942 340
2 B 751 752
0 A 424 431
1 B 942 945
4 A 594 772
0 A 424 431
4 C 594 597
2 B 464 463
3 A 134 355
2 C 464 463
1 A 580 368
0 A 806 801
3 D 134 129
1 C 580 579
0 A 806 801
4 C 762 689
3 A 827 808
2 C 478 417
4 C 762 547
3 A 827 828
1 D 592 8
2 C 478 417
2 C 478 417
0 A 118 113
1 D 592 943
0 A 118 113
1 D 592 943
3 C 286 64
4 C 260 257
2 A 925 368
1 A 789 224
1 A 789 786
4 B 260 379
3 C 286 353
2 B 925 922
0 D 461 50
4 B 546 573
0 D 461 50
3 C 780 758
1 B 789 778
0 A 461 50
1 D 789 778
2 D 759 239
3 A 780 883
2 A 759 776
2 A 759 776
3 A 750 454
4 B 378 277
1 A 409 363
4 B 378 357
3 A 750 745
0 D 17 555
1 A 409 414
0 D 17 555
2 D 33 280
0 D 17 494
2 B 33 280
2 B 33 478
3 C 394 782
4 C 830 958
1 D 297 941
3 B 394 501
4 C 830 833
1 A 297 214
0 A 878 873
2 D 79 308
0 B 878 873
2 A 79 432
3 B 208 207
2 A 79 432
1 A 180 179
3 B 208 207
1 B 180 179
4 C 153 867
0 B 621 631
4 A 153 867
0 A 621 626
3 B 509 482
2 C 115 690
4 C 153 230
1 B 884 329
2 A 115 690
1 B 884 875
2 D 601 12
0 A 174 169
4 C 923 158
0 C 174 169
3 B 111 112
4 B 923 158
4 B 923 996
3 A 111 112
2 A 442 552
1 A 873 942
2 D 442 445
1 D 873 878
0 B 247 423
4 D 477 507
0 B 247 232
3 C 925 208
4 C 477 34
2 D 237 139
1 A 660 285
3 A 262 994
2 B 237 274
1 D 660 659
0 C 877 211
2 B 868 891
0 C 877 211
4 C 536 615
0 B 877 786
2 A 868 891
3 C 842 548
4 A 536 615
1 D 381 844
3 B 842 821
4 A 801 806
1 D 381 130
0 C 743 792
3 B 28 3
2 D 698 134
3 D 28 3
0 D 743 664
2 D 698 837
1 C 518 821
2 B 698 837
4 B 32 63
1 A 518 633
4 B 32 63
3 B 243 11
0 D 283 877
2 B 120 103
3 D 243 236
0 C 283 877
1 A 381 668
2 B 120 103
4 B 906 421
0 A 283 228
1 C 381 378
4 B 906 917
0 A 42 45
3 D 225 778
2 A 418 257
0 C 42 45
2 A 418 421
1 D 892 716
3 A 403 417
1 C 892 716
4 D 651 884
1 D 892 643
4 D 651 884
0 A 400 123
2 A 137 275
3 C 981 682
1 D 803 121
3 D 981 938
4 D 283 978
1 A 803 732
4 D 283 978
0 A 986 323
4 D 283 228
0 A 986 989
2 D 1016 680
1 B 673 508
3 B 172 365
2 B 1016 519
1 B 673 702
2 D 1016 519
4 D 139 372
3 A 172 179
0 B 901 611
4 D 139 372
0 B 901 922
0 B 901 922
4 A 139 372
2 D 75 583
3 A 354 357
2 D 75 583
3 A 354 357
2 D 75 436
1 B 432 778
1 B 432 431
4 C 631 427
3 A 495 488
4 C 631 427
3 A 495 488
4 C 631 427
0 C 483 617
2 A 671 664
1 B 122 101
0 B 483 617
2 A 671 664
0 B 483 617
1 D 122 101
3 B 443 0
4 C 324 731
0 A 42 316
3 B 443 420
4 D 324 731
0 B 42 45
1 A 212 192
4 D 324 315
1 A 212 211
0 B 286 74
2 C 207 866
4 A 456 555
2 C 207 866
0 B 286 257
3 C 68 987
4 A 456 463
2 D 207 176
3 B 68 987
0 B 440 423
3 B 68 59
0 B 440 423
3 B 640 671
1 C 389 704
2 C 100 526
4 D 508 924
3 B 640 671
1 C 389 506
2 C 100 27
4 C 508 3
0 A 992 999
2 B 100 27
0 A 992 999
1 D 664 667
3 C 192 744
4 D 647 994
1 D 664 871
2 D 65 261
3 B 192 744
4 B 647 888
2 D 65 261
3 D 789 191
4 B 647 888
2 A 65 446
2 B 150 283
4 D 535 555
1 D 686 774
3 C 115 381
4 A 535 1000
0 D 138 193
1 C 686 849
3 B 115 12
0 B 138 373
4 A 162 165
2 B 336 796
4 A 162 165
2 A 336 335
3 A 468 538
0 C 643 93
3 A 468 467
1 C 937 92
4 A 664 971
0 A 643 764
1 B 937 116
4 A 664 971
1 B 445 982
0 A 947 996
2 C 394 514
1 A 445 418
2 A 394 514
3 B 571 952
3 C 571 548
1 A 125 122
2 A 202 893
4 C 99 414
1 A 125 122
4 A 99 414
0 C 38 788
2 A 202 205
0 C 38 89
0 C 38 89
3 A 946 175
3 D 946 949
4 A 441 907
2 A 254 437
4 A 441 446
1 C 126 972
2 A 254 249
1 D 126 1
0 D 959 124
3 D 922 748
0 B 959 576
2 B 534 521
3 C 922 613
4 C 652 755
2 B 534 521
1 D 853 626
4 C 652 755
1 D 853 682
0 D 297 954
2 A 910 905
3 C 668 406
0 D 297 214
4 A 612 208
2 A 910 905
3 C 668 406
4 B 612 611
1 B 284 242
3 C 668 739
0 A 993 210
1 B 284 259
4 B 428 847
0 A 993 998
4 B 428 435
3 C 23 666
3 C 23 666
2 D 139 55
1 D 666 238
0 B 118 105
2 D 139 55
3 C 23 104
1 A 666 238
2 D 139 372
0 B 118 105
4 B 3 28
4 B 3 28
3 C 55 837
1 D 736 149
2 D 710 359
0 D 395 802
3 D 55 72
1 A 736 799
2 D 710 359
0 B 395 116
3 A 938 431
4 A 508 257
1 B 278 440
3 D 938 941
4 A 508 507
1 B 278 265
2 D 589 946
0 D 956 587
2 A 589 946
0 D 956 587
4 A 133 130
1 B 198 538
2 C 589 946
3 A 695 23
0 D 956 579
4 B 133 130
1 B 198 217
3 D 695 688
2 C 226 50
4 B 901 922
2 C 226 50
1 B 60 35
0 D 381 718
3 A 291 768
4 B 901 922
1 D 60 35
3 A 291 292
0 D 381 718
4 B 478 449
3 B 352 383
2 C 5 411
4 B 478 449
1 B 779 452
3 B 352 383
1 B 779 788
2 B 5 122
0 D 614 921
2 C 57 122
0 D 614 921
4 A 768 904
3 A 449 976
0 C 614 921
3 A 449 454
4 A 768 775
1 A 988 371
1 A 988 987
1 C 988 987
2 C 374 292
2 C 374 265
2 C 374 265
0 C 815 131
4 A 979 980
3 A 309 306
0 D 815 848
1 C 849 18
4 C 979 980
2 D 647 252
1 B 849 18
2 C 647 888
1 B 914 909
4 A 645 825
3 A 278 715
0 C 716 716
1 B 914 909
3 A 278 273
4 C 645 642
0 A 716 691
0 A 328 691
2 B 635 559
2 B 635 612
4 D 627 921
3 A 813 251
0 B 227 134
1 A 379 148
4 B 627 921
3 B 813 810
0 A 227 252
1 D 379 380
2 A 296 809
4 A 627 908
2 B 296 303
3 B 55 40
4 A 486 620
0 B 203 581
3 C 55 40
4 C 486 481
0 B 203 212
2 B 627 620
1 A 197 726
2 A 627 620
1 A 197 726
3 B 798 667
4 D 375 303
4 D 375 303
0 B 905 66
2 C 666 619
4 B 375 136
0 A 905 918
2 B 666 741
1 D 141 333
3 B 719 888
4 B 645 126
1 A 141 333
3 D 719 720
4 B 645 666
0 A 113 118
1 A 331 370
0 D 113 118
2 D 257 793
1 A 331 332
2 D 257 793
2 C 257 793
3 A 572 881
3 C 572 571
0 D 779 851
4 A 399 822
0 C 779 851
4 C 399 392
3 A 712 719
1 C 639 782
2 C 150 474
3 D 712 719
2 C 150 233
1 C 639 512
0 C 982 937
2 B 150 233
0 C 982 937
4 D 326 449
2 B 149 257
4 D 326 569
4 D 326 185
3 D 95 737
3 A 95 416
1 A 129 701
0 D 203 213
1 B 129 134
2 A 957 954
0 C 203 308
0 C 203 308
2 A 957 954
3 B 841 327
1 B 147 140
3 B 841 854
4 C 681 442
1 B 147 140
4 C 681 726
2 A 35 36
4 C 681 726
2 B 35 36
3 B 706 295
0 C 425 464
1 A 935 627
0 C 425 470
3 A 706 733
1 D 935 928
0 A 425 470
2 A 286 375
4 C 282 357
2 B 286 281
4 B 282 357
3 A 719 712
0 A 104 840
0 A 104 111
3 A 719 712
2 A 492 24
1 D 314 197
4 B 541 350
1 D 314 197
2 D 492 491
4 C 541 514
1 D 314 197
0 A 202 205
3 C 744 114
3 D 744 114
0 A 202 205
1 D 494 309
2 D 356 155
4 C 30 692
1 B 494 17
2 C 356 155
3 A 352 205
4 B 449 97
0 A 774 769
3 D 352 359
0 A 774 769
1 B 844 851
1 D 844 851
2 A 393 1016
4 A 824 492
2 D 393 398
4 A 824 831
3 D 103 911
0 A 153 108
3 C 103 408
1 C 389 0
2 C 214 598
4 A 868 708
1 C 389 0
2 C 214 598
1 A 389 506
2 C 214 169
3 B 817 814
0 D 262 249
1 A 459 460
3 B 817 814
0 B 262 249
4 B 810 261
1 A 459 460
4 B 810 821
2 C 161 222
0 D 816 249
2 C 161 222
2 D 161 222
0 C 636 719
4 C 219 170
3 B 234 245
0 C 689 515
4 C 219 170
3 D 234 245
0 A 689 718
1 D 988 255
2 D 548 430
1 B 988 547
0 A 429 426
2 A 548 987
4 C 373 266
0 B 429 426
4 B 373 266
3 A 934 929
4 B 373 266
2 A 209 214
3 C 934 929
2 A 209 214
1 C 701 747
0 B 832 863
4 A 112 109
0 B 832 863
1 C 701 747
4 A 112 119
1 A 701 706
3 C 681 69
0 A 954 839
3 C 681 726
4 A 887 880
0 A 954 957
2 D 50 518
3 C 681 726
1 A 561 528
4 B 887 880
1 A 561 566
2 B 50 518
1 C 561 566
2 B 678 461
4 D 504 836
0 B 50 636
2 B 41 54
3 C 297 992
4 B 504 836
0 B 50 45
3 C 297 342
4 B 504 7
2 C 41 54
1 D 712 823
3 B 297 342
1 D 712 823
1 B 712 823
4 C 707 126
3 B 515 540
0 D 485 469
2 C 851 824
3 B 515 540
4 B 270 700
2 C 851 812
0 D 485 26
1 B 374 361
0 B 485 26
1 B 374 361
3 B 653 658
3 B 653 658
0 A 607 257
4 D 1016 557
2 C 724 317
0 D 607 600
1 B 201 214
4 C 1016 557
2 D 724 317
1 B 201 214
4 C 1016 519
0 B 814 45
3 C 438 30
4 C 538 243
2 C 750 660
3 C 438 457
4 C 538 613
1 C 595 788
2 B 750 657
1 C 595 556
0 C 969 976
3 B 311 296
0 C 969 976
2 D 459 198
0 C 969 950
2 C 459 198
4 D 225 225
2 C 459 52
4 C 225 286
3 B 122 101
4 C 225 286
1 C 1005 854
1 C 1005 914
2 A 735 316
4 B 620 527
2 A 735 728
4 D 620 627
0 C 753 654
3 D 668 866
0 B 753 654
1 C 56 754
3 D 668 867
0 B 753 654
4 B 533 830
1 C 56 71
1 C 56 71
4 A 533 522
0 A 793 439
2 C 522 923
3 C 696 519
0 C 793 798
4 B 1022 313
2 A 522 923
1 A 634 127
3 C 696 519
4 B 1022 993
1 C 634 637
2 A 18 21
3 C 1002 734
0 D 106 283
3 A 1002 734
4 C 49 442
0 D 106 405
1 D 742 690
4 C 49 78
1 C 742 793
3 A 698 701
2 D 120 333
3 A 698 701
1 A 12 259
0 C 445 496
2 D 120 391
0 C 445 450
4 C 952 901
4 C 952 967
0 D 445 450
4 A 952 967
3 A 205 202
2 B 392 806
3 D 205 202
1 D 73 1006
2 B 392 407
0 D 25 486
4 B 980 887
1 C 73 438
4 D 980 971
0 C 25 486
1 C 73 438
3 B 326 1006
3 A 326 345
0 A 710 866
1 D 718 96
2 C 784 511
4 C 118 667
1 D 718 817
2 C 784 879
0 D 710 705
3 A 193 198
4 C 118 9
1 C 718 817
2 C 784 879
3 C 193 198
0 A 139 840
0 A 139 140
3 B 386 563
1 C 819 15
3 D 386 413
4 A 200 207
1 B 819 881
4 A 200 207
1 B 819 844
0 C 329 950
2 B 814 352
3 B 344 548
1 B 109 114
2 B 814 817
0 C 329 310
0 C 329 310
3 A 344 327
4 A 113 28
1 B 109 114
4 A 113 118
4 A 113 118
3 A 627 628
1 C 1023 251
3 D 627 628
0 A 374 948
2 A 785 265
1 C 1023 251
2 A 785 790
0 C 374 369
3 A 434 446
4 D 12 1023
4 A 12 1023
0 C 842 680
3 A 664 671
0 A 842 821
1 D 250 284
3 A 664 671
1 D 250 261
2 D 565 970
4 C 3 405
2 A 565 970
0 A 174 132
4 D 3 405
3 B 90 69
0 D 174 169
3 D 90 69
1 C 415 949
2 A 231 508
2 A 231 224
1 C 415 949
1 C 415 480
0 A 233 809
4 D 437 74
0 D 233 238
4 B 437 74
3 A 340 865
3 A 340 339
4 B 270 74
1 C 822 841
4 B 270 273
2 C 924 238
1 C 822 841
2 D 924 238
0 B 853 903
0 B 853 842
0 A 853 842
3 D 329 534
4 B 781 591
3 C 329 534
4 B 781 786
1 B 566 153
2 C 414 100
2 C 414 481
0 B 125 465
1 B 566 553
3 B 669 121
0 A 125 98
2 C 414 481
3 B 669 642
4 B 95 209
4 B 95 64
1 B 45 50
1 B 45 50
2 C 825 364
0 D 403 207
3 B 889 619
2 A 825 364
3 C 889 870
0 D 403 207
2 C 285 838
0 D 403 108
4 B 1017 351
4 C 1017 998
3 B 931 962
1 D 11 2
2 A 912 919
3 B 931 956
1 D 11 2
0 B 45 111
0 B 45 50
2 D 912 919
1 D 11 500
0 B 45 50
4 C 669 901
4 A 669 738
4 A 669 738
2 B 613 748
2 B 613 634
1 D 549 832
0 B 365 504
4 B 589 950
0 B 365 370
1 C 549 986
3 B 597 748
4 D 589 594
1 D 549 986
3 D 597 586
2 A 635 921
2 B 635 636
0 B 267 23
1 B 767 674
0 D 267 276
1 B 767 736
3 A 600 251
4 C 695 855
2 B 256 287
3 C 600 607
4 C 695 855
2 C 256 287
4 C 695 712
0 C 306 539
1 C 887 1
0 D 306 333
3 D 742 986
1 A 887 776
2 D 41 548
4 C 780 883
3 B 742 793
2 D 41 470
4 D 780 883
1 B 464 83
3 B 323 348
0 C 243 56
3 B 323 348
0 C 243 56
4 D 822 782
0 A 243 140
2 D 918 852
4 C 822 713
1 C 431 792
2 D 918 617
1 D 431 464
2 D 918 617
0 C 329 697
0 C 329 310
4 C 559 194
3 A 427 428
4 D 559 592
1 A 289 743
3 C 427 428
1 A 289 294
2 A 598 54
2 A 598 593
4 A 79 260
4 A 79 72
2 C 598 593
0 D 923 505
3 B 300 307
4 B 79 72
0 D 923 505
3 D 300 307
0 D 923 612
1 A 506 401
1 D 506 509
4 A 767 294
2 B 67 542
4 A 767 760
3 D 334 321
2 A 67 92
3 D 334 177
0 C 647 0
1 A 561 600
3 D 334 177
0 B 647 0
1 A 561 566
0 B 647 760
2 D 677 794
4 C 254 393
2 D 677 794
4 C 254 393
0 B 184 167
4 C 254 129
2 D 677 858
3 C 415 480
3 D 415 480
1 D 911 400
4 A 773 155
4 A 773 770
1 B 911 400
2 D 582 371
2 C 582 0
2 C 582 953
1 B 982 516
3 D 601 934
0 A 153 749
3 D 601 934
4 D 64 940
0 A 153 158
4 C 64 447
2 A 442 470
1 A 612 611
2 D 442 445
3 D 948 472
0 D 633 718
4 C 317 249
3 D 948 587
0 D 633 902
4 D 317 249
2 D 127 371
2 D 127 371
1 B 385 414
2 D 127 384
1 A 385 414
3 A 17 121
0 D 599 936
3 B 17 22
4 B 787 729
0 D 599 936
0 D 599 936
4 A 787 780
2 A 592 227
1 D 420 362
2 A 592 599
1 C 420 362
0 A 554 0
3 D 716 1017
4 A 415 408
0 B 554 557
3 D 716 1017
4 D 415 408
2 B 865 376
3 B 716 819
2 B 865 894
1 A 892 631
0 C 214 782
1 A 892 891
0 A 214 782
2 B 25 6
4 C 453 493
3 D 344 307
4 C 453 442
3 C 344 307
4 A 453 442
3 B 344 167
0 C 712 784
1 A 277 400
0 B 712 784
1 C 277 274
0 B 712 695
4 A 173 170
2 C 992 607
3 B 766 737
4 A 173 170
2 C 992 607
3 A 766 737
2 D 992 927
0 D 654 668
1 A 182 203
0 D 654 668
1 A 182 177
0 D 654 881
4 B 625 992
3 C 636 281
4 B 625 622
3 C 636 281
4 C 625 622
1 B 438 361
2 D 469 42
3 D 636 515
1 C 438 425
2 D 469 42
2 A 469 42
3 B 928 755
4 D 498 694
2 A 262 257
0 D 284 274
3 C 928 959
4 D 498 694
1 C 254 129
0 B 284 274
4 D 498 13
0 D 1016 227
1 C 254 129
1 C 254 129
2 A 171 809
3 C 280 16
0 B 651 387
3 C 280 16
2 B 171 172
4 D 155 400
0 C 651 660
3 D 280 359
4 A 155 400
4 A 155 356
1 C 401 494
2 D 545 191
3 D 767 768
1 C 401 494
2 D 545 191
3 D 767 768
0 C 758 649
4 C 268 786
3 D 767 768
4 C 268 786
0 B 758 649
4 C 268 371
1 A 715 716
2 C 597 72
1 D 715 716
3 A 288 204
3 A 288 295
0 B 270 699
2 D 597 72
2 D 597 554
3 D 288 295
0 B 270 273
1 B 334 792
4 B 303 304
1 D 334 337
4 B 303 304
0 B 437 978
2 D 641 486
0 B 437 426
2 D 641 894
3 C 1009 500
3 C 1009 500
2 B 641 894
3 C 1009 910
1 C 16 386
4 D 926 641
1 C 16 111
4 C 926 641
1 C 16 111
2 D 672 424
4 C 926 609
0 D 968 567
2 D 672 424
3 B 92 348
0 C 968 567
3 D 92 67
1 A 426 339
4 C 398 213
2 D 28 483
4 C 398 497
2 D 28 483
0 D 122 877
1 A 932 974
3 D 238 273
0 A 122 389
3 D 238 273
2 B 880 1020
1 D 932 931
4 C 2 86
4 C 2 125
3 A 238 273
2 B 880 879
0 B 1023 489
4 A 2 125
1 B 216 137
3 A 433 438
0 D 1023 992
1 D 216 199
3 A 433 438
4 A 786 789
4 B 786 789
2 C 598 421
3 A 638 633
1 D 215 546
2 B 598 421
0 C 405 148
1 D 215 296
0 C 405 490
4 B 450 477
1 B 215 296
2 B 269 274
4 B 450 477
2 D 269 274
3 D 605 500
3 D 605 930
0 B 912 785
1 B 590 141
3 B 605 930
0 B 912 911
1 C 590 593
4 C 508 91
2 D 855 754
4 D 508 91
2 B 855 754
3 D 412 867
2 B 855 680
3 B 412 867
1 C 483 428
3 B 412 99
1 B 483 412
1 B 483 412
2 C 331 398
3 B 86 73
4 C 299 912
2 C 331 398
4 C 299 912
3 C 86 73
1 B 908 834
0 D 44 467
4 A 299 340
0 D 44 467
1 D 908 915
0 D 44 467
0 B 44 467
3 A 528 807
4 C 845 836
2 A 733 355
4 C 845 836
3 B 528 535
0 B 416 447
1 D 893 642
2 B 733 730
4 B 845 818
1 C 893 642
0 B 416 447
1 D 893 642
3 B 970 981
4 B 401 398
2 B 108 164
3 D 970 981
4 B 401 398
0 A 781 1022
2 C 108 115
0 C 781 778
1 A 682 294
1 D 682 685
4 A 449 799
4 C 449 454
3 C 96 860
0 C 361 278
2 D 495 168
3 C 96 31
1 D 813 727
0 D 361 278
2 A 495 16
1 D 813 722
4 D 124 52
4 D 124 52
0 D 730 805
2 A 199 192
4 B 124 387
0 B 730 805
3 C 924 389
1 B 909 580
2 C 199 192
0 D 661 805
1 C 909 914
3 D 924 995
4 B 799 768
2 B 42 218
0 B 372 574
2 B 42 53
3 D 960 939
0 D 372 363
1 A 371 85
3 D 960 575
1 A 371 372
3 D 960 575
4 C 416 95
4 A 416 95
0 C 290 798
1 A 928 935
3 B 764 383
1 C 928 935
3 B 764 739
2 C 851 812
0 D 290 798
2 C 851 812
4 A 402 405
4 A 402 405
2 D 851 812
3 A 453 450
3 C 453 450
1 D 285 376
0 A 721 794
2 B 350 626
0 C 721 726
1 D 285 226
2 C 350 321
4 B 818 149
3 B 878 837
4 B 818 813
1 D 317 116
2 A 996 83
1 D 317 194
0 A 880 278
2 B 996 995
1 A 317 194
0 A 880 887
3 C 634 885
3 C 634 517
4 D 353 520
1 B 391 804
3 A 634 517
4 D 353 158
2 B 764 551
2 A 764 739
4 A 353 158
0 B 874 610
3 B 772 951
0 D 874 885
1 A 181 879
3 B 772 795
4 A 152 963
1 D 181 178
2 A 336 343
4 C 152 159
2 C 336 343
4 C 152 159
2 C 336 343
3 B 120 103
3 B 120 103
0 D 830 705
0 D 830 705
1 A 106 281
0 C 830 705
1 B 106 109
4 C 324 677
2 C 70 57
4 B 324 315
3 A 924 517
2 B 70 57
3 A 924 923
4 C 414 315
1 B 478 449
2 B 604 57
1 A 478 449
2 C 604 579
0 C 774 762
0 C 774 762
3 A 794 797
4 A 438 242
3 A 794 797
4 A 438 433
0 A 423 889
1 A 357 11
1 A 357 354
2 C 875 685
4 B 784 972
0 B 0 108
4 B 784 783
2 B 875 685
3 C 235 955
0 C 0 31
2 B 875 788
3 C 235 955
1 A 913 918
3 C 235 148
1 D 913 918
1 C 913 918
2 B 514 541
2 B 514 541
4 A 284 210
4 A 284 283
0 A 388 387
0 A 388 387
4 D 284 283
3 A 468 597
1 C 352 416
3 A 468 467
2 B 538 517
1 B 352 287
1 B 352 287
0 A 263 256
2 B 538 517
0 D 263 256
4 D 682 983
1 B 424 439
4 D 682 905
3 A 785 1021
1 B 424 439
2 A 342 116
4 D 682 853
3 B 785 790
2 A 342 337
0 D 627 79
0 B 627 79
0 B 627 908
1 C 381 900
4 A 555 556
3 C 474 610
4 A 555 556
1 A 381 258
3 C 474 421
2 C 142 517
1 A 493 490
0 D 399 874
2 C 142 517
0 D 399 874
2 C 142 241
4 C 708 120
0 D 399 112
4 A 708 120
3 A 868 102
4 A 378 699
1 C 31 231
4 A 378 381
0 D 1018 114
1 C 31 231
2 B 187 661
0 A 1018 517
3 D 60 307
4 B 723 123
3 C 60 451
1 C 692 223
0 A 892 891
2 A 227 802
1 C 692 715
0 A 892 891
2 A 227 228
3 C 874 100
3 A 874 100
4 A 83 84
0 B 784 328
3 A 874 789
2 A 950 945
1 C 54 261
4 B 83 84
0 C 784 783
2 D 950 945
1 C 54 73
3 A 373 370
1 C 54 73
3 A 373 370
2 B 951 872
4 C 1009 370
0 C 396 499
4 A 1009 370
2 A 951 936
0 C 396 499
1 B 379 356
0 A 396 499
1 B 379 356
3 A 949 946
4 C 259 871
3 B 949 946
0 A 736 687
2 C 319 762
4 D 259 380
2 C 319 320
0 D 736 743
1 B 321 350
1 B 321 350
2 B 628 320
3 B 144 143
2 C 628 619
3 D 144 143
4 C 13 823
0 A 237 819
1 B 826 727
4 C 13 114
1 A 826 805
2 A 712 151
2 D 712 719
3 A 502 558
4 B 825 517
3 B 502 497
4 A 825 806
1 A 788 45
1 A 788 787
0 D 179 494
0 D 179 494
2 B 798 600
3 B 805 826
4 B 509 948
0 B 179 332
2 C 798 769
3 A 805 826
4 B 509 482
1 A 899 900
1 A 899 900
1 A 899 900
3 A 488 495
0 D 432 693
4 B 179 172
3 A 488 495
4 D 179 172
0 B 432 343
0 B 432 79
2 C 837 427
2 A 837 826
2 D 837 826
1 B 415 384
0 B 191 717
1 A 415 384
0 B 191 160
4 D 295 466
2 D 839 314
4 D 295 216
2 B 839 696
4 B 295 216
1 D 649 937
3 D 825 234
1 B 649 886
3 B 825 710
2 B 824 807
4 B 963 376
1 A 649 886
0 A 988 74
2 C 824 807
4 B 963 988
0 B 988 987
3 C 653 50
1 A 55 29
3 A 653 50
1 B 55 48
4 B 366 157
0 B 834 211
2 B 84 75
4 A 366 369
0 C 834 861
2 C 84 75
3 A 196 195
3 C 196 195
1 A 491 490
1 A 491 492
4 C 342 323
2 A 925 75
4 C 342 323
0 C 46 81
3 D 986 873
0 C 46 81
4 A 342 297
1 B 70 89
3 D 986 549
0 B 780 81
1 B 70 89
4 A 553 259
0 B 780 787
2 C 188 460
2 C 188 460
4 C 553 558
2 B 188 195
3 A 423 44
1 C 482 519
3 A 423 416
1 C 482 519
0 D 123 750
4 A 381 515
1 C 482 413
0 C 123 388
2 D 615 119
4 C 381 378
3 A 61 251
3 A 61 58
2 D 615 119
4 B 192 48
1 D 99 384
1 C 99 384
0 C 878 538
4 B 192 223
0 C 878 785
3 C 784 970
2 D 287 224
0 C 878 785
2 D 287 224
1 B 254 807
3 D 784 879
2 C 287 224
4 D 480 225
1 B 254 225
0 A 974 969
0 A 974 969
4 A 203 31
2 D 960 640
3 C 442 147
1 B 516 539
2 B 960 640
3 B 442 147
2 B 960 575
3 A 881 453
4 C 351 561
4 C 351 561
0 C 293 346
4 A 351 288
0 D 293 346
3 A 494 489
2 C 317 485
3 C 494 489
4 A 360 367
2 C 317 322
1 D 976 581
4 A 360 367
1 D 976 559
0 C 78 267
1 A 44 559
2 B 100 36
0 C 78 49
2 A 100 123
0 C 78 49
3 D 205 153
3 D 205 306
2 A 192 199
1 D 630 660
2 A 192 199
4 D 454 836
1 D 630 660
0 C 826 837
4 C 454 674
1 B 630 905
2 A 922 925
0 B 826 837
3 D 485 160
1 B 918 905
2 A 922 925
1 A 918 905
4 C 674 167
3 D 485 26
0 A 122 352
4 D 674 167
0 B 122 125
2 B 206 10
3 D 989 787
1 C 293 605
2 B 206 209
3 D 989 546
4 B 963 554
1 D 293 346
3 C 989 546
4 C 963 988
0 C 729 291
0 C 729 291
0 A 729 678
4 A 328 1010
1 C 236 699
3 C 705 702
1 D 236 699
2 D 888 148
3 C 705 702
0 C 801 619
2 D 888 647
0 B 183 862
3 B 558 9
4 B 988 443
1 D 739 796
3 B 558 561
4 D 988 963
1 D 739 796
2 B 876 1018
1 D 739 796
2 D 876 594
0 A 594 283
3 B 233 351
0 A 594 597
1 B 805 513
4 D 594 941
3 B 233 246
1 B 805 826
4 D 594 941
2 C 247 936
4 D 594 941
2 C 247 936
3 A 875 876
0 A 459 213
0 A 459 460
3 A 875 876
1 B 276 267
1 D 276 267
4 D 89 422
2 D 436 557
4 D 89 422
0 B 157 130
2 D 436 12
4 B 89 422
2 D 436 75
1 A 836 111
3 D 653 882
1 A 836 835
3 D 653 882
4 B 388 37
4 B 388 411
3 D 653 882
4 C 388 411
0 C 594 255
2 B 308 299
0 B 594 557
1 B 65 94
2 C 308 299
0 B 594 557
1 B 65 94
3 C 960 849
0 B 209 619
3 C 960 849
4 C 512 520
2 A 761 766
3 D 960 959
4 C 512 520
2 D 761 766
1 A 635 417
0 B 277 29
1 B 635 417
0 B 277 266
3 C 189 89
2 D 87 922
1 B 643 668
3 C 189 89
2 A 87 922
2 A 87 424
4 D 503 803
0 C 202 181
4 A 503 803
1 B 308 449
2 B 794 391
3 C 959 960
1 B 308 299
0 A 202 181
3 C 959 960
2 C 794 773
4 A 164 163
3 D 959 960
4 C 164 163
0 B 36 130
0 B 36 59
1 C 813 822
1 C 813 822
2 D 15 121
0 B 701 674
1 D 813 850
2 D 15 496
3 D 993 542
4 C 95 618
2 D 15 496
3 D 993 542
4 C 465 32
1 C 361 239
0 C 938 976
1 B 361 239
2 C 216 335
3 B 597 586
0 D 938 981
4 B 906 603
2 D 216 167
3 C 597 586
4 B 906 917
1 C 827 321
0 B 28 597
1 C 827 836
4 B 940 947
1 C 827 836
2 C 651 401
3 C 110 820
2 B 651 756
3 D 110 17
1 B 335 626
4 B 323 348
1 B 335 336
0 C 594 388
2 B 627 817
0 C 594 388
4 C 323 348
2 A 627 620
3 D 36 475
0 A 428 557
3 D 36 475
1 B 769 425
3 D 193 475
1 C 769 798
0 B 380 850
2 D 683 692
4 D 961 817
2 A 683 692
4 D 961 574
3 C 75 249
1 D 337 683
3 C 75 52
1 A 337 683
3 C 75 52
2 D 490 323
0 B 486 505
2 B 490 21
0 B 486 505
4 A 798 129
1 A 339 364
1 A 339 340
4 A 798 793
3 B 178 173
2 D 84 195
1 A 339 340
3 C 178 173
2 C 84 195
0 D 36 788
2 C 84 427
0 D 36 475
1 A 632 639
3 A 872 140
1 D 632 639
3 C 872 879
2 B 494 100
4 C 611 227
0 B 906 917
2 B 494 497
4 D 611 644
0 C 906 917
4 D 611 540
1 D 793 742
3 B 942 159
2 B 790 777
3 B 942 945
1 C 793 742
1 B 793 742
4 A 239 325
0 B 253 154
4 C 239 232
0 B 253 226
2 D 57 226
1 A 386 774
0 B 778 789
2 D 57 454
1 A 386 389
3 B 599 218
0 C 778 789
4 D 267 344
3 B 599 584
4 A 267 244
1 B 801 895
2 D 926 980
1 B 801 830
2 D 926 980
0 D 466 293
4 A 353 657
2 D 926 609
4 A 353 358
0 D 466 45
0 C 466 45
1 B 845 119
3 C 473 373
1 C 845 850
3 A 473 373
3 A 473 422
4 D 355 281
2 B 743 674
2 B 743 760
4 A 355 281
3 D 856 557
0 C 333 306
1 B 743 419
0 C 333 306
4 A 646 640
3 C 856 557
1 C 743 760
4 D 646 641
0 C 333 306
2 C 258 381
2 C 258 381
3 C 142 431
0 C 167 787
3 C 142 241
1 C 976 770
4 D 685 492
1 C 976 943
0 D 521 216
4 A 685 850
1 D 976 943
4 A 738 741
2 C 995 499
0 B 620 598
1 D 373 596
3 D 378 909
2 A 995 924
1 B 373 596
3 C 378 909
2 B 218 6
1 A 67 220
2 A 218 197
4 D 676 859
0 D 98 28
1 A 67 68
3 B 61 34
4 D 676 859
0 A 98 28
3 B 61 34
4 D 676 859
0 A 98 413
2 D 575 256
1 A 619 214
2 B 575 256
0 A 303 459
2 A 575 960
1 C 619 620
3 A 287 196
0 A 303 296
4 B 522 833
3 C 287 280
2 A 998 568
4 C 522 533
2 A 998 993
3 A 18 21
1 C 842 692
0 A 153 587
3 A 18 21
1 B 842 692
0 A 153 158
4 A 960 617
2 B 816 633
4 C 960 967
1 D 843 821
2 A 816 815
3 A 149 527
3 C 149 527
2 A 484 483
2 A 484 483
0 C 610 826
1 D 682 853
4 B 935 179
4 B 935 952
0 C 610 826
1 B 682 853
3 C 653 105
0 A 29 257
1 B 278 394
2 A 429 739
3 A 653 754
0 A 29 26
4 C 545 664
2 A 429 426
1 D 278 265
3 A 14 9
4 B 545 664
4 B 545 606
3 A 14 9
0 A 625 165
0 A 625 630
2 C 572 488
4 B 961 990
0 C 625 630
1 B 554 391
2 C 572 488
4 A 961 990
2 C 572 579
1 D 554 565
3 D 294 802
3 D 294 802
0 B 997 704
0 B 997 1018
1 A 345 350
4 C 587 996
3 D 294 217
4 B 587 996
0 A 997 1018
1 C 345 350
4 D 587 564
2 A 467 489
4 D 302 344
0 C 773 855
3 A 108 144
1 D 137 907
0 B 773 890
2 B 84 75
4 C 302 209
3 C 108 107
1 B 137 374
2 A 84 75
4 C 640 935
0 C 79 368
2 A 322 325
1 A 826 829
2 A 322 325
4 A 640 767
1 C 826 829
0 D 79 368
3 C 1020 16
3 C 1020 899
3 C 1020 899
4 A 523 524
2 D 566 676
4 B 523 524
0 C 1023 3
1 C 223 254
2 D 566 676
0 C 1023 3
1 C 223 254
2 D 566 969
4 B 88 71
1 A 223 160
0 D 1023 896
4 C 88 71
1 C 970 76
2 C 553 745
0 D 601 801
3 D 310 242
0 B 601 934
1 C 970 949
2 A 553 598
3 B 310 201
4 A 677 674
3 B 310 201
4 A 677 674
1 C 41 994
0 B 693 682
3 A 841 387
1 A 41 994
0 A 693 682
2 C 235 654
3 D 841 846
2 C 235 148
4 D 844 794
4 A 844 691
1 C 180 965
0 A 496 503
3 A 430 691
1 C 180 203
2 C 750 350
0 B 496 503
3 A 430 425
2 C 750 657
4 D 341 878
4 A 341 878
0 B 819 498
1 C 630 873
4 C 341 170
0 A 819 812
1 C 630 873
2 C 665 706
2 D 665 742
3 D 656 989
0 A 92 91
4 C 236 468
0 C 92 91
1 B 105 206
4 C 236 147
3 B 656 879
1 B 105 118
4 A 236 147
2 D 440 71
3 B 886 771
4 A 800 807
3 B 886 873
2 D 440 71
4 D 800 807
0 B 127 991
2 B 440 71
1 B 364 371
0 D 127 96
1 C 364 371
3 B 926 757
3 C 926 897
4 A 454 449
2 C 650 719
4 A 454 449
2 C 650 719
1 A 1005 1002
0 D 436 75
0 A 436 75
2 C 650 757
3 A 1007 671
0 A 445 75
3 B 1007 1000
0 A 445 442
2 A 788 513
4 D 912 160
4 D 912 160
2 A 788 787
3 B 502 768
1 D 245 266
4 B 912 623
3 D 502 489
1 D 245 266
0 C 33 211
1 C 245 266
4 B 666 645
0 C 33 94
4 C 666 645
2 B 83 76
2 B 83 76
1 C 822 565
3 C 1 379
1 C 822 785
total time of producer and consumer measured by clock(2):
producer takes 993742704 clicks 5288.709961 seconds.
consumer takes 220000 clicks 0.220000 seconds.
total time of producer and consumer measured by time(2):
producer takes 649.000000 seconds.
consumer takes 0.000000 seconds.

real	2m55.315s
user	23m20.663s
sys	0m0.297s
