1 B 736 196
4 B 128 159
3 A 382 377
4 C 128 159
2 C 819 660
2 C 819 660
3 A 382 377
0 C 53 74
1 B 961 990
2 D 819 844
1 B 961 990
1 D 961 990
0 A 53 74
4 B 808 663
4 B 808 663
0 A 429 345
2 D 721 224
0 A 429 426
1 B 918 33
2 B 721 814
1 B 918 905
2 B 721 814
3 C 649 758
3 C 649 758
4 D 276 260
3 D 649 758
4 A 276 235
2 D 73 585
1 B 137 150
0 C 255 128
2 C 73 438
1 B 137 150
0 B 255 128
3 C 730 11
4 C 988 253
3 D 730 677
4 C 988 253
0 B 291 316
2 C 642 165
2 A 642 765
0 A 291 316
1 C 873 790
3 D 599 800
4 C 200 157
3 C 599 936
1 B 484 790
4 B 200 183
2 D 267 835
0 A 353 358
1 C 484 507
2 C 267 244
0 B 353 358
3 D 309 686
4 D 813 122
3 D 309 202
4 B 112 722
1 C 964 955
0 D 116 86
2 C 219 130
2 C 219 164
1 B 964 955
0 D 116 395
2 B 219 164
3 B 370 689
1 A 821 542
3 B 370 365
4 B 534 447
1 D 821 818
4 C 534 521
2 D 999 831
0 A 708 532
2 D 999 831
0 A 708 707
4 B 394 695
1 D 702 833
3 D 337 537
1 C 702 833
3 D 337 174
0 A 898 901
2 B 788 215
0 A 898 901
3 D 337 174
2 A 788 779
1 A 628 1014
4 D 439 72
1 A 628 627
4 A 439 72
2 A 717 98
3 B 409 491
2 B 717 714
3 D 409 390
0 A 511 504
4 D 75 72
0 D 511 504
2 B 327 344
2 B 327 344
3 C 539 612
1 C 276 665
4 C 628 840
0 D 454 57
1 D 276 363
4 D 628 523
0 C 454 57
3 D 306 392
2 B 860 835
3 B 306 205
2 A 860 835
1 A 197 591
4 A 604 283
1 D 197 194
4 A 604 603
0 B 841 208
0 B 841 854
3 D 73 230
2 B 121 282
2 A 121 102
3 A 73 230
3 D 73 438
4 A 448 121
1 D 986 549
4 A 448 455
1 D 986 549
0 A 65 70
2 B 554 437
1 A 986 549
0 D 65 70
2 B 554 565
3 D 545 615
3 D 545 990
3 D 545 990
4 D 85 536
1 C 600 571
0 B 45 50
4 C 85 426
1 B 600 551
2 A 560 436
3 B 693 682
2 C 560 567
3 B 693 682
0 B 161 364
4 C 597 537
0 D 161 190
4 C 597 537
1 D 571 385
4 C 597 554
2 A 925 596
2 D 925 922
1 C 571 964
1 C 571 964
0 A 507 622
0 A 507 508
4 C 466 429
3 A 902 496
1 C 376 139
2 C 765 315
4 B 466 429
3 D 902 897
1 C 376 263
2 C 765 642
0 A 20 19
0 A 20 19
2 C 765 642
0 C 20 19
4 C 772 790
3 B 349 113
1 B 825 46
4 B 772 891
3 D 349 322
1 B 825 806
2 D 460 455
0 C 932 993
2 A 460 455
4 C 309 65
0 C 932 987
3 D 467 44
4 D 309 330
1 C 976 743
3 A 467 44
2 A 139 140
1 D 976 943
0 A 252 251
2 B 139 140
4 B 1023 580
0 D 252 251
3 B 864 542
4 A 1023 992
3 B 864 895
2 B 759 744
1 C 3 176
2 B 759 744
4 A 842 845
1 D 3 124
0 D 115 307
4 B 842 845
1 C 3 124
0 D 115 931
0 D 115 396
4 B 916 907
3 C 536 375
1 C 948 755
4 C 916 907
3 B 536 615
1 C 948 971
0 B 800 736
2 C 184 215
2 C 184 199
0 D 800 831
3 B 60 970
4 A 193 556
3 D 60 35
4 D 193 198
1 A 990 626
1 D 990 985
2 C 964 955
0 D 62 46
2 A 964 955
3 D 10 501
0 A 62 449
4 C 68 403
4 C 68 59
1 A 287 280
3 D 10 501
1 C 287 280
4 A 68 59
2 D 459 646
0 C 218 484
2 B 459 646
0 A 218 484
1 A 697 506
4 B 263 748
1 D 697 702
3 C 377 788
2 B 595 652
4 C 263 280
0 B 137 674
3 C 377 788
2 C 595 588
0 B 137 150
3 C 377 262
1 B 145 142
2 A 192 563
1 C 145 142
2 A 192 199
4 C 38 80
3 C 576 752
4 D 38 88
3 A 576 575
0 C 962 331
4 A 38 89
3 A 576 575
0 C 962 957
1 C 458 437
3 A 728 581
1 C 458 437
4 C 817 45
3 A 728 735
1 C 458 437
2 C 409 486
0 A 59 60
4 A 817 45
0 A 59 60
2 A 409 486
3 A 796 795
4 A 587 588
3 A 796 795
4 D 587 588
0 A 43 44
1 C 361 995
2 A 90 846
0 D 43 44
1 D 361 639
2 D 90 93
1 C 361 278
4 B 728 810
0 B 561 558
2 A 104 149
0 B 561 558
3 C 397 216
1 C 148 397
3 C 397 498
2 A 104 111
4 A 757 754
1 C 148 235
3 C 397 498
4 A 757 754
1 B 148 235
0 B 556 573
2 A 170 440
3 A 1007 581
0 A 556 563
2 A 170 173
3 A 1007 1000
1 A 612 163
1 A 612 163
1 A 612 611
4 C 321 1
0 D 624 1018
4 C 321 1
2 A 469 466
0 D 624 1018
4 B 321 318
0 C 624 911
2 A 469 466
1 C 578 236
3 A 97 912
3 A 97 102
1 B 578 573
4 C 79 852
0 C 673 185
4 C 79 852
1 B 712 727
0 C 673 185
0 B 673 734
4 C 79 48
1 B 712 727
2 D 393 118
2 D 393 118
2 A 393 118
3 D 113 189
0 B 788 65
4 A 390 385
3 C 113 189
3 C 113 398
0 B 788 779
2 A 71 624
4 A 390 385
1 A 416 423
2 A 71 64
1 C 416 423
0 B 822 809
0 D 822 809
4 A 928 439
3 D 384 1018
4 D 928 935
3 B 384 1018
1 D 776 296
2 B 601 646
0 C 312 962
2 B 601 582
1 A 776 759
3 A 660 161
0 C 312 327
4 A 639 632
3 C 660 161
1 A 133 130
1 A 133 130
2 A 922 925
4 B 129 694
0 A 327 262
2 A 922 925
4 C 129 158
0 D 327 320
3 C 302 142
3 C 302 142
1 B 868 18
3 A 302 337
2 A 518 213
2 D 518 513
1 C 868 891
4 B 296 849
0 D 939 596
4 D 296 311
3 A 230 225
3 A 230 225
0 A 939 596
1 C 198 492
2 D 706 829
3 B 786 781
4 B 800 785
3 B 786 781
1 B 198 40
4 B 800 831
2 B 706 829
0 D 595 394
1 B 841 38
0 A 595 940
3 A 136 143
0 A 595 940
2 A 316 638
4 B 181 170
1 C 841 854
2 C 316 315
3 D 136 143
4 B 181 170
0 A 408 415
0 B 408 415
4 A 197 195
2 A 208 215
3 A 940 867
4 A 197 194
1 C 320 319
2 C 208 215
3 C 940 939
0 B 615 529
1 C 320 319
0 C 615 632
1 B 320 319
4 D 587 416
4 A 587 416
2 C 224 159
1 B 892 350
0 D 238 797
4 A 144 151
1 B 892 867
3 C 186 983
2 C 224 159
4 C 144 151
0 D 23 273
3 A 186 983
3 A 721 197
2 D 604 770
2 D 604 931
0 C 744 783
4 A 928 640
1 A 7 645
3 B 411 388
4 C 928 935
0 B 744 663
2 A 604 931
1 B 7 0
3 B 411 388
0 B 744 663
2 A 406 293
2 A 406 293
0 B 403 996
1 B 781 852
2 D 406 401
4 A 767 845
0 B 403 396
1 B 781 786
4 A 767 760
3 B 198 75
3 A 198 217
1 D 246 215
2 C 719 229
3 A 157 154
1 D 246 215
4 D 842 301
2 B 719 229
3 A 157 154
0 C 416 349
2 B 719 688
4 D 842 693
0 B 416 479
0 B 957 930
1 A 42 484
2 C 240 182
3 C 1016 1023
2 C 240 182
0 B 957 930
1 A 42 45
3 B 1016 1023
4 D 338 173
2 A 240 143
3 B 452 903
4 D 338 173
4 C 338 173
0 A 831 419
0 A 831 824
2 C 477 867
1 B 568 846
3 A 826 829
1 B 568 551
2 A 477 867
4 A 509 587
3 A 826 829
2 B 257 418
4 A 509 506
1 B 807 553
3 A 134 665
1 B 807 824
0 A 105 983
2 B 61 554
0 C 105 110
3 A 134 129
2 B 61 34
4 D 949 869
4 C 949 869
4 C 949 869
1 B 351 320
3 A 998 993
1 D 351 320
0 D 1004 933
3 D 998 993
2 D 957 115
4 C 169 214
0 C 1004 531
2 A 957 115
4 B 169 214
2 A 270 265
0 B 421 298
1 D 367 144
3 C 184 366
2 A 270 265
4 B 606 615
1 D 367 144
0 D 421 442
3 A 184 199
4 C 606 577
1 D 367 144
3 A 968 621
2 D 496 601
3 A 968 975
2 B 496 601
0 D 595 451
1 D 542 611
4 B 789 281
4 D 789 778
0 C 595 451
1 D 542 611
2 B 971 98
0 C 595 940
1 A 542 993
2 C 971 980
4 A 310 242
4 A 310 305
0 B 328 191
1 A 86 81
3 C 150 319
0 B 328 343
1 A 86 81
3 C 150 319
2 B 466 180
3 B 150 233
2 B 466 461
4 A 254 249
0 B 716 653
0 C 716 723
4 A 254 249
1 A 190 320
2 A 716 930
3 B 574 545
2 B 716 715
1 B 190 185
3 D 574 545
4 B 644 667
4 B 644 667
1 B 655 497
3 B 276 657
2 C 407 185
0 D 242 195
2 C 407 185
1 B 655 656
0 D 242 269
2 D 407 488
4 C 720 467
1 B 115 226
4 D 720 768
3 C 598 494
2 C 774 595
3 C 598 553
0 C 505 199
3 B 598 553
2 B 774 889
0 B 505 390
4 C 108 88
2 B 21 12
3 B 873 886
4 D 108 19
1 A 130 133
4 D 108 19
2 B 21 10
0 C 428 355
3 B 873 886
0 D 428 355
2 B 453 474
3 B 978 973
4 A 19 117
1 D 967 119
0 D 498 650
2 A 453 474
3 B 978 973
4 A 19 20
1 D 967 119
0 D 498 650
1 D 967 568
2 D 751 447
4 C 879 874
3 A 919 306
1 B 983 950
3 A 919 912
2 B 751 447
4 C 879 874
2 B 751 784
4 C 879 784
1 C 983 968
3 B 656 574
1 A 497 502
2 D 502 373
3 B 656 655
4 B 737 212
0 C 34 808
2 D 502 9
1 C 497 502
0 D 34 93
4 C 737 766
2 C 502 9
0 C 34 93
1 A 81 348
4 C 814 849
1 A 81 86
3 C 109 408
2 B 860 835
4 C 814 849
0 C 758 941
3 B 109 391
2 D 860 835
4 D 814 849
0 C 758 649
0 C 758 649
3 B 105 789
3 B 105 118
2 B 521 534
4 C 383 509
2 C 521 534
4 B 383 362
0 A 937 401
1 A 991 984
4 B 383 362
1 C 991 984
0 D 937 942
3 B 215 657
3 D 215 200
4 B 16 15
4 B 16 15
2 C 133 213
1 C 353 286
0 B 273 497
2 C 133 975
3 A 641 855
0 A 273 270
1 D 353 286
3 C 641 646
4 C 181 45
4 D 181 45
1 D 636 899
2 D 351 958
3 D 88 747
0 C 269 230
1 D 636 899
2 D 351 160
3 B 88 423
0 D 269 370
4 A 517 514
4 A 517 514
2 D 181 715
3 B 483 508
2 D 181 715
3 B 483 508
2 D 181 330
1 B 880 937
1 B 880 879
0 C 823 135
4 A 739 0
0 D 823 567
3 B 383 535
0 D 823 840
4 D 739 740
3 B 383 352
2 A 74 180
2 A 74 77
0 D 16 999
1 D 657 400
4 C 394 473
3 B 809 811
0 D 16 495
1 D 657 878
0 A 16 495
4 D 394 473
3 B 809 822
1 C 657 878
2 B 679 365
2 B 679 696
3 B 736 503
4 D 117 394
0 C 183 377
1 C 884 800
4 D 117 394
0 C 183 200
1 B 884 779
4 B 117 394
0 C 183 200
1 B 497 779
4 B 875 884
1 B 552 494
2 D 10 189
4 B 875 884
2 B 10 189
1 C 552 567
3 C 848 962
2 B 10 501
0 B 450 477
3 C 848 962
3 C 848 815
2 D 615 210
4 C 738 165
1 C 820 168
2 C 615 210
4 B 738 669
1 B 820 843
3 D 324 706
0 A 534 529
3 C 324 706
0 A 534 529
1 B 232 48
2 C 345 294
4 B 1020 995
2 C 345 294
1 C 232 247
4 B 1020 995
2 C 345 294
0 A 401 406
0 A 401 406
3 D 862 4
3 D 862 4
3 D 862 673
1 D 615 912
0 A 162 165
1 A 615 731
1 A 615 731
2 C 766 641
0 D 162 165
4 C 301 548
2 D 766 641
3 D 399 395
4 C 301 338
1 A 627 628
4 C 301 338
3 D 399 112
1 A 627 628
2 D 714 425
0 C 220 735
4 A 971 580
0 C 220 735
2 A 918 821
0 D 220 163
3 C 739 668
3 D 739 668
1 D 249 897
2 B 748 755
4 D 644 32
0 B 42 1021
1 D 249 262
2 B 748 755
4 C 644 891
3 A 59 372
3 D 59 60
1 D 439 877
4 C 210 811
0 A 506 463
1 B 439 877
2 D 700 964
0 B 506 509
4 D 210 173
2 D 700 835
3 D 672 873
3 B 672 873
1 D 102 332
0 A 984 991
4 D 895 952
0 B 984 991
1 D 102 409
4 D 895 640
2 B 737 836
3 B 733 706
2 D 737 766
3 C 733 706
4 B 895 640
1 A 689 711
0 D 23 440
1 A 689 694
4 A 291 644
0 D 23 488
0 D 23 488
2 C 41 1007
3 D 924 265
2 B 41 1007
3 B 924 611
1 A 884 840
1 B 884 883
0 B 157 130
4 C 274 65
0 B 157 130
4 D 274 65
2 D 774 738
3 D 821 952
1 B 801 830
2 B 774 761
3 A 821 714
1 B 801 830
0 C 846 468
4 A 640 311
4 A 640 647
0 D 846 468
0 D 846 817
2 B 84 648
3 D 640 160
2 B 84 75
3 D 640 895
1 C 740 713
3 D 640 895
4 B 161 128
1 D 740 667
2 B 476 451
4 B 161 190
0 C 852 435
2 B 476 451
0 C 852 811
0 C 852 811
1 D 366 973
3 D 240 271
0 C 852 811
1 D 366 973
3 B 240 271
1 B 319 145
1 A 319 288
0 B 877 882
4 D 278 756
0 B 877 882
2 D 94 221
4 A 278 756
3 C 469 937
2 C 94 417
1 C 849 373
4 A 292 291
3 C 469 426
3 D 469 426
4 A 292 291
1 C 849 373
0 C 148 235
2 C 396 499
0 C 148 235
2 C 396 499
4 A 924 923
4 A 924 923
3 D 405 305
3 D 405 106
2 D 396 499
1 C 400 766
3 C 405 106
1 C 400 766
1 C 400 766
0 C 200 749
2 C 457 273
3 D 781 776
4 C 315 192
0 D 200 183
2 C 457 438
3 D 781 754
1 A 919 748
4 D 315 324
1 D 919 912
4 D 315 324
1 D 919 912
4 B 186 932
4 D 186 165
0 C 194 66
2 D 762 178
1 A 55 701
0 C 194 189
2 A 762 178
1 C 55 48
0 C 194 189
3 B 108 885
4 D 89 332
2 D 124 880
3 B 108 115
4 A 89 422
2 D 124 387
0 C 448 447
1 D 213 47
3 B 384 415
0 A 448 447
1 D 213 47
4 D 776 20
0 A 502 497
4 D 776 20
4 D 776 759
1 D 146 328
2 C 977 49
3 D 797 814
1 C 146 365
2 C 977 49
3 B 797 738
0 A 401 616
3 B 552 738
0 A 401 406
0 D 401 406
1 C 421 44
1 C 421 44
4 D 681 807
2 C 675 79
1 B 421 474
3 C 471 356
4 D 681 854
0 D 182 329
0 D 182 329
3 C 471 424
2 D 297 732
1 B 105 118
0 B 182 329
1 B 105 118
4 B 337 545
0 B 117 106
2 B 487 244
4 D 337 334
0 A 117 106
3 D 281 340
2 A 487 504
1 D 12 345
3 C 281 340
1 C 12 499
1 C 12 499
0 A 58 61
0 A 58 61
2 D 691 445
4 C 862 652
4 D 862 652
2 D 691 445
3 C 726 140
0 A 827 828
1 C 254 129
2 D 691 844
3 D 726 681
1 D 254 129
2 B 787 780
4 C 373 971
0 A 929 571
2 A 787 780
3 D 206 16
4 D 373 266
1 C 680 4
3 C 206 305
1 C 680 4
3 C 206 305
1 C 680 727
2 A 864 738
2 A 864 871
4 D 808 727
1 A 362 25
4 D 808 727
0 D 641 898
1 A 362 365
3 D 381 938
0 D 641 898
3 C 381 130
0 D 641 894
2 D 772 34
3 C 381 130
1 A 355 356
2 A 772 34
4 A 55 464
1 A 355 356
4 B 55 48
3 A 440 156
2 A 658 661
2 A 658 661
3 B 440 156
2 D 658 661
0 D 318 193
1 C 661 213
0 D 318 193
1 C 661 213
4 D 553 490
3 B 186 165
0 D 318 193
1 C 661 746
3 C 186 165
4 B 553 982
4 B 553 982
2 D 614 921
0 D 462 271
4 B 613 634
2 B 508 921
3 A 440 826
0 B 462 49
1 D 491 1012
4 C 613 634
2 B 508 483
1 B 491 20
3 C 440 447
0 A 806 516
0 D 806 801
4 D 865 612
3 B 729 710
1 D 287 546
4 D 865 670
2 A 929 190
3 C 729 710
0 B 29 426
1 C 287 224
2 B 929 934
0 A 29 2
1 C 929 636
4 B 262 901
2 B 622 625
4 A 262 281
3 D 935 601
0 A 818 183
1 A 929 636
2 A 622 625
0 A 818 821
3 D 935 601
1 A 970 973
4 A 665 593
1 A 970 973
2 A 161 241
4 B 665 670
2 A 161 166
0 A 760 767
0 A 760 767
0 A 760 767
1 A 998 993
3 D 474 296
4 A 958 441
3 D 474 296
1 B 998 993
4 A 958 953
3 A 474 296
4 B 909 755
1 C 86 1008
2 D 625 1
3 A 637 634
0 D 140 148
2 D 625 1
1 A 40 41
3 A 637 634
0 B 140 148
4 C 381 1015
2 C 816 550
4 A 381 1015
3 B 142 145
1 D 1011 402
0 C 679 277
2 C 816 847
0 C 679 728
1 D 1011 524
0 A 679 728
4 B 688 569
3 B 986 965
4 D 688 687
2 B 370 218
3 B 986 965
0 A 188 187
2 A 370 365
0 A 188 187
1 C 480 748
1 A 480 748
4 C 478 107
3 C 104 155
2 A 565 726
4 C 478 417
3 C 104 23
2 A 565 562
0 D 51 246
1 B 928 818
0 A 51 246
1 A 928 959
0 A 51 460
4 A 29 790
3 D 323 535
4 D 29 26
0 B 854 289
1 A 635 636
3 D 323 910
2 C 683 232
0 B 854 841
1 C 635 636
3 A 323 188
2 A 683 232
2 B 683 724
4 B 349 198
3 B 247 548
4 B 349 322
2 B 503 34
3 B 247 232
1 C 364 275
0 B 455 48
2 D 503 488
0 A 455 472
1 C 364 275
1 C 364 275
4 C 503 1010
4 A 503 392
4 A 503 392
0 D 400 821
3 A 518 793
2 D 127 384
0 D 400 821
3 A 518 513
1 D 352 450
2 C 127 384
1 D 352 159
4 B 248 231
4 A 248 231
0 D 736 880
3 D 956 612
2 C 100 82
0 D 736 799
4 A 894 889
3 D 956 579
2 C 100 27
1 C 890 43
2 A 100 27
1 C 890 773
1 C 890 773
0 A 957 8
0 A 957 954
3 D 461 933
0 C 957 954
3 D 461 933
2 C 666 273
2 C 666 273
3 D 461 50
4 C 354 872
2 C 666 741
4 A 354 872
2 A 450 146
1 D 851 728
0 C 740 808
3 D 932 193
2 C 450 453
0 C 740 667
4 D 213 944
1 A 535 684
3 B 932 603
4 C 213 298
1 C 535 528
4 A 213 298
3 B 665 646
0 A 783 776
2 A 398 27
3 B 665 646
0 B 783 776
4 A 212 29
2 C 398 393
4 D 212 211
1 C 218 411
1 C 218 165
1 C 218 165
3 D 440 602
0 D 241 399
2 C 881 904
4 C 668 899
3 B 440 71
0 A 241 270
2 C 881 782
4 A 883 899
1 B 641 557
3 B 605 462
1 B 641 670
3 A 605 578
0 D 609 662
0 D 609 662
2 B 328 264
1 A 613 610
2 C 328 343
3 A 747 999
1 A 613 610
4 C 28 712
3 A 747 748
0 B 559 396
4 C 28 712
0 D 559 560
4 C 28 99
1 C 275 722
2 C 843 261
3 A 646 361
1 C 275 722
2 C 843 820
3 A 646 641
4 B 89 711
0 D 997 538
2 B 843 820
4 C 89 70
0 D 997 538
0 D 997 538
2 B 316 291
2 B 316 291
0 A 238 388
1 D 773 910
3 C 634 517
4 C 836 624
1 D 773 762
3 C 634 517
4 B 836 827
2 B 727 712
4 B 252 827
0 D 124 548
4 B 252 227
1 D 370 141
3 C 843 277
0 D 124 387
1 B 370 141
3 B 843 820
1 B 3 141
3 B 843 820
2 C 1009 910
2 C 1009 910
3 B 606 577
4 A 283 485
2 C 1009 910
1 B 968 704
3 D 606 577
4 C 283 284
0 A 573 275
1 D 968 983
0 D 573 570
2 B 264 314
2 C 264 279
3 A 678 200
4 A 825 341
3 B 678 673
4 A 825 830
0 B 451 546
1 A 244 656
0 B 451 476
1 B 244 243
1 B 244 243
3 D 262 33
4 A 928 935
0 A 391 384
2 D 88 730
3 B 262 33
4 D 928 935
2 A 88 730
0 C 391 384
1 C 199 416
3 B 898 925
1 C 199 416
2 A 996 995
3 B 898 925
4 A 448 659
2 C 996 995
4 C 448 455
1 D 199 184
0 A 462 457
0 A 462 457
3 D 787 602
1 C 998 500
4 A 916 702
2 D 627 265
3 B 787 748
0 B 293 314
4 A 916 915
1 C 998 921
2 A 627 908
0 B 293 314
2 A 573 908
2 A 345 350
3 C 33 553
4 A 527 51
2 C 345 350
4 D 527 520
3 A 33 94
3 A 33 94
0 A 708 707
0 A 708 707
1 C 99 503
1 C 99 28
3 B 755 299
2 B 372 849
3 C 755 748
1 C 99 28
2 A 372 363
4 C 744 552
0 B 97 603
4 C 744 552
0 B 97 126
2 A 301 298
4 D 744 663
3 A 751 632
1 D 995 296
3 A 751 744
1 D 995 296
1 D 995 540
4 D 953 808
3 B 693 527
4 B 953 444
2 C 852 559
0 C 995 202
1 B 94 25
2 B 852 811
0 C 995 202
4 B 175 933
1 D 94 65
3 B 148 323
4 B 175 176
3 C 148 139
2 A 217 241
2 C 217 222
4 B 158 536
0 A 17 22
1 B 103 449
0 A 17 22
4 B 158 129
1 B 103 120
3 C 947 678
3 D 947 695
4 B 949 275
2 D 299 536
1 A 856 863
4 D 949 938
1 A 856 863
2 D 299 212
0 C 330 643
3 D 99 656
0 A 330 643
0 A 330 309
3 D 99 656
3 D 99 412
1 A 146 149
2 A 630 625
4 A 327 361
1 B 146 149
4 A 327 320
2 A 630 625
0 C 694 689
0 C 694 689
1 B 892 867
3 A 366 478
0 D 694 713
1 B 892 867
2 A 659 616
3 B 366 361
4 B 456 249
4 B 456 471
2 C 659 660
4 B 456 471
3 B 172 179
0 C 197 785
4 B 438 425
0 B 197 785
1 D 510 1
2 C 117 641
1 D 510 1
4 C 438 425
2 C 117 392
1 A 510 1
0 B 577 427
3 D 888 128
3 C 888 128
0 B 577 606
1 A 862 857
3 C 888 647
4 A 106 155
1 A 862 857
4 B 106 109
2 C 683 448
3 A 522 516
0 A 31 11
2 C 683 301
3 C 522 525
2 C 683 724
1 C 551 661
0 D 31 24
4 D 209 670
1 C 551 600
4 B 209 302
4 B 209 302
1 C 551 600
3 D 221 822
0 D 357 154
2 C 406 917
3 D 221 290
4 C 53 945
0 C 357 154
1 C 445 938
4 C 53 945
2 B 395 489
1 C 445 450
4 A 53 74
2 B 395 404
1 A 445 450
0 A 872 188
4 B 828 427
0 A 872 879
3 C 589 887
1 C 450 779
2 C 323 41
3 D 589 562
2 D 323 316
1 B 450 779
4 A 539 210
0 B 714 377
3 B 748 775
4 C 539 540
0 A 714 725
1 C 762 1
1 C 762 1
0 A 56 63
2 C 611 792
4 A 108 107
3 D 564 841
2 C 611 540
0 C 56 63
2 C 611 540
3 A 564 971
4 D 108 107
1 C 869 273
1 C 869 794
3 B 678 697
0 C 23 219
2 B 521 83
3 B 678 697
2 C 521 534
0 C 23 219
0 D 23 104
4 C 827 79
4 C 827 79
4 A 827 836
0 D 748 820
2 D 47 778
3 C 950 445
1 B 966 985
0 D 748 787
4 A 128 135
2 D 47 464
1 C 966 985
3 B 950 969
4 A 128 135
2 B 985 790
0 C 308 458
3 D 416 880
2 B 985 966
0 D 308 458
4 A 37 34
1 B 519 820
0 D 308 331
3 D 416 880
4 C 37 34
1 D 519 536
2 B 814 901
2 B 814 901
4 C 582 569
0 D 32 912
1 D 163 223
4 B 582 569
2 A 198 193
0 B 32 479
1 B 163 348
3 D 266 642
2 B 198 193
3 A 266 245
0 A 744 620
4 B 476 718
1 B 344 327
3 C 266 245
4 D 476 451
1 B 344 327
0 A 744 751
2 C 409 444
3 C 237 715
1 B 149 138
2 B 409 444
0 B 965 986
3 C 237 146
1 A 149 138
4 D 405 488
0 B 965 986
2 B 545 574
4 C 405 488
2 B 545 574
4 C 405 106
1 A 130 94
3 D 127 7
1 A 130 133
3 C 127 7
4 C 1012 907
0 B 349 322
3 A 127 384
4 B 1012 907
0 B 349 322
4 B 1012 907
2 C 188 195
3 A 71 677
2 D 188 195
3 D 71 64
4 B 378 357
2 D 188 195
0 B 752 751
1 D 785 891
4 C 378 357
0 B 752 751
1 A 785 750
2 A 976 569
2 D 976 983
3 B 731 406
4 B 936 34
0 B 935 952
1 A 459 536
3 D 731 708
4 B 936 951
0 A 935 952
1 A 459 460
2 D 69 69
4 B 719 720
2 D 69 649
0 A 996 995
3 D 77 373
4 B 719 720
2 A 69 442
0 A 996 995
1 B 937 462
3 C 77 831
1 B 937 950
3 A 77 434
2 A 535 528
2 C 535 528
1 A 121 734
4 A 1021 98
0 A 48 739
0 A 48 55
4 B 1021 1018
3 D 348 610
3 B 348 610
1 A 259 624
3 B 348 163
2 C 5 122
0 A 213 210
4 A 488 209
1 C 259 260
2 C 5 122
4 A 488 495
0 C 213 210
2 B 5 122
3 A 145 687
3 B 145 150
2 B 459 654
2 B 459 468
1 C 25 102
1 C 25 102
0 C 132 49
4 D 547 243
3 B 456 471
1 D 25 102
3 B 456 471
4 B 547 988
0 C 132 251
2 A 966 961
4 B 296 988
2 A 966 961
4 B 296 311
1 A 629 626
0 D 393 538
1 C 629 626
0 D 393 1014
4 B 865 894
3 D 14 26
4 C 865 894
0 B 393 118
2 B 436 897
3 D 14 26
2 A 436 427
1 B 638 609
0 B 773 31
1 B 638 609
0 C 773 794
4 C 357 302
2 A 621 618
2 A 621 618
4 C 357 302
3 C 729 524
3 C 729 524
1 A 394 221
2 A 226 229
1 A 394 397
3 B 729 524
0 C 17 374
0 C 17 374
0 C 17 110
4 D 49 774
3 D 442 61
4 D 49 774
1 D 729 942
0 A 904 911
3 C 442 69
2 B 42 53
0 A 904 911
4 D 49 462
1 C 729 806
2 B 42 53
3 D 59 208
4 C 259 498
1 C 466 169
4 A 259 380
2 B 832 252
3 C 59 452
0 D 612 923
1 A 466 429
2 C 832 863
0 D 612 923
0 D 612 923
4 A 658 661
4 A 658 661
3 D 832 709
1 C 563 975
3 D 832 786
2 B 817 902
1 D 563 975
2 D 817 814
3 C 832 703
0 D 194 314
4 C 318 1000
0 B 194 317
1 D 883 652
4 C 318 321
2 A 426 278
3 C 797 895
1 B 883 652
3 C 797 866
2 B 426 429
3 B 797 866
0 C 367 534
1 B 121 102
4 B 659 537
0 B 367 534
1 B 121 102
2 B 679 696
3 B 632 900
0 B 367 272
4 B 659 652
2 D 679 696
3 B 632 615
0 B 378 357
1 A 287 233
4 A 882 191
0 A 378 357
1 A 287 280
3 B 482 509
4 D 882 885
3 B 482 509
2 C 787 598
2 C 20 876
0 C 1011 590
0 C 1011 590
2 C 676 107
1 A 452 400
4 D 805 730
0 C 1011 908
1 A 452 451
4 A 805 730
4 B 119 730
3 D 609 972
3 B 609 972
0 C 703 704
4 B 563 556
2 C 262 390
1 D 699 31
4 B 563 556
0 C 703 704
2 C 262 377
1 A 699 836
3 B 20 624
3 B 20 11
3 B 20 11
2 B 455 744
1 A 325 322
1 A 325 322
0 C 947 972
2 C 455 472
0 C 947 972
4 B 646 481
0 C 947 972
4 C 646 133
3 D 430 653
2 A 542 537
1 B 648 12
2 C 542 537
3 A 430 81
1 B 648 663
3 C 969 81
4 B 545 216
0 D 912 140
4 C 545 574
0 D 912 623
0 D 912 623
2 C 473 422
3 A 956 438
2 B 473 422
3 B 956 955
1 D 543 228
2 A 473 422
4 C 10 735
1 B 543 957
4 B 10 735
1 B 908 992
4 C 10 117
3 B 566 553
2 A 103 710
2 A 103 96
3 B 566 553
2 B 103 96
0 B 752 373
4 C 236 831
0 D 752 751
4 C 236 785
2 B 696 679
1 C 80 747
2 B 696 679
3 C 267 446
1 B 80 47
3 D 267 372
3 D 267 372
0 A 322 624
2 A 610 721
4 C 981 469
0 C 322 325
1 B 332 339
4 C 981 469
2 A 610 613
3 D 256 601
1 A 332 339
4 A 981 938
3 D 256 601
2 A 309 866
4 A 67 68
1 B 745 277
2 D 309 306
0 C 825 1021
4 B 67 68
3 D 4 664
1 A 745 758
0 C 825 838
3 C 4 664
4 A 436 457
1 A 393 398
2 D 717 610
4 A 436 435
1 A 393 398
2 D 717 818
3 D 487 573
0 C 360 700
3 D 487 573
0 C 360 700
2 A 639 149
4 D 761 342
2 A 639 632
4 C 761 774
4 C 761 774
1 C 622 650
3 C 931 178
3 A 931 988
1 D 622 529
4 C 16 111
0 D 39 565
4 C 16 111
0 D 39 472
3 A 623 498
2 D 658 735
4 B 16 111
3 A 623 616
0 A 39 472
1 D 877 658
2 D 658 877
1 D 877 658
4 B 829 802
0 A 989 986
1 D 877 658
2 D 409 440
3 B 866 328
2 C 409 102
1 C 797 519
4 B 748 778
0 B 578 826
1 C 797 866
4 A 748 755
0 B 578 605
2 A 56 857
3 D 873 621
2 D 56 63
3 D 873 621
4 A 284 74
3 B 873 662
4 A 284 283
1 B 279 319
0 C 330 59
1 B 279 264
0 A 330 59
3 B 107 150
0 A 330 309
2 D 628 907
4 C 431 471
2 C 628 907
1 B 56 387
4 C 431 471
1 B 56 39
0 C 249 242
3 A 225 848
3 A 225 230
0 C 249 242
3 B 225 230
0 A 249 134
2 C 1000 666
4 B 832 569
2 A 1000 666
4 B 832 863
2 B 1000 919
3 A 50 204
0 A 590 585
3 A 50 53
0 D 590 585
1 C 698 261
2 B 979 503
4 B 233 246
1 A 698 261
2 A 979 972
4 B 233 246
1 C 344 709
0 D 451 60
3 A 441 459
1 C 144 759
3 A 441 446
4 C 46 195
1 C 144 239
0 D 451 60
2 D 184 861
4 B 46 81
2 C 184 327
2 C 184 327
0 D 212 299
4 C 322 566
0 B 212 299
1 D 229 282
3 D 995 600
4 A 322 317
1 D 229 282
2 C 70 57
3 B 28 540
2 D 70 57
0 B 324 612
3 B 28 3
0 D 324 347
1 A 383 18
4 D 775 549
1 A 383 376
4 D 775 549
2 B 936 858
4 B 775 760
3 D 860 367
2 B 936 951
0 B 83 292
3 A 860 367
0 B 83 76
4 B 75 84
3 A 105 675
0 A 83 76
1 B 163 252
4 B 75 84
1 B 163 188
2 A 706 709
2 B 706 709
3 D 910 781
4 B 644 667
1 B 412 387
3 D 910 781
0 C 281 579
4 B 644 667
3 D 910 625
1 A 412 387
0 B 281 358
2 D 826 94
1 B 702 519
2 D 826 94
3 B 185 166
4 D 739 323
0 A 41 118
1 A 702 673
3 B 185 166
4 D 739 323
0 C 41 46
4 D 739 796
2 B 223 27
2 D 223 192
3 B 722 235
1 D 508 689
0 A 385 390
3 B 722 717
1 D 508 689
0 D 385 390
1 D 508 3
4 D 353 129
2 D 950 245
4 D 353 158
3 A 796 71
2 D 950 585
3 A 796 795
0 D 841 666
1 D 400 111
0 C 841 694
4 A 215 113
1 D 400 111
2 C 1001 230
2 B 1001 230
3 D 945 320
0 C 798 865
1 D 917 618
3 D 945 320
4 D 63 557
2 B 605 578
0 B 798 865
1 C 917 618
2 A 605 578
4 C 63 448
0 C 807 1018
3 A 159 458
4 C 784 826
3 C 159 152
0 C 807 856
2 A 748 792
2 C 748 747
1 D 362 871
4 A 784 879
1 C 362 149
1 C 362 149
4 A 133 130
3 A 292 474
4 D 133 130
0 A 250 156
2 D 939 683
3 A 292 291
1 C 496 830
2 A 939 596
0 A 250 253
1 A 496 830
2 B 939 596
1 A 496 399
2 B 821 298
4 C 956 14
1 B 588 510
3 A 94 105
2 C 821 810
4 A 956 14
0 B 510 481
4 A 956 963
1 B 588 595
0 C 510 481
3 C 94 89
4 B 359 726
4 B 359 376
1 A 315 780
2 C 19 508
3 C 229 263
0 C 923 594
1 D 315 316
3 A 229 154
2 C 19 108
0 C 923 996
2 C 19 108
3 A 229 154
3 A 597 594
4 C 41 154
1 B 928 847
4 C 41 154
0 D 163 9
2 C 191 830
1 A 928 959
0 D 163 348
3 A 256 263
2 B 191 192
3 C 256 263
4 A 907 949
4 D 907 908
1 D 476 340
0 B 204 852
3 A 182 771
2 A 876 163
0 C 204 211
1 C 476 340
2 D 876 875
4 A 590 292
4 D 590 585
3 C 750 462
0 B 8 23
1 D 61 36
2 D 155 356
3 C 750 657
0 C 8 23
2 B 155 356
4 A 944 951
1 D 61 450
4 A 944 951
2 B 186 638
3 A 901 921
0 C 880 640
3 C 901 898
2 D 186 165
0 C 880 640
4 B 840 273
1 C 176 830
1 B 176 830
2 A 223 316
0 B 856 511
2 A 223 216
3 C 180 357
0 B 856 839
3 C 180 203
4 A 90 506
1 C 472 170
3 D 180 203
4 A 90 93
1 C 472 423
0 B 586 916
1 C 472 423
0 A 586 597
3 B 139 148
1 C 442 449
0 A 314 317
1 C 442 777
4 C 742 478
2 A 442 445
1 D 442 453
4 A 742 478
4 A 742 665
2 A 442 445
3 D 191 320
4 A 555 556
4 A 555 556
3 A 191 320
2 B 67 715
3 A 191 320
0 D 797 738
1 D 987 107
0 C 797 738
1 D 987 548
2 B 890 776
4 C 309 674
3 C 982 358
4 A 309 674
3 D 982 937
0 C 925 815
1 B 896 870
0 B 925 994
2 D 950 529
4 A 886 881
1 D 896 927
4 A 886 881
2 D 950 585
3 C 727 490
3 B 727 680
0 D 20 636
4 A 848 855
2 B 761 835
1 C 978 143
0 B 20 491
4 D 848 855
2 C 761 742
1 C 978 941
3 D 1008 731
3 D 1008 731
0 D 364 686
4 B 39 56
0 D 364 686
0 D 364 147
2 C 266 195
2 C 266 195
1 C 1012 477
2 B 266 373
4 B 77 82
3 D 65 429
1 C 1012 907
4 C 77 82
3 D 65 446
0 D 839 696
3 D 65 446
2 B 269 274
0 D 839 696
2 A 269 274
1 C 573 805
1 A 573 578
3 A 262 429
4 C 154 742
4 C 154 334
3 D 262 257
4 A 154 229
2 A 530 76
1 B 362 84
0 D 976 781
2 D 530 533
1 A 362 373
0 C 976 559
4 B 229 798
3 C 666 609
4 D 229 250
3 C 666 609
2 D 4 507
3 C 666 741
1 C 490 988
2 D 4 507
0 B 904 919
1 A 490 405
0 C 904 919
4 C 636 584
3 A 890 356
3 A 890 893
4 D 636 515
1 A 328 335
4 C 636 515
2 A 316 796
2 A 316 315
1 A 328 335
0 D 726 160
0 D 726 160
1 A 240 247
3 D 336 302
4 C 316 42
0 B 726 809
2 D 14 745
3 B 336 175
4 C 316 323
2 C 428 497
0 B 790 777
1 A 233 238
3 B 30 334
0 B 790 777
1 D 233 238
4 C 74 298
3 B 30 1
4 C 74 298
3 B 188 163
4 A 74 53
2 D 969 825
3 B 188 163
2 D 969 825
0 D 339 172
1 C 269 138
2 B 969 566
0 D 339 172
1 C 269 370
4 D 152 302
1 A 269 370
4 B 152 359
2 B 250 655
2 C 250 229
3 A 878 357
1 A 778 781
3 A 878 873
0 D 643 289
1 B 778 781
0 D 643 289
2 B 886 54
0 B 643 892
4 C 277 322
2 B 886 873
4 C 277 322
1 A 726 68
4 B 277 362
1 C 726 721
3 B 165 11
0 C 634 160
3 C 165 186
4 B 255 979
4 B 255 224
0 D 634 160
4 B 255 224
3 B 20 702
2 C 858 805
1 C 693 714
3 C 20 11
1 C 693 714
2 C 858 805
1 C 693 714
0 D 473 780
0 D 473 38
4 C 787 466
0 D 473 38
3 D 794 265
4 B 787 466
2 C 569 602
3 A 794 741
2 B 569 582
4 B 952 935
1 C 685 1022
3 A 104 861
4 A 952 935
1 C 685 1022
3 C 104 111
0 D 918 70
1 C 685 722
0 A 918 617
2 D 688 59
2 C 688 59
4 C 1020 977
3 A 385 14
0 B 166 467
4 C 1020 977
3 A 385 390
0 D 166 185
1 A 604 371
2 B 638 155
1 B 604 603
2 B 638 609
2 D 638 609
0 B 210 185
4 D 546 713
1 B 48 47
4 D 546 774
0 A 210 205
1 A 48 47
4 D 546 989
2 B 903 66
3 C 988 964
3 C 988 931
3 D 988 931
1 A 581 578
0 D 595 640
1 A 581 578
4 D 871 898
0 D 595 940
4 D 871 664
2 C 60 67
2 C 60 67
0 C 595 940
3 D 255 256
4 A 871 664
2 A 60 67
3 D 255 256
3 D 255 256
2 A 536 543
1 A 506 184
1 A 506 509
0 B 455 659
2 C 536 543
4 A 403 404
0 B 455 472
4 A 403 404
3 C 230 556
4 A 457 462
1 D 466 315
2 C 560 24
3 C 230 153
1 C 466 45
0 A 960 967
2 C 560 591
3 C 362 807
1 C 891 409
4 C 210 587
0 B 191 160
3 B 362 807
4 C 210 587
1 B 891 772
2 D 689 497
2 C 689 846
4 B 331 39
2 C 689 846
1 B 117 532
3 D 185 717
4 A 331 340
0 A 74 77
3 B 185 717
1 B 117 106
0 B 74 77
3 B 166 326
2 A 889 981
2 A 889 894
4 C 454 971
4 B 454 441
0 D 930 886
1 C 718 405
3 C 751 578
0 D 930 605
1 B 718 689
3 A 751 656
3 A 751 656
4 C 3 183
2 D 815 559
1 B 943 984
4 C 3 124
1 B 943 944
2 B 815 720
3 A 204 203
0 A 816 901
4 B 3 124
2 B 815 720
3 D 204 203
0 A 816 823
1 B 757 746
2 B 48 684
1 B 757 746
2 B 48 47
0 A 389 655
0 A 389 386
4 D 381 410
3 D 22 489
4 D 381 410
3 D 22 489
4 A 381 130
1 D 75 550
1 D 75 550
2 B 178 82
1 D 75 436
2 B 178 173
3 A 431 1003
4 B 91 213
0 C 354 285
0 C 354 285
3 A 431 424
4 B 91 68
1 A 751 664
1 A 751 744
2 B 357 378
0 A 354 285
1 C 751 744
2 B 357 378
4 B 76 123
0 A 129 658
4 B 76 83
0 A 129 134
3 D 641 753
1 B 375 145
3 B 641 753
1 C 375 360
3 B 641 753
4 B 461 466
2 D 30 506
2 D 30 506
3 B 652 659
0 D 432 191
2 A 30 481
0 B 432 79
1 C 268 396
3 A 408 415
4 D 577 958
0 B 308 964
2 D 247 129
1 D 268 396
4 D 577 958
0 D 308 299
2 C 247 264
4 D 577 958
1 A 521 678
2 C 243 669
3 D 110 984
0 C 949 767
3 D 110 401
2 C 243 669
0 D 949 767
3 B 110 401
4 D 422 167
4 D 422 89
2 A 114 202
0 D 17 494
3 A 93 797
1 C 883 908
0 C 17 494
1 C 883 780
3 D 93 90
4 D 651 179
4 D 651 884
2 C 884 997
0 A 544 801
1 B 955 932
2 C 884 997
0 C 544 551
3 D 3 508
1 A 955 932
2 A 884 779
4 A 349 1001
3 D 3 508
4 B 349 346
2 A 120 249
2 A 120 127
0 C 822 197
1 D 17 244
3 D 496 15
1 B 17 244
0 A 279 197
3 D 496 15
4 C 309 61
2 A 796 858
4 C 309 61
2 A 796 795
4 A 309 330
1 D 224 907
0 D 496 409
1 D 224 287
3 D 394 245
0 C 496 15
4 A 461 458
1 D 224 287
3 D 394 117
4 A 461 458
3 C 394 117
2 D 387 93
0 C 707 319
2 A 387 124
1 C 495 561
0 D 707 700
3 D 988 160
1 A 495 400
3 C 988 547
4 C 10 474
2 B 336 282
2 D 336 335
4 D 10 117
0 C 853 788
1 A 131 132
0 C 853 810
3 D 307 599
3 D 307 204
4 C 961 741
2 D 307 204
4 C 961 958
1 D 114 397
2 D 307 204
0 A 107 96
3 A 184 627
0 B 107 108
1 B 114 397
3 B 184 191
2 B 131 156
4 A 312 437
4 A 312 437
1 B 668 661
2 C 131 156
4 A 312 319
1 A 668 643
0 C 281 642
3 D 492 493
0 C 281 642
1 A 420 419
3 B 492 493
2 A 820 968
1 A 420 419
3 B 492 19
2 B 820 819
4 A 655 548
4 C 655 648
0 C 42 501
3 B 291 682
0 C 42 501
2 A 983 941
0 C 42 85
3 A 291 316
2 C 983 976
4 D 95 161
4 D 95 161
1 A 506 56
3 A 179 180
1 B 506 509
3 A 179 180
2 D 561 885
0 C 433 43
2 D 561 885
4 B 590 33
2 D 561 974
0 C 433 462
1 B 144 143
4 B 590 593
0 C 433 462
1 B 144 143
3 A 965 962
3 D 965 962
2 B 775 137
4 A 754 402
2 B 775 792
4 A 754 757
0 C 209 673
0 C 209 178
0 D 209 174
1 A 644 398
3 C 405 992
3 C 405 586
1 A 644 643
4 A 54 911
4 A 54 49
3 B 971 490
2 C 893 881
0 A 300 852
0 A 300 299
2 C 893 770
0 A 300 299
2 B 893 770
1 B 479 617
4 B 57 236
1 C 479 448
4 B 57 38
3 A 286 420
2 C 323 736
3 D 286 281
2 C 323 316
0 D 668 169
2 B 323 316
1 C 706 926
0 C 668 169
1 C 706 926
0 C 668 867
2 B 245 183
1 C 706 701
2 D 245 234
3 D 134 377
4 A 243 196
3 D 134 377
4 A 243 244
1 C 862 801
3 A 134 377
0 C 812 472
1 C 862 801
0 C 812 472
1 A 862 801
2 A 51 822
0 A 303 851
2 D 51 52
3 A 923 486
0 A 303 296
3 A 923 924
4 C 232 767
4 C 232 767
1 C 57 777
2 B 516 895
2 B 516 539
4 B 232 151
1 C 57 777
3 A 675 676
1 C 57 70
0 A 255 248
3 D 675 676
0 C 255 248
4 B 513 959
4 B 513 542
1 C 652 100
2 A 98 163
3 C 157 76
0 C 14 27
1 A 652 100
3 C 157 226
0 A 14 113
3 D 157 226
4 B 684 725
4 B 684 691
1 D 467 941
0 A 812 410
1 D 467 941
0 A 812 811
2 D 35 684
3 D 809 906
2 D 35 684
3 C 809 906
2 D 35 476
3 C 809 726
3 C 809 726
1 D 75 593
0 D 231 27
1 C 75 593
0 D 231 280
3 C 884 437
2 C 99 643
3 C 884 437
2 C 99 643
1 A 726 371
3 D 884 779
4 D 660 875
4 D 660 875
0 D 772 763
4 D 660 875
0 D 772 763
2 C 600 669
3 D 273 238
2 B 600 669
0 B 962 763
3 B 273 238
1 D 921 614
4 A 32 39
4 A 32 39
1 B 921 614
2 B 127 96
1 B 921 614
0 B 480 511
2 C 127 96
0 B 480 511
3 C 705 525
1 B 248 231
3 B 705 525
3 B 705 702
1 B 248 231
2 A 775 768
4 C 296 72
4 C 296 72
3 C 127 325
0 A 845 495
4 A 296 343
0 B 845 842
3 C 127 0
1 D 380 517
2 C 600 163
1 D 380 517
2 C 600 163
2 C 600 551
0 B 635 612
4 C 508 359
3 A 492 547
0 A 635 612
3 B 492 491
4 C 508 359
4 C 508 387
1 D 717 295
1 B 717 818
0 B 177 35
3 B 336 335
0 C 177 174
2 A 733 937
3 B 336 335
4 B 382 145
2 D 733 730
4 B 382 353
1 D 802 474
1 D 802 474
1 D 802 733
0 C 347 589
2 C 780 443
3 D 323 302
0 B 347 292
2 D 780 443
4 B 396 861
1 A 641 667
3 A 323 188
4 D 396 403
1 B 641 646
2 A 353 190
0 C 666 447
3 A 532 531
2 A 353 358
0 C 666 447
4 C 124 605
0 C 666 741
1 C 121 335
4 B 124 605
1 C 121 6
3 B 812 324
2 C 523 640
0 D 915 19
2 C 523 628
4 B 135 152
1 A 963 578
4 A 135 152
0 D 915 620
1 A 963 964
2 A 382 628
3 A 821 818
3 D 821 818
4 A 832 950
1 A 257 17
4 D 832 839
0 B 617 630
1 A 257 262
2 C 676 468
0 D 617 630
2 C 676 468
2 C 676 731
3 A 514 954
3 B 514 954
4 B 613 897
2 D 676 731
0 A 974 116
4 B 613 634
0 A 974 969
1 A 65 963
3 B 123 100
1 B 65 70
2 A 713 547
3 A 123 100
4 B 421 374
2 A 713 718
4 A 421 442
3 B 261 265
1 A 506 533
1 A 506 509
2 A 573 570
3 B 261 282
4 B 61 535
2 C 573 570
1 D 506 509
4 D 61 34
0 C 77 873
0 C 77 873
0 D 77 50
3 B 467 278
4 A 278 289
1 D 641 9
3 B 467 460
2 D 810 832
1 D 641 894
4 A 278 273
2 C 810 725
0 A 522 567
1 A 641 894
2 A 810 725
0 A 522 525
4 D 688 401
1 A 651 518
1 A 651 652
4 C 688 401
2 D 645 55
3 C 301 429
2 B 645 890
3 C 301 338
0 D 142 734
4 D 417 824
0 B 892 369
1 C 252 969
4 C 417 94
2 A 898 6
3 B 414 385
0 B 892 867
1 C 252 131
2 D 898 901
3 B 414 385
1 C 252 131
4 B 156 612
4 B 156 131
3 A 644 643
2 C 204 74
0 B 904 594
1 A 451 406
3 A 644 643
0 B 904 919
1 C 451 452
2 C 204 74
4 A 592 193
4 D 592 599
0 B 781 965
2 D 656 875
3 D 876 322
1 D 157 460
4 B 440 741
2 D 656 879
3 D 876 659
4 B 440 423
1 A 157 354
3 C 876 659
0 B 830 403
0 B 830 801
0 B 830 801
0 D 830 801
1 D 727 733
1 A 727 733
3 C 387 508
4 D 233 169
0 B 991 193
3 B 387 508
4 B 701 278
2 D 52 544
0 C 991 960
3 B 795 772
4 D 701 674
1 D 0 383
2 A 52 459
3 B 795 772
1 C 0 511
0 B 818 813
3 A 174 65
4 B 895 203
0 C 818 813
2 D 124 474
3 A 174 169
4 D 895 864
1 A 559 493
2 C 124 387
1 A 559 552
2 C 124 387
0 C 544 184
2 B 541 928
4 C 494 123
0 C 544 184
3 D 317 194
1 C 782 251
4 A 494 401
3 D 317 194
1 B 782 881
3 B 317 194
2 B 333 580
1 B 480 511
2 B 333 338
4 D 698 328
3 B 783 498
1 C 480 511
3 B 783 784
4 D 698 328
0 D 699 728
4 D 698 837
0 B 699 836
0 C 699 836
2 D 602 519
1 A 80 582
2 A 602 519
1 C 80 87
2 B 602 519
0 C 925 188
3 A 478 843
2 B 757 573
0 D 925 188
3 D 478 843
2 B 757 746
0 D 925 994
1 B 552 948
1 B 552 567
4 C 637 514
3 B 858 324
4 B 946 514
3 A 858 837
4 C 946 857
0 B 142 145
2 A 928 840
0 B 142 145
2 C 928 935
1 C 716 119
1 D 716 119
3 C 800 736
3 C 800 736
1 D 716 691
4 C 15 180
3 B 800 863
4 D 15 112
2 B 176 613
0 B 475 761
2 B 176 175
0 B 475 452
1 D 759 282
3 B 297 310
1 D 759 282
3 D 297 310
1 D 759 776
4 D 989 774
4 D 989 774
4 A 989 546
0 C 860 660
2 C 29 98
3 D 684 581
0 C 860 803
2 C 29 98
3 C 684 851
1 B 58 808
1 D 58 37
4 D 941 614
4 D 941 594
0 C 283 356
2 D 635 590
3 D 271 534
0 B 283 356
1 A 338 549
2 D 635 900
3 A 271 240
4 B 977 354
4 A 977 974
0 A 636 750
3 A 828 278
2 D 947 599
0 A 636 635
3 B 828 827
2 B 947 599
1 C 535 557
4 B 111 910
4 A 111 112
1 C 535 557
1 C 535 616
2 D 852 744
0 A 755 756
3 D 657 509
0 A 755 756
4 A 262 257
2 B 852 744
3 D 657 509
3 D 657 878
2 B 852 683
1 A 587 588
0 A 448 455
1 A 587 588
0 A 448 455
4 D 706 314
2 D 250 518
4 D 706 314
2 D 250 261
4 C 706 829
1 C 538 333
2 D 250 261
3 D 599 86
3 D 599 936
1 D 538 613
4 B 1022 574
4 C 1022 993
0 B 482 298
2 B 153 831
0 B 482 509
1 A 401 195
2 D 153 134
1 A 401 195
3 B 812 819
3 B 812 819
3 B 812 819
4 C 787 842
4 B 787 876
0 C 765 900
0 A 765 642
2 C 0 722
2 C 0 127
1 B 817 746
2 C 0 127
0 A 239 232
3 C 78 534
1 C 817 814
4 D 884 829
0 B 239 232
3 C 78 49
4 A 884 651
3 A 348 49
4 B 750 651
0 D 941 613
1 C 454 269
3 A 471 464
0 D 941 613
1 A 454 269
4 C 376 502
1 A 462 441
2 C 304 189
4 A 376 263
2 C 304 335
0 D 768 767
2 C 304 335
0 D 768 767
4 A 400 407
4 A 400 407
3 D 1006 212
3 D 1006 212
1 C 170 692
3 C 1006 529
1 C 170 692
2 C 496 399
1 C 170 213
2 C 496 399
0 C 395 264
2 A 496 399
4 A 130 436
0 B 395 500
3 D 428 340
4 B 130 133
3 A 428 83
1 A 300 294
2 A 421 418
1 A 300 299
3 B 428 83
0 B 243 236
1 D 300 299
2 D 421 418
4 A 779 506
0 C 243 236
3 B 355 498
4 A 779 780
3 A 355 380
1 C 207 894
2 D 285 147
0 C 758 649
1 C 207 176
3 A 285 249
2 B 454 226
4 D 104 462
3 A 285 282
0 C 758 649
4 A 104 407
4 A 104 407
1 D 404 816
4 A 646 641
0 D 633 980
2 C 1015 664
1 B 404 816
3 C 1017 902
2 D 1015 664
0 A 633 902
2 D 1015 904
3 D 1017 902
0 A 934 929
1 D 348 739
4 C 721 938
1 A 348 163
2 D 289 222
3 D 9 656
4 B 721 686
2 D 289 222
3 C 9 502
0 A 856 863
0 C 856 863
1 B 118 914
4 B 949 577
1 B 118 105
4 A 949 938
3 C 1001 491
3 C 1001 491
2 B 562 776
0 B 698 677
2 B 562 557
3 D 1001 918
4 A 33 85
0 A 698 677
1 B 489 740
1 B 489 502
4 D 33 38
2 B 533 423
2 D 533 522
0 D 461 892
1 B 77 82
3 C 29 989
0 D 461 50
4 A 441 262
1 C 77 82
3 B 29 98
4 A 441 446
3 C 29 98
2 B 821 299
2 B 821 810
0 D 506 340
4 A 479 472
3 C 779 575
0 D 506 340
1 C 68 959
4 C 479 472
3 B 497 884
1 C 68 959
2 A 461 694
4 B 601 253
3 B 1021 761
4 B 601 582
0 B 540 837
1 B 349 692
3 A 1021 994
0 D 540 515
1 C 349 322
2 D 102 409
4 B 519 536
2 D 102 409
3 A 373 855
2 D 102 409
3 B 373 370
0 B 94 611
0 C 94 65
1 C 514 296
4 C 252 606
1 D 514 296
3 B 982 436
4 D 252 606
1 C 514 637
3 D 982 969
2 A 198 500
0 D 463 810
0 C 463 48
4 A 237 83
1 C 314 1003
3 B 257 200
1 C 314 325
4 B 237 234
3 C 257 286
1 C 314 325
2 D 122 710
0 C 553 598
2 D 122 710
0 C 553 598
4 B 559 560
1 D 103 722
3 D 59 754
1 A 103 408
2 D 975 214
3 C 59 452
4 B 615 328
1 A 351 251
2 D 975 560
4 B 615 632
0 C 1022 897
2 D 975 560
1 D 351 344
0 C 1022 897
0 C 1022 897
3 C 679 807
3 C 679 807
3 D 679 728
4 A 44 43
4 A 44 43
1 A 170 468
2 A 716 715
4 C 44 43
1 A 170 173
2 A 716 715
0 C 653 754
0 C 653 754
3 D 349 607
0 A 653 754
3 B 349 162
1 B 454 473
4 D 762 456
1 B 454 473
4 D 762 773
0 A 420 419
2 D 770 910
4 B 762 773
0 A 420 419
2 D 770 910
3 C 433 936
2 C 770 765
3 B 986 936
1 B 188 508
0 A 285 947
4 A 316 315
1 A 188 163
4 D 316 315
0 A 285 282
3 A 52 326
2 C 814 341
2 C 814 341
3 A 52 326
1 A 82 85
2 D 814 849
1 C 82 85
3 A 23 16
4 C 824 192
2 D 349 906
4 C 824 229
0 C 274 223
2 A 916 162
0 C 274 365
1 D 617 12
1 B 556 918
4 D 728 723
2 B 289 318
2 B 289 318
0 C 635 953
3 D 389 32
4 A 728 807
3 A 389 122
0 B 635 516
3 B 878 122
4 A 606 601
1 B 933 916
4 B 606 601
1 D 933 954
0 D 198 965
0 A 198 965
2 A 472 670
3 C 325 935
4 B 908 915
3 C 325 935
1 A 813 702
2 A 472 479
4 B 908 915
1 C 813 810
0 A 573 132
3 A 325 314
0 B 573 570
4 C 626 353
3 B 799 980
0 A 45 81
1 A 190 282
3 B 799 768
0 B 45 42
4 D 626 353
2 C 876 787
1 D 190 185
4 D 626 525
2 B 876 787
2 B 129 787
0 D 295 142
4 D 710 527
0 C 295 142
3 B 89 70
1 D 982 338
2 B 336 335
3 B 89 70
4 D 710 825
1 A 982 553
2 B 336 335
1 A 982 553
0 D 911 202
4 A 67 428
1 A 610 585
3 B 44 329
4 A 67 68
0 C 359 202
1 D 610 613
3 B 44 51
2 C 387 2
2 D 387 2
2 D 387 508
3 B 989 962
0 B 608 843
1 A 61 143
3 B 989 962
4 C 318 715
0 A 608 639
4 C 318 321
1 C 61 58
2 D 599 655
4 C 318 321
2 D 599 655
2 C 599 936
0 A 959 952
0 A 959 952
3 A 300 527
3 D 300 299
1 C 1017 136
4 A 383 376
4 D 383 376
1 B 1017 136
0 B 218 839
2 D 974 561
3 A 22 576
0 B 218 197
2 D 974 561
1 B 367 635
3 A 22 17
1 B 367 368
1 D 367 368
4 D 731 628
4 D 731 628
0 D 412 618
3 A 770 812
4 C 731 804
0 C 412 618
2 C 231 152
0 C 412 99
3 D 770 773
1 A 786 261
2 B 231 152
1 A 786 789
2 B 435 428
4 B 959 457
0 A 284 758
2 B 435 428
3 B 132 312
0 A 284 283
4 B 959 928
1 A 384 391
3 A 132 155
0 C 284 283
1 D 384 391
2 B 969 859
4 A 729 259
2 B 969 982
3 B 603 175
4 A 729 734
3 A 603 580
0 C 951 534
1 D 929 832
0 B 951 534
1 D 929 832
3 A 602 605
1 D 929 606
3 A 602 605
2 A 413 143
4 C 17 560
4 C 17 110
0 C 326 476
2 B 413 410
4 D 17 110
0 B 326 476
2 B 345 326
1 D 658 62
2 A 345 326
1 D 658 877
4 B 466 461
0 D 131 910
1 D 658 877
3 D 901 901
2 A 387 388
0 A 131 380
2 C 387 388
3 B 901 634
3 D 901 634
1 A 833 838
4 D 638 468
0 B 760 99
1 A 833 838
4 B 638 468
0 B 760 743
2 A 396 703
3 D 323 20
4 B 638 897
3 A 323 20
2 C 396 395
3 B 362 188
4 B 460 467
0 B 827 87
1 A 635 184
4 D 460 467
0 A 827 804
1 B 635 636
2 C 357 482
3 D 565 911
2 C 357 926
0 A 909 906
1 B 92 67
3 D 565 911
0 A 909 906
2 C 357 282
1 B 92 67
3 D 565 970
4 D 786 950
4 C 786 950
4 C 786 749
0 D 987 899
3 A 719 861
1 C 855 960
0 D 987 548
3 A 719 712
1 B 855 808
2 C 892 484
4 C 835 939
1 B 744 808
2 C 892 771
4 D 835 939
2 D 892 771
3 C 361 298
4 D 723 246
0 C 180 203
1 C 549 984
3 A 361 278
4 C 723 812
0 C 180 203
2 B 292 315
1 B 549 602
2 C 292 315
3 B 385 426
3 B 385 414
1 B 18 27
0 A 184 191
0 A 184 191
1 B 18 13
2 C 545 606
4 C 219 633
2 C 545 606
4 C 219 319
1 B 698 677
2 A 545 606
4 A 219 164
0 D 305 373
3 D 981 543
0 C 305 206
3 B 981 554
2 C 923 579
4 A 332 331
1 A 967 97
4 A 332 331
1 A 967 960
2 D 923 996
3 C 942 798
0 A 232 203
3 A 942 798
4 D 853 243
0 D 232 239
2 C 262 875
4 D 853 243
2 C 262 377
1 A 466 939
4 B 853 682
2 C 262 377
1 B 466 469
3 A 821 584
3 A 821 818
4 B 60 395
0 D 5 323
1 A 676 317
4 D 60 35
0 B 5 323
1 A 676 675
0 B 5 506
2 D 742 78
2 A 742 793
3 D 327 597
1 A 45 42
0 D 483 338
3 A 327 184
1 D 45 42
2 A 947 948
4 D 671 657
0 D 483 28
4 D 671 864
2 C 947 948
4 C 671 864
3 A 65 70
1 A 437 570
0 D 415 681
3 A 65 70
1 C 437 434
2 A 192 547
0 C 415 96
4 B 112 528
2 C 192 199
4 C 112 111
1 A 864 820
3 C 383 894
0 C 933 381
1 A 864 871
3 D 383 256
0 D 933 986
2 C 191 738
4 A 507 323
2 D 191 738
4 A 507 508
2 D 191 192
3 A 615 539
0 A 336 570
3 D 615 608
0 A 336 343
0 A 336 343
2 A 942 718
4 A 119 112
1 A 924 376
2 C 942 937
4 B 119 112
1 A 924 923
3 A 750 745
3 A 750 745
1 A 793 798
0 C 657 750
1 D 793 798
4 C 848 83
0 C 657 750
2 D 880 874
4 A 848 279
0 D 657 750
2 A 880 655
3 A 897 902
1 B 937 111
3 A 897 902
1 B 937 950
4 A 2 5
2 A 126 301
4 A 2 5
0 B 457 419
2 B 126 121
0 A 457 470
4 B 2 5
1 B 531 524
1 C 531 524
2 B 8 23
3 A 568 236
4 B 664 647
2 B 8 23
3 B 568 575
0 C 533 891
4 A 664 647
0 C 533 891
0 C 533 618
1 D 849 60
3 D 179 470
2 C 445 343
4 C 743 622
1 D 849 686
3 D 179 332
4 A 743 664
0 D 70 67
0 D 70 441
4 A 558 553
2 D 690 461
1 A 448 345
3 A 925 922
1 A 448 455
2 D 690 461
3 D 925 922
0 B 634 197
0 B 634 613
2 D 312 132
3 A 405 680
4 D 547 88
2 B 312 199
1 C 190 124
4 C 547 988
3 C 405 402
0 B 957 930
4 C 547 988
0 B 957 930
2 A 667 146
1 C 190 193
3 A 997 938
4 A 157 291
0 B 257 286
3 D 997 994
4 A 157 154
0 D 257 286
2 D 41 388
1 B 836 49
1 B 836 859
2 B 41 388
1 C 836 859
2 B 722 470
4 B 17 14
3 C 495 222
0 C 479 318
2 B 52 43
1 B 316 665
2 A 52 43
3 C 495 222
0 D 479 318
3 B 495 400
1 C 316 291
0 B 961 167
4 C 396 67
2 A 136 98
3 B 578 605
0 C 961 990
1 B 371 761
2 C 136 143
4 C 396 67
3 D 578 605
1 B 371 364
0 A 119 165
1 B 660 651
0 A 119 112
1 B 660 651
2 A 125 848
2 D 125 122
3 D 719 255
3 B 719 255
4 C 844 952
3 B 719 816
4 C 844 952
0 B 759 626
4 C 844 819
0 B 759 744
2 C 480 198
3 B 197 218
2 C 480 198
1 A 959 535
3 B 197 218
2 C 480 415
1 A 959 952
0 B 986 965
4 C 297 975
4 B 297 975
0 B 986 965
1 B 195 787
4 B 778 342
3 D 865 779
1 C 195 220
3 B 865 779
3 B 822 670
0 B 288 319
2 A 583 576
4 C 192 475
3 B 822 809
0 B 288 319
2 A 583 576
4 C 192 475
4 D 192 191
1 A 1007 1000
1 A 1007 1000
3 B 362 373
0 B 894 529
1 B 1007 1000
3 A 362 373
0 A 894 865
2 C 461 19
2 C 461 19
4 C 817 885
3 B 724 705
1 D 275 575
0 A 865 870
2 B 461 434
4 B 817 846
3 D 724 715
1 C 275 236
0 C 865 870
2 C 428 391
4 A 748 747
1 B 976 120
4 B 748 747
1 A 976 975
2 B 428 391
3 D 616 828
0 C 755 652
3 D 616 828
2 B 732 464
0 D 755 652
1 A 501 290
4 D 901 150
2 A 732 707
0 D 755 652
1 A 501 498
4 A 901 150
4 A 239 557
0 A 203 631
2 D 784 79
1 A 141 138
4 D 239 232
0 A 203 204
2 C 784 751
3 D 743 977
1 A 141 138
3 A 743 792
3 D 743 792
2 A 549 461
2 A 549 546
4 D 125 636
3 D 82 28
0 A 404 394
1 A 317 314
4 C 125 386
0 B 404 403
1 D 317 314
3 D 82 28
4 B 125 386
0 B 791 95
2 B 968 390
3 D 93 418
4 A 229 899
0 B 791 776
3 B 93 418
2 C 968 983
4 C 229 226
1 D 740 6
3 B 93 418
1 D 740 795
1 B 740 795
4 A 64 71
2 D 813 749
3 D 775 994
0 A 332 59
4 A 64 71
2 B 813 722
0 A 332 331
3 D 775 994
1 A 932 167
1 A 932 931
3 D 775 760
1 D 932 931
2 C 168 76
4 D 866 366
3 A 856 863
2 C 168 215
4 B 866 669
0 D 705 219
1 D 132 504
0 C 705 830
1 D 132 379
3 B 105 118
4 B 675 700
2 A 749 373
3 B 105 118
4 C 675 700
2 B 749 746
0 D 90 793
1 C 506 507
0 D 90 793
1 C 506 507
0 C 90 421
1 A 506 389
2 D 746 970
4 C 451 444
2 D 746 789
3 C 191 79
3 C 191 192
4 B 451 444
3 B 191 192
1 A 329 416
1 C 329 334
0 C 575 576
0 D 575 576
4 B 383 352
2 A 32 287
3 B 264 279
0 D 575 576
4 A 383 352
2 A 32 39
3 B 264 279
1 B 132 569
1 B 132 155
2 A 863 856
0 B 804 120
2 D 863 856
4 D 777 697
0 B 804 827
3 C 412 680
4 C 777 697
3 B 412 680
4 C 777 758
3 B 412 483
1 D 570 965
0 C 820 661
1 A 570 965
2 C 355 278
4 C 9 118
3 B 634 569
0 A 820 843
2 C 355 284
4 D 9 118
3 B 634 613
1 A 136 143
1 A 136 143
0 C 741 692
4 A 100 551
2 C 13 108
4 A 100 99
3 B 621 455
0 B 741 666
1 B 214 981
2 C 13 114
3 C 621 626
1 B 214 201
2 D 13 114
0 B 405 823
3 B 462 327
3 B 462 465
2 C 230 898
4 D 608 283
2 C 230 153
1 C 811 852
0 B 133 895
4 D 608 927
0 C 133 154
1 C 811 852
3 B 95 110
1 A 811 852
3 B 95 64
4 A 824 892
4 A 824 831
0 C 482 413
2 B 161 190
0 D 482 413
1 D 256 323
1 B 256 323
3 D 992 947
2 A 22 17
2 A 22 17
3 D 992 543
4 C 223 916
0 C 46 173
4 D 223 160
1 D 965 862
0 A 46 173
0 A 861 81
1 A 965 862
3 B 361 374
0 A 861 858
2 B 76 448
3 B 361 374
1 A 412 219
4 B 635 392
2 C 76 83
4 B 635 612
1 B 412 411
4 B 635 612
0 D 803 475
0 C 803 475
1 D 935 767
2 C 282 530
3 C 311 204
1 D 935 600
3 D 311 328
2 A 282 357
4 A 601 239
4 C 601 606
0 D 950 230
2 A 263 546
0 D 950 230
2 A 263 256
1 A 197 834
3 D 851 684
0 B 950 585
3 C 851 684
1 A 197 194
4 B 627 465
1 A 327 320
0 B 251 729
4 B 627 620
0 A 251 228
1 D 327 320
2 A 882 606
2 A 882 885
3 C 69 540
3 A 69 540
3 A 69 58
1 A 619 578
0 C 415 641
1 A 619 620
4 B 360 345
0 B 415 641
3 A 543 536
0 B 415 480
4 B 360 375
3 C 543 536
1 A 852 512
1 A 852 512
2 D 874 242
0 A 361 269
2 C 874 377
0 A 361 366
2 C 874 661
3 D 74 80
4 B 50 956
1 B 833 144
3 C 74 259
4 C 50 45
1 B 833 862
3 B 74 437
0 A 481 955
2 C 91 36
0 A 481 486
2 D 91 36
2 A 91 36
3 B 311 796
4 A 511 39
3 B 311 296
4 C 511 504
2 A 130 222
0 D 719 160
0 A 719 160
1 A 611 612
1 A 611 612
2 B 130 133
0 C 719 160
1 A 611 612
4 C 367 272
0 C 936 757
2 D 722 191
1 B 790 777
4 A 367 272
0 B 936 757
3 C 126 1
3 C 126 1
2 B 722 813
4 B 641 137
3 A 126 1
0 C 739 386
4 B 641 670
2 A 843 844
1 A 501 498
0 C 739 386
1 A 501 498
2 C 843 844
3 B 265 278
0 A 739 668
3 C 265 278
4 B 111 112
4 B 111 112
2 A 315 848
0 A 273 332
1 A 561 426
2 A 315 316
0 D 273 278
1 B 561 566
3 A 24 86
4 A 962 963
3 A 24 31
4 A 962 965
1 B 468 459
2 D 878 459
1 B 468 459
2 D 878 459
0 A 792 799
3 B 27 811
2 D 878 657
0 D 792 799
3 A 27 4
4 B 188 190
1 A 873 878
4 C 188 163
2 D 768 923
1 C 873 878
3 A 966 961
2 B 768 923
0 D 131 912
3 D 966 961
0 C 131 894
4 C 811 852
2 C 750 961
4 C 811 852
3 A 981 978
1 D 292 623
2 C 750 657
1 A 292 623
0 C 878 833
3 D 981 978
0 D 878 833
4 A 336 596
2 C 551 340
1 A 44 43
4 D 336 343
1 B 44 43
3 A 983 64
2 C 551 600
3 A 983 976
0 A 678 621
0 A 678 673
1 D 1023 841
2 D 988 669
4 B 186 9
3 A 759 752
3 B 759 752
4 B 186 165
1 C 1023 512
2 D 988 669
3 B 759 752
0 C 676 167
3 B 567 747
4 A 501 448
1 A 3 691
3 B 567 552
4 B 501 498
0 C 676 731
2 D 749 923
1 A 3 4
2 D 749 923
2 D 749 786
3 B 454 485
4 D 988 626
0 C 617 534
1 B 491 500
4 A 297 547
0 D 617 534
2 C 689 376
4 D 297 302
3 D 466 45
2 B 689 718
2 B 689 718
3 D 466 45
0 D 652 463
1 C 426 469
0 D 652 883
1 C 426 469
2 B 620 627
4 C 838 347
3 D 392 946
4 A 838 825
3 D 392 946
0 A 978 981
3 C 392 119
2 A 437 699
0 B 978 981
2 B 437 434
4 B 390 147
1 D 442 69
4 C 390 409
1 D 442 69
3 C 151 598
1 D 442 69
3 C 151 232
0 D 538 688
2 C 122 248
3 D 151 232
0 C 538 997
4 A 597 266
2 C 122 5
4 B 597 594
1 B 693 682
3 D 163 762
1 B 693 682
0 B 278 393
3 C 163 348
2 B 61 961
0 D 278 265
2 C 61 34
4 C 1005 176
4 C 1005 176
3 C 410 220
4 B 1005 914
1 A 385 390
0 B 588 513
1 A 385 390
3 D 446 485
0 B 588 595
2 A 740 525
2 A 740 739
4 D 352 77
3 B 894 702
4 D 352 159
1 B 400 341
0 C 553 393
4 C 352 159
1 B 400 399
0 C 553 598
2 C 360 231
3 D 649 71
2 B 360 279
4 C 373 116
3 D 649 886
1 B 318 289
0 A 799 539
1 D 318 289
2 A 665 498
4 A 373 266
0 D 799 792
2 A 665 670
3 A 956 768
3 A 956 955
3 A 956 955
1 B 775 323
4 D 177 976
0 B 419 551
1 B 775 792
2 A 68 379
4 D 177 976
0 B 419 444
2 A 68 67
4 C 177 334
3 C 183 30
3 B 183 30
1 C 448 1008
3 C 183 200
0 D 139 948
1 B 448 1008
0 C 139 948
4 C 378 500
1 B 448 447
4 C 378 261
3 C 10 825
1 B 518 494
3 A 10 825
3 A 10 117
0 C 203 71
2 D 207 490
0 C 203 180
2 D 207 490
3 A 764 546
4 D 394 860
2 D 207 304
0 D 694 180
3 B 764 763
4 B 394 860
4 B 394 117
1 C 939 866
2 B 686 747
3 A 681 534
4 B 682 840
1 C 939 866
2 B 686 689
3 A 681 686
4 B 682 693
0 C 841 400
0 A 841 400
0 C 811 822
1 B 564 146
3 A 23 16
1 B 564 555
3 A 23 16
2 D 286 509
4 C 962 160
2 A 286 225
4 C 962 957
0 D 3 922
3 B 691 684
0 D 3 922
2 A 277 541
3 B 691 684
0 D 3 508
1 D 44 467
2 C 277 274
4 A 86 171
1 D 44 467
4 A 86 171
1 A 44 467
4 A 86 81
3 B 460 467
0 D 50 461
3 A 460 467
0 C 50 461
2 D 222 73
1 A 258 261
4 A 288 558
2 B 222 586
1 A 258 261
3 B 312 1018
4 A 288 295
2 B 222 289
3 C 312 295
0 C 191 626
1 B 199 275
2 B 228 761
0 A 191 626
1 C 199 216
2 A 228 251
3 B 106 352
0 D 992 192
4 C 636 382
3 B 106 117
4 C 636 515
2 A 284 283
3 B 363 372
1 C 71 462
0 C 69 977
1 C 71 56
0 C 69 58
4 C 954 600
2 A 600 607
2 A 600 607
4 C 954 965
3 A 634 766
3 B 634 637
1 D 270 476
4 B 954 965
1 B 270 241
2 A 860 859
2 A 860 859
0 D 830 934
3 B 134 153
0 A 830 934
4 A 228 1023
4 C 228 227
3 C 134 153
0 C 830 705
1 D 843 932
2 A 854 849
1 A 843 932
4 A 31 908
0 C 750 268
3 C 454 365
0 C 750 657
4 A 31 24
1 A 468 467
2 B 401 740
0 C 750 657
3 B 454 441
1 A 468 467
2 A 401 398
3 D 164 441
4 D 841 582
1 B 739 951
4 A 841 582
2 C 469 428
3 C 971 476
3 A 971 948
2 C 469 426
0 C 461 631
0 A 461 434
4 A 978 547
1 A 466 469
4 D 978 981
0 A 735 434
1 D 466 469
3 A 455 448
0 C 735 728
2 C 389 182
3 A 455 448
2 A 389 182
2 A 471 506
4 D 568 96
1 C 421 353
0 C 376 263
3 C 718 593
4 C 568 96
1 B 421 474
3 C 718 689
0 C 376 263
2 C 945 490
3 A 569 574
3 A 569 574
4 A 927 974
4 A 927 920
0 A 278 204
1 D 797 574
2 B 945 490
1 C 797 574
0 A 278 273
0 A 278 273
1 B 797 738
1 D 797 738
2 B 640 671
3 A 358 353
2 D 640 671
3 C 358 353
4 B 108 819
4 B 108 115
1 D 78 613
1 D 78 613
0 C 5 108
0 A 5 122
4 B 601 932
2 D 13 919
3 C 458 301
4 D 601 582
2 D 13 498
3 C 458 437
1 C 254 353
1 C 254 129
0 C 431 158
2 C 849 610
0 C 431 464
3 A 42 904
4 C 419 717
0 C 431 464
4 B 419 717
3 A 42 45
2 B 308 814
4 B 373 476
2 B 252 299
0 A 736 783
2 B 252 227
4 A 373 362
0 B 736 743
3 B 889 789
1 D 98 799
3 D 889 870
1 D 98 413
2 C 400 780
4 B 702 905
0 B 211 183
4 B 702 673
1 D 98 413
0 D 211 204
2 C 400 780
1 A 109 154
2 C 800 763
3 D 619 500
1 C 109 106
4 A 554 460
0 D 653 725
2 C 800 863
3 A 619 916
0 D 653 882
0 D 653 882
3 B 878 457
4 A 151 31
1 C 237 520
2 D 438 1005
4 A 151 144
3 B 878 881
1 A 237 263
2 B 438 1005
0 C 315 45
1 A 77 187
2 B 90 69
3 A 545 550
0 C 315 45
1 A 77 74
0 C 315 324
2 B 90 69
3 B 545 550
4 C 483 987
4 D 483 412
3 B 667 472
1 B 522 533
4 D 483 412
2 D 188 278
0 C 484 411
3 B 667 644
2 C 188 278
0 C 484 411
4 D 639 447
1 C 259 219
3 A 502 981
4 A 639 896
2 D 225 755
3 A 502 497
0 C 161 222
2 B 225 286
1 A 259 219
0 C 161 222
4 A 670 1002
4 C 670 665
1 A 358 224
0 D 161 222
1 C 358 353
2 B 989 256
2 B 989 962
3 C 444 469
0 B 870 444
3 C 444 451
4 C 874 419
1 D 346 1021
0 B 870 889
4 C 874 789
2 A 46 698
1 D 346 165
2 A 46 41
4 A 874 789
1 A 346 165
1 A 18 21
3 C 409 937
3 C 409 937
4 C 209 74
3 C 409 486
2 A 956 472
0 A 134 129
0 B 134 129
4 A 209 174
2 A 956 955
1 C 319 91
3 B 319 615
3 D 319 288
4 A 287 843
0 B 210 205
1 C 319 320
2 B 904 659
0 C 210 205
4 D 287 280
2 B 904 919
1 A 907 331
1 A 907 908
4 A 726 347
3 C 121 594
3 C 121 594
4 B 726 721
0 C 123 633
2 D 819 231
2 C 819 231
0 C 123 633
0 C 123 4
4 B 31 0
2 C 819 716
3 B 923 297
4 B 31 0
1 D 40 471
3 A 923 900
1 B 40 471
2 A 170 635
1 A 814 471
4 B 826 805
2 C 170 173
4 B 826 805
0 D 795 493
0 D 795 740
3 C 204 97
3 C 204 179
0 A 795 740
1 C 420 866
3 B 204 179
1 B 420 866
1 B 420 475
2 D 877 675
0 A 236 661
0 A 236 235
3 A 838 194
2 D 877 675
3 A 838 833
4 A 481 398
1 C 551 357
4 A 481 486
1 B 551 357
1 B 551 600
2 C 252 647
2 A 252 647
3 D 217 271
1 B 277 266
0 C 867 350
1 C 277 266
3 D 217 294
4 B 122 926
0 A 867 796
2 C 505 619
0 A 729 140
2 C 505 619
0 A 729 734
1 C 732 675
3 C 990 566
2 C 505 390
1 B 732 675
3 C 990 929
4 C 306 333
4 C 306 333
1 A 857 702
4 D 306 333
2 C 333 821
0 D 632 621
2 D 333 306
3 A 752 759
0 D 632 903
1 A 279 272
4 D 652 674
3 A 752 759
1 B 279 272
4 D 652 674
4 A 652 883
2 D 816 158
0 B 745 544
2 A 816 158
0 B 745 758
1 C 138 360
2 A 387 719
4 A 429 426
1 D 138 245
1 D 138 245
4 A 429 426
3 A 903 967
3 C 903 896
4 A 219 518
2 D 1012 457
0 A 983 976
1 A 604 445
4 A 219 220
2 D 1012 457
3 D 872 950
0 B 983 976
1 A 604 603
3 D 872 663
4 A 843 844
4 A 843 844
0 B 1022 993
3 C 872 663
1 A 809 159
0 B 1022 993
1 B 809 814
2 B 690 573
2 D 690 685
3 B 697 550
4 A 412 285
1 B 527 528
3 A 697 678
4 B 412 411
1 B 527 528
2 B 42 647
0 C 345 783
2 B 42 53
4 B 915 752
0 B 345 316
3 C 215 753
3 C 215 753
1 A 271 919
0 D 986 506
1 D 271 264
2 B 393 406
2 B 393 406
0 D 986 506
4 C 753 380
4 C 753 654
1 B 90 239
0 B 811 353
1 B 90 69
3 C 297 203
2 D 678 230
3 C 297 342
4 C 520 660
2 B 678 857
4 A 520 631
3 C 297 342
0 A 204 203
1 A 274 116
2 B 624 623
0 A 204 203
1 B 274 277
2 D 624 623
4 A 412 733
3 B 928 404
4 A 412 733
3 B 928 404
4 A 412 411
3 C 928 959
1 A 811 812
1 A 328 812
2 D 194 658
1 B 328 335
3 A 807 262
0 D 603 535
2 D 194 317
4 B 127 96
4 C 127 96
3 D 807 800
0 D 603 932
0 D 603 932
1 D 69 306
2 A 682 486
1 D 69 442
2 A 682 685
3 D 231 85
1 B 69 442
4 C 483 412
3 B 231 85
0 D 965 570
4 C 483 412
3 C 717 280
0 C 965 570
0 D 965 570
1 A 950 295
1 A 950 945
4 C 41 86
4 C 41 86
3 D 188 673
2 B 156 447
4 D 41 86
0 C 679 921
3 B 188 323
2 C 156 131
0 C 679 728
0 C 679 728
1 D 120 268
3 A 792 413
4 D 797 738
1 B 120 268
3 C 792 799
4 D 797 738
2 A 943 81
4 A 797 738
2 A 943 936
0 D 441 485
0 C 441 485
1 C 99 244
1 C 99 28
4 A 608 611
2 B 815 816
3 C 779 386
4 A 608 615
3 C 779 884
2 D 815 816
0 C 442 295
3 B 779 884
0 C 442 453
4 B 519 612
1 C 276 95
4 B 519 536
1 C 276 95
3 D 629 783
2 B 35 60
0 C 572 800
2 B 35 60
3 B 629 906
0 C 572 579
0 C 572 579
1 A 759 366
3 A 415 160
1 A 759 230
2 B 16 15
3 B 415 160
4 B 590 217
2 B 16 15
4 A 590 593
3 A 81 10
1 C 164 219
0 D 1000 420
3 B 81 71
4 A 403 404
0 B 1000 420
0 B 1000 535
2 A 716 715
4 D 403 404
1 B 164 219
2 A 716 715
0 B 609 638
3 D 869 242
1 B 19 120
1 B 19 12
3 D 869 242
2 C 569 597
4 D 202 600
0 B 523 853
2 C 569 582
4 A 202 600
2 B 569 582
0 A 523 532
1 B 22 192
1 B 22 9
4 A 230 225
3 C 851 244
4 A 230 225
0 B 87 780
3 C 851 244
2 B 112 111
0 C 87 72
3 C 851 812
2 D 112 111
1 B 311 586
1 B 311 296
4 C 882 711
3 C 153 230
4 D 882 781
0 C 157 387
3 D 153 230
2 A 522 525
0 A 157 387
2 A 522 525
4 A 370 959
1 B 698 699
4 A 370 373
1 A 698 677
3 C 693 200
0 C 1016 630
0 C 1016 630
3 B 693 714
2 C 756 120
3 B 693 714
1 A 934 929
4 A 352 359
1 A 934 929
4 A 352 359
2 B 756 120
3 B 118 105
0 D 1011 121
3 B 118 105
0 B 1011 121
2 B 435 829
0 B 187 524
2 C 435 428
1 B 210 72
4 A 247 240
1 A 210 72
4 B 247 240
0 B 957 930
3 B 59 216
0 B 957 930
2 A 107 71
3 B 59 36
2 C 107 108
4 B 29 2
1 C 335 895
4 B 29 2
1 C 335 895
3 A 432 803
0 D 257 677
1 C 335 304
3 A 432 439
0 B 257 254
2 A 19 681
0 B 257 254
4 A 762 84
2 C 19 20
3 A 511 504
4 C 762 765
3 A 511 504
0 B 177 174
1 B 21 886
0 C 177 174
1 D 21 10
2 B 194 384
2 B 194 221
3 A 978 981
4 A 879 118
3 A 978 981
4 A 879 872
2 A 970 63
1 D 857 909
1 D 857 909
0 C 377 884
1 B 857 678
3 B 467 484
0 A 377 884
3 B 467 460
4 C 170 988
2 A 2 811
1 B 784 783
2 C 2 5
4 C 170 988
0 A 272 211
1 A 784 783
4 C 170 213
0 A 272 279
3 B 636 508
2 A 309 119
4 B 693 829
2 A 309 306
1 B 507 489
3 C 636 611
4 D 693 682
1 A 507 484
1 A 507 484
0 D 89 30
0 D 89 30
1 A 331 332
3 C 113 14
0 A 89 422
1 D 331 332
2 B 292 315
3 B 113 14
4 D 403 999
2 B 292 315
4 D 403 108
0 A 529 534
4 D 403 108
3 B 545 789
0 C 529 534
1 B 16 87
3 B 545 574
1 C 16 15
2 D 348 186
4 B 686 262
2 D 348 163
2 B 348 163
3 D 435 409
0 B 424 107
1 A 158 206
3 A 435 76
0 B 424 439
1 A 158 153
4 D 1 348
2 A 238 976
2 A 238 233
4 A 1 348
3 D 118 544
1 A 669 666
0 C 733 3
1 C 669 666
3 D 118 544
4 B 709 81
0 D 733 674
2 A 777 406
0 D 733 674
4 B 709 730
2 A 777 782
2 D 777 782
1 B 184 572
3 D 164 347
1 B 184 167
3 C 164 347
4 B 932 955
3 B 164 347
2 A 152 3
4 C 932 955
0 D 363 323
2 B 152 159
0 A 363 323
0 B 363 148
3 B 63 32
2 B 214 201
3 B 63 32
0 B 310 279
2 B 214 201
4 D 427 261
0 B 310 297
1 D 364 860
4 C 427 261
1 D 364 860
4 C 427 84
1 D 364 147
3 B 233 246
2 C 932 75
2 C 932 75
1 D 347 821
4 C 587 147
0 D 754 272
4 A 587 564
1 B 347 164
3 D 402 818
2 B 688 687
0 D 754 781
2 C 688 687
4 A 330 333
3 D 402 109
3 D 402 109
1 B 752 751
4 C 330 333
1 C 752 751
0 D 927 316
2 B 871 431
3 A 841 103
0 C 927 608
2 B 871 888
0 C 927 608
3 C 841 846
4 C 957 962
1 A 381 569
2 B 9 22
4 A 957 962
0 B 880 283
1 C 381 378
2 D 9 22
3 C 923 278
0 A 880 879
4 A 126 520
4 C 126 121
3 D 923 278
1 C 549 308
0 C 247 1017
2 D 732 803
1 A 549 602
0 C 247 136
3 A 544 551
2 B 488 803
3 A 544 551
4 A 203 684
4 D 203 204
1 D 161 630
3 A 958 450
0 C 35 66
1 A 161 630
2 B 958 816
0 A 35 92
3 A 958 953
4 A 127 650
2 C 958 929
4 A 127 120
1 A 319 763
4 A 127 120
1 A 319 763
0 C 523 201
0 D 523 201
2 C 97 30
4 D 1019 879
3 C 337 81
1 C 460 723
2 D 97 30
3 B 337 302
4 C 1019 516
1 D 460 435
3 B 365 370
0 D 345 166
0 D 345 166
3 C 365 370
2 A 744 468
4 B 417 565
2 C 744 751
0 D 345 166
4 B 417 446
1 D 431 607
1 D 431 607
3 B 356 960
0 A 395 18
2 B 527 480
4 C 487 544
0 C 395 396
2 B 527 528
4 B 487 544
1 B 242 237
1 B 242 237
4 B 799 408
4 B 891 768
3 C 777 872
3 C 777 886
2 C 97 30
3 A 777 886
0 C 398 125
2 C 97 30
4 B 192 511
0 C 398 497
1 C 613 207
0 B 398 497
1 D 613 207
3 C 383 408
1 D 613 538
3 C 383 408
2 C 333 156
3 A 383 256
0 B 190 161
0 B 190 161
2 D 333 306
1 D 361 586
3 A 337 342
4 B 192 260
3 D 337 342
4 C 192 223
1 B 361 586
1 B 623 796
2 C 218 720
0 B 212 203
2 C 218 398
1 B 623 624
3 B 358 395
2 D 218 165
0 D 212 203
3 B 358 377
4 D 717 588
4 D 717 588
1 A 552 1016
4 A 717 818
1 A 552 559
2 B 150 177
0 B 16 83
2 B 150 137
3 B 971 593
0 B 16 15
2 B 150 137
0 D 16 15
3 D 971 593
3 D 971 980
4 A 190 185
4 A 190 185
4 A 190 185
1 A 568 575
3 C 363 126
2 A 651 716
1 C 568 575
4 A 802 199
0 C 548 574
3 B 363 276
2 A 651 652
4 B 802 805
0 A 548 574
0 D 548 603
1 A 659 835
3 B 535 520
1 B 659 835
3 D 535 520
4 C 51 796
4 C 51 796
0 D 733 305
4 A 51 76
0 B 733 802
2 D 230 279
1 A 891 576
1 A 891 892
2 B 230 281
3 D 652 883
4 A 891 730
0 B 929 958
2 D 230 281
3 C 652 883
4 C 891 892
0 C 929 958
3 B 652 883
1 B 159 439
2 D 308 156
3 B 77 12
4 B 242 895
2 D 308 203
3 D 77 82
0 D 652 753
4 C 242 237
0 C 652 753
1 A 675 414
0 C 652 883
2 B 431 432
1 A 675 676
2 C 431 432
3 B 945 746
3 B 945 942
4 D 439 552
4 B 439 552
1 A 311 304
0 C 93 224
1 A 311 304
0 A 93 247
2 C 325 692
4 B 195 192
3 A 93 233
2 C 325 314
3 A 93 90
4 A 195 220
1 B 83 382
1 D 83 76
0 C 279 940
4 A 157 980
0 B 279 940
2 A 820 647
0 B 279 360
4 D 157 154
3 B 589 594
1 A 518 1006
3 D 589 594
2 B 350 660
1 A 518 513
0 D 849 333
2 B 350 321
4 A 377 1006
0 D 849 333
0 D 849 686
4 D 377 382
1 A 661 150
1 D 661 658
3 D 381 729
3 D 381 729
2 A 405 402
3 C 381 130
0 C 155 720
2 C 405 402
1 B 572 587
4 C 323 316
0 D 155 228
4 C 323 316
3 B 13 18
2 B 519 833
3 B 13 18
0 B 349 673
1 B 448 399
2 B 519 536
4 B 27 951
1 D 448 479
0 C 349 322
4 D 27 4
4 D 27 4
3 B 342 329
3 B 342 329
2 B 386 413
0 C 214 434
1 C 271 595
1 C 271 368
2 A 386 413
0 C 214 169
4 B 531 803
4 B 531 524
1 B 271 368
3 D 239 1015
2 A 520 527
3 D 239 1015
1 B 419 444
2 C 520 527
4 B 858 837
3 C 239 272
1 D 419 444
0 D 24 737
4 D 858 837
0 D 24 737
2 D 350 276
3 C 922 518
1 D 964 97
4 A 517 450
2 A 350 161
3 A 922 997
4 B 517 514
1 D 964 571
0 C 378 261
2 A 639 632
3 A 227 682
0 C 378 261
2 B 639 632
0 C 378 261
3 A 227 228
1 D 689 11
4 B 629 618
4 B 629 618
1 B 689 846
2 A 986 299
1 B 689 846
2 C 986 989
0 A 440 1006
3 B 827 804
0 A 440 528
3 B 827 804
4 A 817 822
0 A 440 447
4 A 817 822
1 D 849 246
1 B 849 246
1 B 849 686
2 D 603 387
0 A 737 742
2 B 603 387
3 C 293 436
4 A 172 575
0 B 737 742
1 B 914 909
4 D 172 171
3 C 293 436
1 C 914 909
2 C 929 173
0 D 309 471
4 A 512 184
2 C 929 173
3 C 415 480
0 D 309 202
1 D 875 764
3 C 415 480
1 D 875 764
3 C 415 480
1 A 875 660
2 C 1008 198
2 C 1008 198
2 A 1008 911
1 A 411 412
0 C 823 865
4 A 873 847
1 A 411 412
4 B 873 878
2 A 688 695
0 C 823 865
0 C 823 840
2 A 688 695
3 C 756 651
1 A 30 111
3 B 756 651
1 A 30 25
3 B 756 651
4 D 29 506
4 B 29 482
0 C 192 713
0 C 192 713
3 A 998 924
2 B 65 63
0 D 192 191
3 C 998 993
2 B 65 94
4 D 590 724
0 B 689 686
1 C 863 847
3 A 635 251
4 D 590 945
1 D 863 800
0 B 689 686
2 B 232 367
3 A 635 636
2 B 232 247
1 D 863 800
4 C 823 652
4 B 823 652
1 D 234 138
2 C 568 390
3 B 357 378
0 C 146 237
2 C 568 583
1 D 234 138
3 C 357 378
0 C 146 237
2 D 568 583
4 C 1016 137
4 D 1016 137
3 C 594 633
1 D 584 675
2 D 170 341
3 D 594 557
0 D 324 257
4 A 557 554
1 B 335 951
2 A 170 341
0 A 324 187
3 A 970 289
2 A 580 579
2 A 580 579
4 B 843 852
1 B 911 613
4 A 843 852
0 D 915 862
1 C 911 912
0 D 915 366
3 A 649 1018
0 D 915 620
3 B 649 654
4 D 453 290
1 D 388 830
0 A 800 182
2 C 728 431
4 A 453 58
1 A 388 123
0 A 800 807
2 A 728 679
3 A 44 607
3 A 44 43
4 A 14 993
2 A 803 804
1 A 456 351
4 D 14 9
2 D 803 804
1 A 456 463
0 C 440 931
0 C 440 931
0 C 440 455
3 B 356 379
3 B 356 379
4 D 213 909
1 C 801 192
2 D 131 416
4 D 213 909
2 A 131 380
1 C 801 862
4 B 213 298
0 D 998 438
0 D 998 537
2 A 133 130
3 A 307 463
0 D 998 537
4 D 967 296
1 C 220 442
4 B 967 568
2 A 28 434
1 C 220 442
3 B 663 648
0 D 459 52
1 B 220 163
2 B 28 27
3 D 663 648
4 B 401 398
0 C 459 52
4 B 401 398
0 C 459 52
2 B 969 706
1 B 10 103
1 B 10 21
2 B 969 982
0 A 226 270
0 A 226 668
3 C 291 152
3 C 291 348
0 D 226 229
3 C 291 348
2 B 273 270
2 D 273 270
4 B 32 63
3 A 291 348
4 A 32 63
1 C 873 802
0 D 643 892
1 C 873 802
0 D 643 892
1 C 873 790
2 D 774 430
3 A 228 488
4 B 136 151
3 C 228 227
4 D 136 151
2 B 774 430
2 A 477 91
1 B 792 775
4 A 681 988
0 C 607 544
0 C 607 544
3 C 343 6
1 A 792 775
2 A 477 474
4 A 681 686
3 C 343 296
0 D 368 544
3 A 343 296
1 A 159 186
1 A 159 152
4 A 256 263
2 B 864 288
4 B 256 263
0 A 111 238
2 A 864 895
3 D 109 424
0 A 111 104
3 C 109 424
4 A 140 919
3 B 109 402
4 A 140 139
1 B 976 61
1 B 976 975
2 D 931 154
2 D 931 604
3 D 9 600
0 C 233 354
3 A 9 502
4 D 474 816
0 D 233 150
4 D 474 37
3 A 765 762
1 D 805 370
2 D 994 541
3 B 765 762
1 A 805 730
2 C 994 541
0 A 982 977
4 A 846 226
0 D 982 977
2 C 994 541
4 D 846 841
3 B 706 733
1 C 810 834
3 D 706 733
0 A 822 84
4 B 206 203
1 B 810 853
2 D 599 693
4 B 206 209
2 D 599 693
2 B 599 936
3 B 609 737
0 B 879 306
1 C 840 710
3 B 609 638
4 B 576 607
0 D 879 880
1 B 840 710
2 B 421 570
4 D 576 607
1 D 840 823
2 B 421 442
3 B 852 843
3 B 852 843
1 D 428 793
0 C 33 610
4 D 318 723
1 C 428 83
2 C 35 611
4 D 318 193
0 A 33 94
2 C 35 92
2 C 35 92
3 C 259 825
3 B 259 825
1 B 222 522
1 A 222 193
0 C 724 533
3 B 681 694
0 D 724 533
4 D 1022 88
3 B 681 694
4 D 1022 131
2 C 114 679
1 A 82 85
4 B 1022 513
2 C 114 13
1 A 82 85
0 C 257 609
3 B 384 955
4 B 430 497
0 A 257 609
3 D 384 415
0 A 257 382
4 A 430 433
1 A 499 500
1 B 499 500
0 A 799 942
2 C 312 657
4 B 382 798
3 B 287 256
0 D 799 792
2 C 312 327
4 C 382 353
2 C 312 327
1 A 813 749
3 B 287 256
1 A 813 810
1 A 813 810
0 A 313 135
0 D 313 318
3 A 483 484
2 A 650 578
4 B 612 404
3 A 483 484
4 B 612 635
1 A 107 312
4 B 612 635
1 A 107 108
0 D 952 998
2 B 510 426
3 A 231 224
0 D 952 998
0 D 952 583
2 B 510 481
3 C 231 224
1 B 434 98
4 D 927 439
0 A 764 12
1 A 434 429
2 A 845 771
4 A 927 608
0 B 764 763
4 A 927 608
2 C 845 842
3 B 222 303
3 C 222 193
1 D 434 415
4 A 834 821
0 B 251 204
1 C 434 77
4 D 834 837
0 B 251 228
2 A 857 229
2 A 857 862
3 B 271 135
3 A 271 272
4 A 505 599
1 B 1017 998
4 B 505 126
1 B 1017 998
2 B 527 142
0 D 500 11
2 B 527 528
3 C 998 95
0 C 500 11
4 B 724 715
3 C 998 95
0 C 500 11
3 D 998 921
1 B 954 320
1 C 954 933
4 A 570 573
0 C 433 911
4 A 570 573
2 D 866 796
3 C 505 156
0 C 433 462
1 A 540 151
2 D 866 669
3 C 505 54
1 A 540 539
4 A 807 113
0 C 842 524
1 B 599 584
4 A 807 800
0 A 978 860
3 C 373 475
1 D 599 584
2 B 297 768
2 D 297 310
3 D 373 266
4 D 677 932
0 A 688 695
4 D 677 932
0 D 688 695
3 D 86 429
1 B 581 329
1 B 581 602
3 D 86 429
2 D 382 238
4 B 794 585
2 A 382 129
0 C 694 80
4 D 794 773
1 A 41 156
3 D 6 505
0 D 694 713
1 A 41 46
3 D 6 505
2 A 950 195
2 A 950 945
2 B 950 945
4 B 793 941
0 D 960 144
4 B 793 774
0 A 960 575
3 B 842 274
2 B 988 433
3 B 842 853
1 C 463 134
2 C 988 963
0 A 800 807
1 D 463 432
1 D 463 432
4 B 606 631
0 A 800 807
4 C 606 577
3 A 872 565
3 A 872 879
2 A 501 498
1 B 792 677
2 A 501 498
1 A 792 775
0 C 642 539
4 C 442 565
0 C 642 765
3 C 944 835
4 D 442 453
2 D 590 553
3 C 944 975
1 D 19 305
2 A 590 945
1 D 19 492
0 A 572 250
3 B 681 76
4 C 649 262
0 D 572 571
3 B 681 694
4 C 649 262
2 D 960 216
4 A 649 758
2 A 960 216
2 C 960 575
3 B 746 757
1 B 200 426
3 C 746 757
4 A 831 856
0 D 42 469
1 D 200 215
4 B 831 824
0 D 42 469
2 C 923 992
0 D 42 469
2 C 923 996
4 B 94 65
2 B 923 996
4 D 94 65
1 C 67 805
3 D 206 446
3 D 206 446
1 B 67 694
2 B 89 157
3 D 206 305
0 B 563 168
4 A 324 633
2 C 89 70
4 A 324 323
0 B 563 556
4 D 324 323
3 A 27 882
1 D 857 262
3 D 27 28
1 C 857 262
0 C 50 536
4 D 287 224
2 C 523 883
4 B 287 224
0 C 50 77
2 C 523 628
3 A 213 12
1 C 801 862
3 A 213 210
1 C 801 862
4 B 841 172
4 B 841 854
0 C 560 17
1 C 801 862
0 C 560 17
0 C 560 591
2 C 731 496
2 C 731 496
1 C 533 81
2 D 731 676
3 D 269 242
1 C 533 618
3 D 269 242
4 D 804 731
0 C 286 974
4 D 804 731
0 C 286 353
2 D 195 316
2 B 195 316
3 A 425 917
1 D 423 984
4 B 152 482
3 D 425 430
4 D 152 135
1 D 423 984
2 B 609 260
2 B 609 638
1 B 423 88
0 C 838 216
3 B 919 774
0 C 838 216
1 B 664 444
4 D 106 405
0 C 838 825
1 B 664 647
4 A 106 405
2 B 355 637
2 D 355 380
3 A 185 937
3 D 185 190
4 A 404 403
1 A 78 757
1 A 78 73
0 D 842 459
4 A 404 403
0 D 842 693
2 C 529 326
3 D 633 746
2 D 529 326
4 A 735 127
3 B 633 746
4 D 735 728
3 B 633 902
1 C 327 312
0 A 95 187
0 A 95 88
1 A 327 312
2 D 365 181
2 D 365 146
3 D 480 544
4 D 605 930
2 D 365 146
3 D 480 544
4 A 605 930
1 A 781 778
3 B 480 31
4 C 605 930
1 A 781 778
1 A 781 778
0 D 598 779
0 D 598 779
4 C 739 127
0 A 598 937
3 B 913 910
1 A 648 655
2 B 851 929
3 A 913 910
1 A 648 655
2 B 851 844
4 B 739 127
0 A 293 290
0 A 293 290
3 A 505 275
3 A 505 510
4 C 34 985
4 A 34 93
1 C 990 329
2 D 178 938
1 B 990 929
2 B 178 333
0 C 774 101
4 A 134 876
3 B 335 336
3 B 335 336
0 D 774 889
4 A 134 129
1 C 677 236
2 C 59 304
1 B 620 236
2 D 59 304
1 D 620 627
3 A 478 204
0 C 828 791
3 A 478 473
0 C 828 835
4 D 502 9
0 C 828 835
2 C 359 524
1 C 243 790
4 A 502 9
2 C 359 280
3 B 874 197
1 B 243 140
3 C 874 885
4 A 625 959
1 B 182 889
4 B 625 630
0 D 59 93
3 A 827 198
2 B 414 385
2 A 414 385
0 B 59 93
3 D 827 828
4 B 341 330
0 D 59 452
1 B 732 707
4 B 341 330
1 B 732 707
1 B 732 707
2 A 422 650
0 D 767 575
2 C 422 417
0 A 767 575
3 D 455 56
0 A 767 768
1 B 814 817
3 B 455 56
1 B 814 817
3 C 455 56
4 C 580 252
0 A 240 247
2 C 121 6
4 C 580 252
0 B 240 247
2 C 121 6
4 D 580 571
2 C 121 6
3 C 507 164
3 C 507 164
0 A 385 901
3 B 507 388
0 D 385 390
2 C 839 824
4 B 477 703
2 C 839 824
3 B 335 84
4 B 477 450
2 D 839 824
1 C 557 4
3 B 335 336
1 B 557 594
1 B 340 594
0 D 905 94
1 B 340 331
0 A 905 523
2 B 582 693
2 A 582 601
3 B 238 210
0 A 368 691
4 C 24 210
3 B 238 241
1 A 78 73
0 B 368 691
4 C 24 103
1 B 78 73
2 A 494 489
4 C 24 103
2 A 494 489
3 A 415 790
3 A 415 408
0 D 536 184
0 D 536 184
1 C 104 617
3 A 964 963
4 D 91 494
1 A 104 23
3 A 964 963
1 A 104 23
2 C 187 196
4 D 91 494
4 C 91 420
0 B 342 495
0 C 342 329
2 A 58 196
1 A 562 565
1 A 562 565
2 A 58 61
3 D 993 1002
0 A 936 596
3 A 993 1002
4 D 612 28
2 A 463 456
3 B 993 542
4 D 612 28
1 B 965 994
1 B 965 986
4 D 612 923
3 B 325 4
3 B 325 346
0 A 154 245
0 A 154 157
2 A 1007 659
3 C 325 346
0 C 154 157
2 A 871 659
2 A 871 864
4 B 201 296
3 B 688 353
4 A 201 214
1 B 517 558
3 C 688 687
0 D 399 437
1 C 517 538
0 B 399 437
2 A 254 167
0 B 399 112
4 A 831 824
2 A 254 249
4 A 831 824
0 B 114 109
3 D 320 687
0 D 114 109
3 D 320 687
1 C 622 998
3 C 320 191
2 B 379 356
1 C 622 998
1 C 622 529
0 A 476 836
0 A 476 475
3 A 741 332
4 A 815 808
0 D 476 475
3 A 741 738
4 D 815 808
1 A 633 638
2 B 816 124
1 A 633 638
1 A 633 638
2 B 816 571
0 A 293 773
0 A 293 290
3 B 555 0
4 C 450 459
0 C 293 290
1 B 974 669
4 C 450 120
3 B 555 564
1 B 974 977
4 B 450 445
0 D 553 139
3 C 613 505
2 D 698 717
4 B 133 154
0 B 553 982
4 A 133 154
2 B 698 837
3 A 613 538
1 D 929 288
1 D 929 606
0 B 5 26
3 A 15 948
2 C 275 962
0 B 5 26
3 A 15 8
4 D 921 703
2 D 275 364
4 C 921 614
1 C 554 895
4 C 921 614
1 C 554 895
0 A 934 929
0 C 934 929
1 D 554 597
3 A 920 73
4 A 555 80
2 D 1006 529
3 A 920 927
2 D 1006 529
4 B 555 556
1 D 594 715
0 A 109 106
1 B 594 715
1 B 594 941
2 D 149 861
0 A 109 106
3 A 648 493
2 C 149 861
4 B 679 948
3 A 648 655
4 B 679 696
1 B 461 466
0 B 608 17
1 D 461 466
0 B 608 639
4 B 172 179
2 C 564 666
3 A 940 939
2 A 564 666
4 C 172 179
3 A 940 939
0 A 804 527
1 B 764 739
2 C 622 587
0 D 804 527
1 A 764 739
4 A 660 659
3 D 846 420
1 A 66 69
2 B 491 191
4 A 660 659
0 B 27 186
2 B 491 500
1 C 66 69
3 D 846 420
0 D 27 4
0 D 27 4
2 B 776 378
4 B 958 929
1 C 961 351
4 B 958 929
1 C 961 958
3 C 298 169
0 B 61 213
0 B 61 213
3 C 298 169
0 B 61 34
3 C 298 341
2 C 500 486
1 A 39 186
1 A 39 32
2 B 500 486
4 B 164 881
3 A 597 862
4 A 164 187
2 B 475 452
3 B 597 594
0 B 677 210
2 B 475 452
1 A 350 345
0 A 677 698
1 A 350 345
3 B 903 920
1 A 350 345
4 D 783 394
4 B 783 394
3 B 903 920
0 B 567 143
4 B 783 752
0 B 567 552
2 A 6 199
2 B 6 106
2 C 6 1
4 A 599 869
1 B 832 9
4 A 599 869
1 B 832 172
4 A 599 592
1 B 832 863
2 A 595 139
3 C 571 580
0 A 324 936
2 B 595 809
3 C 571 580
0 C 324 323
3 B 571 580
4 A 42 45
4 C 42 45
2 B 408 391
2 C 408 391
1 D 190 70
3 D 643 890
4 B 124 844
0 D 258 383
1 D 190 321
3 B 643 892
0 D 258 253
2 B 644 386
2 B 644 667
0 D 582 282
1 B 355 380
3 D 298 593
4 D 977 679
0 C 582 953
3 A 298 213
4 D 977 558
2 C 167 333
0 D 858 493
4 B 42 53
2 C 167 216
3 D 316 301
4 B 42 53
0 A 164 677
1 C 568 1009
3 A 316 195
0 A 164 163
1 A 568 583
1 A 568 583
2 A 509 122
3 A 206 983
3 A 206 201
2 A 509 506
4 D 372 564
1 A 495 488
1 A 495 488
4 D 372 564
4 B 372 139
3 D 485 185
0 D 397 193
3 C 485 185
2 A 428 427
0 D 397 203
4 B 889 625
4 B 889 870
2 A 428 427
1 C 38 482
1 C 38 482
3 C 490 404
1 C 38 89
3 D 490 405
0 C 543 608
0 C 543 608
2 C 1 744
4 C 68 408
0 C 543 608
2 D 1 126
3 D 669 654
4 A 68 59
3 D 669 866
1 C 246 478
1 C 246 137
2 D 269 242
4 A 319 312
0 B 636 105
3 B 148 462
4 B 319 312
0 B 636 611
2 B 269 242
1 C 246 137
3 B 148 139
4 B 700 186
2 B 279 264
3 B 41 54
4 B 700 675
1 C 775 284
2 D 279 264
3 A 41 54
0 B 91 806
1 B 775 888
0 C 91 68
1 B 141 888
3 A 844 790
3 A 844 843
2 D 897 668
1 C 768 929
2 D 897 567
0 C 820 406
1 D 768 929
2 C 897 638
4 C 613 538
0 D 820 406
3 B 264 279
4 A 613 538
3 A 264 279
1 D 710 7
2 C 846 643
1 C 710 7
2 D 846 643
0 D 277 234
4 D 146 143
0 A 277 234
3 A 871 864
1 A 308 734
3 B 871 864
2 A 423 427
1 B 308 307
4 D 146 365
2 A 423 416
0 A 217 222
0 A 217 222
4 C 3 407
3 C 362 132
1 C 945 690
3 A 362 132
4 C 3 124
1 B 945 974
2 C 933 726
0 B 218 213
3 A 986 989
3 A 986 989
2 B 933 986
0 D 218 197
2 C 933 986
4 B 664 101
1 C 881 463
4 B 664 647
1 C 881 463
1 C 881 782
3 A 1007 1000
2 C 570 142
0 B 644 360
0 B 644 667
3 B 1007 1000
2 B 570 142
0 D 644 667
4 B 240 114
2 B 570 581
4 B 240 239
2 B 462 663
3 D 911 401
2 B 462 465
1 A 262 602
3 D 911 401
0 D 592 64
4 C 171 105
3 C 911 624
0 B 592 943
1 A 262 257
4 A 171 212
2 A 188 187
0 B 406 75
2 A 188 187
1 A 313 318
0 B 406 75
2 A 188 187
3 C 828 835
3 C 828 835
4 D 535 224
4 D 535 224
3 A 828 835
4 B 535 1000
1 C 68 59
0 D 75 388
2 A 1 6
1 A 68 59
0 D 75 388
3 A 48 440
4 B 57 38
2 D 1 6
3 D 48 55
4 D 57 38
0 D 75 436
1 A 80 87
1 B 80 87
3 B 640 192
3 B 640 671
4 A 123 124
2 C 429 357
2 C 429 357
0 D 813 722
4 D 123 124
1 B 306 301
2 C 429 466
2 D 429 466
0 D 813 722
1 B 306 301
3 A 515 544
3 B 515 516
4 A 587 40
0 B 423 807
0 B 423 440
4 A 587 588
2 A 157 812
0 D 423 440
2 A 157 154
3 B 970 981
3 C 970 981
1 A 755 721
1 A 755 756
4 D 488 234
4 D 488 234
4 D 488 23
0 D 312 199
2 C 826 122
3 C 55 523
0 A 312 199
1 D 837 144
2 A 826 837
3 A 55 72
1 C 837 698
0 A 332 331
0 A 332 331
2 A 517 514
3 A 447 331
2 D 517 514
3 B 447 440
1 B 265 248
4 C 654 406
1 D 265 278
4 B 654 973
0 D 402 80
4 B 161 190
2 D 765 465
3 C 823 246
0 D 402 109
2 D 765 770
1 A 632 81
3 B 823 840
1 A 632 639
2 D 765 770
3 B 823 840
4 B 963 893
0 B 345 573
3 B 59 596
4 C 963 988
0 C 345 326
1 B 292 457
3 B 59 36
1 B 292 315
2 D 315 196
2 D 315 196
2 D 315 196
0 A 920 804
4 C 188 292
3 A 834 159
4 C 188 195
2 C 429 6
1 D 323 658
3 D 834 837
1 D 323 188
2 B 1022 466
1 B 323 188
0 C 763 159
0 C 763 644
0 C 763 644
1 B 972 546
3 D 71 301
1 B 972 979
4 C 3 273
4 C 3 124
3 D 71 301
2 C 526 404
3 B 71 440
4 A 3 124
2 D 526 625
0 B 826 805
2 D 526 625
3 B 5 26
0 B 826 805
3 B 5 26
4 A 719 712
1 D 674 402
1 A 674 402
4 B 719 712
2 A 606 345
1 B 674 861
2 B 606 601
4 B 914 909
3 C 460 959
0 C 589 562
4 B 914 909
1 B 920 675
3 B 460 959
0 C 589 562
1 A 920 903
2 A 508 313
0 C 589 562
2 D 508 507
3 B 389 410
3 C 389 410
1 B 682 346
4 B 448 945
1 D 682 693
4 B 448 479
0 C 780 993
0 C 780 993
2 C 180 80
0 C 780 883
2 B 180 203
3 C 696 272
1 D 570 997
3 A 696 272
1 D 570 997
3 A 696 711
1 D 570 965
0 D 608 593
2 C 881 167
0 A 608 927
2 B 881 782
1 B 518 537
3 D 888 374
4 C 832 79
0 A 753 758
1 A 518 537
3 C 888 647
4 D 832 831
0 A 753 758
3 C 888 647
4 D 832 831
2 B 365 870
2 B 365 370
1 B 678 682
1 B 678 697
3 C 840 933
2 A 156 155
4 C 331 135
0 C 398 922
2 A 156 155
0 C 398 497
3 C 840 823
4 C 331 308
0 D 398 497
1 C 198 185
1 C 198 185
3 C 612 539
4 C 938 284
0 A 927 837
3 A 612 539
2 A 473 912
4 C 938 981
0 A 927 920
2 D 473 478
4 C 938 981
1 A 562 894
3 A 879 216
1 C 562 565
2 A 229 241
2 C 229 226
4 A 959 503
0 D 995 453
4 A 959 952
0 C 995 453
1 C 518 728
1 C 518 967
2 D 933 774
3 D 104 407
2 D 933 602
3 A 104 407
1 B 518 633
4 A 560 567
0 B 488 297
4 A 560 567
0 D 488 503
1 A 260 779
3 B 594 413
1 C 260 259
2 D 159 956
3 B 594 589
0 B 222 705
2 A 159 956
0 B 222 193
2 C 159 352
4 A 398 24
3 B 457 470
4 A 398 393
2 C 743 525
3 A 457 470
1 C 675 580
0 B 450 477
1 C 675 819
2 C 743 525
1 C 675 732
0 C 450 477
3 A 129 134
3 A 129 134
4 A 6 1012
4 A 6 1
2 D 921 494
1 A 523 524
2 C 921 409
1 C 523 524
3 A 1 5
0 D 1023 603
3 A 1 6
4 A 539 540
0 D 1023 603
0 B 1023 512
2 C 836 248
1 A 811 279
2 C 836 248
1 A 811 812
3 A 715 716
4 B 761 434
3 D 715 716
2 A 836 827
4 B 761 742
0 C 50 562
0 C 50 562
0 C 50 77
2 A 885 882
0 C 50 77
2 D 885 882
1 C 116 901
3 D 665 292
1 C 116 901
3 D 665 870
1 A 116 11
0 A 328 335
4 D 693 991
0 A 328 335
2 C 160 489
3 B 761 756
4 D 693 842
2 C 160 223
3 C 761 742
1 C 622 726
2 D 160 223
1 C 622 726
1 C 622 529
0 A 6 883
0 A 6 1
3 D 590 757
2 C 543 885
4 A 536 571
2 C 543 608
3 D 590 945
2 D 543 608
1 B 185 660
1 D 185 166
0 C 232 659
3 D 845 690
4 A 8 336
2 B 184 674
4 A 8 15
0 C 232 659
3 D 845 690
2 B 184 167
1 B 455 753
1 B 455 691
0 D 131 828
0 D 131 411
4 A 40 303
1 B 897 926
1 B 897 926
4 D 40 47
3 A 23 943
2 C 679 352
3 B 23 16
0 D 706 394
2 B 679 352
2 B 679 728
0 B 706 394
4 A 994 679
0 B 706 829
4 C 994 997
1 B 41 757
3 D 458 706
3 D 458 706
2 C 204 929
0 C 147 171
4 A 49 54
2 D 204 179
0 A 147 171
4 A 49 54
1 A 260 395
3 A 772 849
1 D 260 259
3 A 772 771
2 B 319 248
0 C 1 637
4 B 754 429
2 B 319 288
4 C 754 749
0 C 1 637
1 A 401 561
0 A 1 126
3 D 393 903
0 A 988 298
4 C 858 662
3 B 393 903
4 C 858 805
1 C 79 610
2 D 777 654
3 B 158 986
0 A 8 15
1 A 79 610
2 A 777 654
3 C 158 129
1 A 79 48
0 A 8 15
2 B 61 758
1 D 568 137
1 D 568 137
2 B 181 170
3 B 541 839
2 B 181 170
4 C 62 505
3 B 541 514
1 C 568 967
4 D 62 65
2 B 921 902
0 B 685 891
2 D 921 902
1 C 68 488
0 B 685 690
3 C 515 980
1 B 68 488
3 A 515 636
4 D 333 128
2 A 170 56
4 A 333 178
1 B 955 932
2 A 170 173
4 D 333 178
3 D 230 840
3 D 230 840
0 D 554 551
3 A 230 281
4 D 819 651
0 A 554 981
1 D 1004 531
2 C 965 954
4 A 819 716
3 A 783 776
1 D 1004 531
2 B 136 954
3 A 783 776
2 C 136 151
0 C 35 1004
1 B 285 343
0 C 35 1004
4 D 825 123
1 B 285 258
4 D 825 710
3 C 883 191
0 C 35 92
4 D 825 710
2 C 385 510
3 C 883 191
2 C 385 510
0 C 476 419
1 D 455 280
4 D 203 900
0 D 476 419
3 B 165 186
1 D 455 56
4 B 203 308
3 B 165 186
1 D 455 56
2 C 619 532
2 C 619 532
0 C 233 229
4 B 665 729
0 C 233 229
3 B 130 157
4 B 665 646
0 A 233 150
3 B 130 157
0 A 233 150
1 D 835 700
1 B 835 700
1 B 835 700
2 D 293 913
3 A 446 441
0 B 493 149
2 C 293 913
3 D 446 441
0 C 493 498
1 B 181 170
4 A 535 446
1 C 181 170
4 C 535 528
2 B 627 206
0 B 670 805
3 C 795 867
2 B 627 620
4 A 73 1010
1 D 135 540
0 B 670 641
3 B 795 868
4 A 73 78
3 B 795 868
1 C 135 376
1 C 135 376
2 C 948 655
3 D 614 561
0 C 454 451
4 A 119 112
1 C 803 860
2 D 948 971
3 C 614 561
1 A 803 860
0 A 454 441
3 B 573 355
2 C 741 942
1 B 363 27
3 A 573 546
4 A 954 283
0 C 799 956
1 B 363 372
2 D 741 942
0 C 799 956
4 A 954 957
0 C 799 864
3 C 557 377
2 B 403 148
4 A 179 163
2 B 403 396
4 B 179 180
3 A 557 377
3 A 557 377
1 A 13 952
0 B 85 441
1 D 13 10
2 A 223 18
4 B 288 73
0 A 85 74
2 D 223 216
4 B 288 319
3 C 62 65
3 B 62 65
3 B 361 65
0 A 545 550
2 B 101 122
3 C 361 374
1 C 485 944
0 A 545 550
2 A 101 122
1 B 485 944
4 D 16 907
4 A 16 907
0 B 232 535
2 A 975 555
4 A 16 495
0 A 232 247
3 C 839 835
2 A 975 968
1 D 229 695
3 B 839 824
1 B 229 695
4 C 401 511
3 B 839 824
0 A 116 115
0 A 116 115
4 D 401 511
1 B 694 906
3 B 59 972
1 B 694 681
3 B 59 36
2 D 501 19
2 D 501 950
0 D 840 4
4 B 342 935
1 B 237 706
2 B 501 10
0 D 840 4
4 B 342 329
3 D 489 835
1 D 237 242
3 D 489 835
2 B 925 847
4 B 75 84
2 B 925 898
4 C 75 84
0 C 656 995
0 C 656 751
1 C 695 719
3 D 366 926
0 C 656 751
1 C 695 712
3 A 366 145
4 A 163 398
4 B 163 164
2 A 613 729
1 C 532 548
2 B 613 610
3 B 513 531
1 C 532 548
0 C 122 487
0 C 122 5
1 C 532 619
3 B 513 542
4 B 710 729
4 D 710 729
0 B 122 5
2 B 294 639
2 B 294 313
0 B 538 517
1 A 143 532
3 B 54 200
0 B 538 517
3 A 54 41
4 B 372 394
1 B 143 136
2 B 489 502
4 C 372 363
2 A 489 502
0 B 525 530
1 B 990 130
0 A 525 530
1 C 990 130
3 B 865 615
3 D 865 894
4 B 892 345
2 D 72 190
4 B 892 867
1 A 63 344
0 D 653 203
2 B 72 439
1 D 63 56
3 A 495 978
0 C 653 882
0 C 653 882
3 B 495 488
2 B 231 771
2 C 231 248
4 B 108 671
4 B 108 115
0 C 357 282
1 C 852 69
3 D 295 932
0 A 357 282
1 C 852 69
3 D 295 216
1 A 852 811
3 D 295 216
2 A 579 545
4 A 28 304
2 D 579 580
4 A 28 27
0 C 616 422
0 C 616 422
1 B 634 991
3 D 649 886
0 C 616 535
2 A 597 878
3 A 12 886
4 C 577 64
1 B 311 296
2 A 597 594
3 A 12 11
1 B 311 296
4 B 717 64
0 D 270 836
4 B 737 766
0 D 270 241
4 B 737 766
3 C 860 349
3 C 860 803
1 A 661 220
2 A 945 136
1 A 661 658
2 A 945 950
3 A 860 803
0 C 894 599
0 A 894 599
3 A 599 592
3 A 599 592
4 B 783 403
2 A 389 386
3 A 599 592
4 A 783 784
1 A 614 773
0 A 87 80
1 A 614 609
2 A 389 386
1 D 614 609
0 A 87 80
4 A 873 574
2 A 63 56
3 D 912 399
0 A 618 903
1 A 994 997
2 B 63 56
4 A 873 878
3 A 912 623
0 A 618 621
3 D 912 623
1 A 994 997
4 A 867 687
4 D 867 868
3 D 203 867
2 A 892 676
3 A 203 308
2 B 892 891
0 D 963 707
1 C 456 402
4 A 430 807
0 B 963 572
1 C 456 439
3 B 368 160
4 A 430 425
2 B 53 42
3 B 368 367
0 B 254 623
2 C 53 42
0 D 254 225
1 B 569 69
4 A 930 933
1 B 569 550
4 D 930 933
3 C 27 514
2 A 415 28
3 C 27 514
3 A 27 100
0 D 748 477
4 B 510 155
1 C 871 368
4 B 510 481
0 C 748 787
1 C 871 368
3 A 714 717
2 B 185 106
1 A 871 792
3 C 714 717
2 D 185 166
0 C 10 301
0 C 10 301
4 D 814 756
0 D 10 117
1 C 694 526
4 D 814 721
1 C 694 713
3 C 866 646
2 D 992 543
0 B 419 518
3 A 866 797
2 D 863 543
0 C 419 444
4 C 315 7
1 B 430 298
4 C 315 324
0 B 542 901
3 C 895 203
1 B 430 433
4 D 315 324
0 D 542 513
2 C 290 418
3 A 895 768
2 C 290 349
2 C 290 349
1 B 128 159
1 D 128 159
4 D 147 981
0 D 598 425
3 C 587 815
2 A 599 592
4 B 147 364
0 D 598 937
2 B 599 592
3 C 587 564
4 B 110 292
1 B 184 401
4 B 110 113
0 A 728 777
1 B 184 167
2 A 504 138
3 C 928 99
0 A 728 735
2 B 504 511
3 A 928 99
3 A 928 991
4 C 478 834
2 A 681 39
0 C 805 851
4 B 478 834
3 D 199 652
0 D 805 858
1 C 706 155
3 D 199 312
4 B 563 556
1 C 706 155
3 C 199 312
2 A 563 564
4 D 563 556
1 C 706 701
2 A 563 564
0 D 505 281
3 B 274 573
0 A 505 6
3 A 274 269
2 A 409 414
4 A 515 188
1 C 369 861
4 A 515 516
2 D 409 414
1 A 369 270
3 A 171 172
0 D 86 1008
1 A 369 270
0 C 86 1008
2 A 66 391
1 A 390 385
2 A 66 69
4 A 60 59
1 B 390 385
4 C 60 59
3 C 816 248
0 D 412 860
3 C 816 248
0 B 412 860
2 D 82 494
1 B 594 589
4 A 83 673
1 A 594 589
2 B 82 429
4 B 83 84
0 A 321 289
3 B 220 702
0 A 321 326
2 B 847 352
3 A 220 195
2 B 847 848
1 D 567 62
4 D 16 14
0 B 268 740
3 A 958 953
1 B 567 968
4 C 16 14
0 B 268 275
1 B 567 968
4 C 16 495
1 B 68 91
3 B 213 202
1 B 68 91
3 B 213 202
2 D 401 564
4 C 413 403
2 D 401 465
4 C 413 482
0 C 811 852
2 D 401 110
4 C 413 482
0 D 811 852
3 D 21 268
0 D 811 852
1 B 513 627
3 A 21 268
1 A 513 542
3 D 21 490
2 B 624 623
0 A 219 981
2 B 624 623
4 D 313 658
0 C 219 220
3 D 433 457
4 D 313 198
1 C 830 286
3 B 433 78
1 C 830 833
2 B 805 826
1 C 830 833
2 B 805 826
3 A 909 724
4 D 689 448
0 D 1011 984
3 C 909 724
4 A 689 846
0 A 1011 524
4 A 689 846
0 A 1011 524
4 A 675 676
4 A 675 676
0 D 931 217
1 C 734 826
2 D 102 704
3 D 67 519
0 B 931 217
1 A 734 673
2 B 102 704
3 C 67 444
0 B 472 455
2 B 503 488
1 C 36 484
3 C 523 20
4 C 826 267
1 C 36 484
3 B 523 628
4 C 826 962
2 C 522 29
3 B 949 571
0 D 698 837
2 A 522 629
4 C 724 106
0 B 698 837
1 C 248 435
4 B 724 683
2 A 127 120
1 C 248 435
1 C 248 135
3 A 325 357
0 B 939 948
2 A 127 120
3 C 325 322
0 B 939 948
4 A 752 606
4 B 752 759
1 C 683 930
2 B 946 941
3 B 318 920
1 A 683 930
2 A 946 941
3 D 318 289
4 B 366 207
1 A 683 724
0 B 504 487
4 B 366 369
0 B 504 487
1 A 205 315
2 D 579 553
1 C 205 202
2 A 579 553
3 D 875 251
4 B 958 353
3 B 875 660
4 D 958 929
0 D 933 422
3 D 875 660
0 D 933 602
2 A 605 602
0 D 933 602
1 C 25 102
2 C 605 602
4 B 360 905
3 D 356 506
1 B 25 102
4 B 360 375
3 A 356 155
3 A 356 155
0 D 664 871
1 B 211 822
0 D 664 871
4 B 971 980
1 C 211 204
2 C 879 537
3 B 657 66
4 B 971 980
0 D 664 871
2 C 879 537
3 B 657 654
2 D 879 784
1 C 953 966
0 D 652 316
4 B 894 127
3 C 777 565
0 B 652 883
4 B 894 865
2 A 819 820
1 B 953 966
3 C 777 565
2 B 819 820
0 B 396 403
1 B 174 868
0 D 396 403
1 B 174 177
2 D 964 505
3 C 981 151
4 A 493 48
2 A 964 505
3 C 981 938
4 B 493 490
2 A 964 571
1 A 709 706
3 B 981 938
1 A 709 706
0 D 999 992
4 B 478 449
0 D 999 992
2 D 441 903
0 C 999 536
2 D 441 903
3 D 692 322
1 A 455 294
3 A 692 843
4 B 85 57
1 D 455 448
3 C 692 843
4 D 85 74
0 B 582 245
2 B 322 433
0 B 582 601
2 B 322 349
3 C 36 446
3 B 36 446
4 A 494 293
1 D 884 636
2 A 267 59
1 D 884 651
4 A 494 489
2 A 267 268
0 D 245 722
1 C 884 651
0 C 245 266
3 C 587 559
0 C 245 266
4 A 249 254
3 C 587 559
4 D 249 254
3 A 587 564
0 A 873 270
1 C 616 535
2 D 311 751
3 A 154 157
1 D 616 535
2 A 311 200
4 D 457 995
3 C 154 157
0 A 898 221
4 A 457 54
0 A 898 901
1 A 12 245
2 A 534 74
2 D 534 529
1 A 12 11
4 A 537 935
3 B 420 621
4 A 537 542
3 A 420 443
1 A 289 294
0 D 372 760
0 B 372 760
1 B 289 294
0 B 372 139
2 D 305 524
2 D 305 206
0 B 724 715
1 B 873 886
3 D 76 382
4 C 805 607
0 C 724 715
1 A 873 886
4 C 805 858
3 C 76 382
3 C 76 435
4 D 805 858
2 B 796 842
1 D 401 220
0 A 434 437
3 D 248 666
2 B 796 771
4 A 586 303
0 B 434 437
1 C 401 110
3 B 248 263
4 A 586 589
2 B 838 303
3 B 864 380
2 D 838 857
3 A 864 895
4 A 896 903
0 D 137 985
1 C 923 996
0 B 137 985
4 A 896 903
1 B 923 996
0 B 137 374
1 D 923 996
3 C 81 70
0 B 765 647
2 D 854 681
3 C 81 70
1 D 200 512
2 B 854 681
4 D 459 209
1 C 200 311
4 D 459 52
4 D 459 52
0 D 960 447
2 B 151 136
3 B 114 955
0 C 960 447
2 B 151 136
3 D 114 109
1 B 536 987
1 D 536 519
4 D 285 838
2 B 519 536
4 D 285 838
0 B 186 468
2 A 519 536
4 A 285 226
0 A 186 165
3 C 575 271
1 B 627 879
1 A 627 620
4 A 991 984
3 C 575 576
2 A 820 462
3 D 575 576
0 A 793 798
4 A 991 984
2 A 820 819
0 A 793 798
2 A 820 819
0 B 793 798
1 B 520 499
1 C 520 535
2 A 135 128
3 A 299 964
2 A 135 128
3 B 299 300
0 D 667 408
4 C 709 791
0 D 667 408
1 C 825 178
1 A 825 838
4 C 709 698
0 C 667 868
2 B 624 260
3 B 664 647
2 C 624 623
3 D 664 647
1 A 288 536
4 A 506 93
0 D 637 298
1 B 288 295
4 A 506 509
0 D 637 898
0 D 637 898
3 A 669 636
2 C 143 240
1 B 731 391
2 D 143 240
3 A 669 666
1 A 731 708
2 D 143 240
0 A 945 942
0 D 945 950
4 B 663 600
1 B 198 978
4 B 663 648
1 B 198 217
2 D 674 861
2 D 674 861
3 C 698 234
0 C 921 827
3 C 698 709
2 A 674 861
0 B 921 998
4 A 235 236
4 A 235 236
1 B 707 732
2 A 575 601
1 B 707 732
2 C 575 568
3 D 657 411
0 D 381 545
4 C 659 579
3 A 657 878
1 B 443 420
0 C 381 130
1 A 443 420
2 A 767 231
4 D 23 748
2 B 767 760
3 A 843 670
0 C 2 10
3 D 843 844
1 A 512 388
2 B 885 874
0 D 2 10
1 A 512 519
2 C 885 874
4 D 332 271
3 C 751 743
0 C 717 494
4 A 332 179
0 B 717 690
3 A 751 656
1 B 310 297
1 A 310 297
2 A 969 742
4 A 513 518
2 A 969 974
4 B 513 518
3 A 37 589
0 D 814 671
1 A 596 595
3 A 37 34
0 A 814 671
1 A 596 595
4 B 324 676
0 C 814 721
4 A 324 347
2 A 777 694
2 B 777 694
4 A 323 883
0 C 260 71
3 D 355 405
0 C 260 379
3 A 355 156
0 C 260 379
2 D 482 289
1 B 194 424
4 A 375 368
2 C 482 29
1 A 194 221
3 A 668 786
4 A 375 368
3 A 668 667
0 C 575 887
1 A 702 697
0 D 575 687
2 C 557 594
0 D 575 687
3 A 718 713
2 C 557 594
3 A 718 713
2 C 557 594
4 D 200 311
1 A 373 758
4 D 200 311
1 A 373 370
4 D 200 311
0 C 110 918
3 A 758 753
2 C 143 240
3 B 758 753
0 B 110 918
2 C 143 240
2 C 143 240
3 B 122 101
4 D 158 384
3 C 122 101
0 A 506 479
4 B 158 296
1 B 141 146
4 A 158 353
1 B 141 146
4 A 711 956
2 C 200 420
3 A 823 497
4 A 711 704
2 A 200 420
3 A 823 816
1 A 372 399
1 D 372 371
2 A 200 183
0 C 155 490
2 A 669 4
3 A 258 261
0 D 155 490
4 A 680 558
2 B 669 666
3 A 258 261
4 A 680 687
1 A 98 680
1 A 98 101
0 C 866 488
2 D 375 455
1 A 910 905
2 D 375 136
0 D 866 146
1 B 910 905
3 D 68 346
4 B 902 921
3 D 68 443
4 D 902 921
3 C 68 443
0 D 448 842
2 D 378 133
0 C 448 842
1 D 558 418
2 D 378 133
4 A 530 649
3 A 908 337
1 A 135 977
0 B 614 116
3 A 908 907
0 B 614 633
1 A 349 336
4 B 337 324
2 D 499 690
4 B 337 334
1 A 349 346
3 A 81 704
3 A 81 86
2 C 499 12
0 B 756 747
2 A 499 12
0 C 756 747
1 A 858 861
4 D 838 235
3 A 944 951
1 A 858 861
4 D 838 235
3 C 944 951
2 C 641 736
2 C 641 736
0 D 658 100
2 B 641 766
1 A 641 646
3 A 304 286
0 A 658 877
3 C 304 311
0 C 658 877
2 B 631 616
4 D 640 719
2 B 631 616
4 D 640 766
4 B 640 895
0 C 891 835
1 B 747 472
0 A 891 835
1 B 747 756
3 D 59 182
0 A 623 772
3 D 59 118
4 B 850 845
2 B 615 526
4 B 850 845
3 D 59 452
2 B 615 632
1 D 268 304
1 C 268 304
3 D 153 719
2 B 825 806
0 C 940 150
3 D 153 358
4 D 47 464
2 C 825 806
0 B 940 979
4 A 47 464
1 C 529 563
1 C 529 563
0 B 549 715
0 A 549 570
2 B 297 500
4 D 42 286
2 B 297 310
4 D 42 286
3 C 289 172
4 D 42 469
3 B 289 350
1 C 462 816
0 A 662 657
1 D 462 433
0 C 662 657
2 B 667 565
4 C 231 214
2 B 667 644
3 C 994 847
4 B 766 152
1 C 471 89
3 A 994 847
1 D 471 89
0 C 5 122
4 B 766 737
0 C 5 122
3 B 442 374
2 A 886 73
3 D 442 421
2 A 886 881
1 C 79 765
4 D 427 538
1 C 79 48
0 C 605 512
4 B 427 84
0 C 605 546
3 C 1007 240
0 C 605 546
2 C 77 50
3 C 1007 912
2 C 77 50
1 A 906 809
4 D 428 1016
4 D 428 83
0 C 515 2
3 A 459 460
0 B 515 2
3 D 459 460
2 C 670 656
1 C 605 431
2 D 670 737
1 D 605 431
0 B 898 276
4 D 647 888
2 A 85 924
3 D 676 433
4 D 647 888
3 D 676 859
1 D 620 503
3 D 676 859
0 D 64 585
1 D 620 503
4 D 396 390
0 C 64 585
1 B 620 915
4 D 396 115
2 B 859 836
2 D 859 836
0 A 320 685
3 D 633 88
1 C 451 334
3 B 633 902
4 C 884 596
1 C 451 444
0 B 139 148
4 C 884 779
0 B 139 148
4 C 884 779
2 D 718 323
0 B 493 498
2 B 718 45
3 D 565 31
4 B 520 828
0 B 493 498
3 D 565 31
4 C 520 535
3 D 565 970
1 D 371 140
1 D 371 140
2 D 693 95
1 D 371 140
0 A 380 379
2 D 693 95
0 B 380 379
2 A 693 842
4 C 746 350
3 B 12 362
4 C 746 350
4 C 746 661
3 D 12 19
0 B 31 0
1 D 733 478
2 D 716 305
0 B 31 0
1 B 733 802
2 D 716 819
4 D 917 531
3 B 379 472
4 D 917 531
1 A 982 654
4 D 917 618
1 A 982 977
0 A 867 855
0 A 867 868
2 A 785 750
3 D 408 357
2 A 785 790
3 D 408 357
4 B 217 234
4 B 217 198
3 A 408 103
3 A 408 103
1 D 579 545
1 D 579 956
1 C 579 956
2 D 188 386
3 C 52 956
4 A 282 285
0 A 762 663
4 D 282 285
0 A 762 765
3 B 52 75
2 C 188 323
1 D 47 950
3 B 842 337
4 D 396 622
3 C 842 853
1 C 47 464
2 D 217 570
4 A 396 115
0 D 642 893
2 C 217 294
0 A 642 893
1 B 70 635
3 A 16 416
1 A 70 89
4 C 394 978
3 D 16 23
4 D 394 501
2 C 766 871
1 A 307 308
0 C 132 38
1 A 307 308
2 A 680 641
3 A 38 912
0 C 132 251
4 C 297 14
2 D 680 687
3 C 38 33
4 D 297 342
4 A 297 342
0 C 825 838
0 B 825 838
3 C 141 242
1 B 345 326
2 B 804 827
0 B 825 838
4 A 130 113
1 B 345 326
3 D 141 242
2 B 804 827
4 D 130 133
0 B 817 814
4 D 130 133
0 D 817 814
1 B 202 908
3 A 885 184
1 B 202 213
3 A 885 882
4 B 1017 512
2 B 616 222
4 B 1017 998
2 C 616 222
0 C 508 694
4 A 1017 998
1 B 169 182
0 C 508 387
1 B 169 182
3 B 41 54
0 B 508 387
3 B 41 54
2 A 940 65
4 C 967 1016
2 C 940 939
0 A 547 138
4 D 967 952
4 D 967 952
3 C 399 395
1 D 995 926
3 C 399 496
0 B 299 339
1 D 995 540
2 A 255 714
0 B 299 308
2 A 255 248
4 C 222 575
4 A 222 575
4 A 222 161
1 D 92 419
2 B 910 913
3 C 355 629
1 D 92 419
2 D 910 913
0 C 876 587
3 D 355 284
1 D 92 419
4 A 296 303
4 A 296 303
3 D 355 284
0 D 762 787
2 A 244 189
3 B 36 59
4 B 83 359
3 B 36 59
4 B 83 76
0 B 273 914
1 B 544 266
0 A 273 270
1 B 544 575
2 A 80 283
2 D 80 540
4 A 751 476
4 A 751 744
1 A 498 983
3 D 823 712
0 C 679 567
3 C 823 712
1 A 498 501
0 C 679 728
2 D 78 433
3 D 823 712
2 D 78 433
4 C 301 514
2 C 78 433
1 A 957 478
4 C 301 514
3 D 407 989
3 D 407 989
0 B 611 693
2 A 68 176
0 D 611 636
2 B 68 67
1 C 44 373
4 A 336 343
4 B 336 343
1 D 44 373
3 B 294 429
2 B 737 766
3 A 294 313
0 A 420 612
2 B 737 766
4 B 716 723
0 A 420 419
4 D 716 723
1 B 909 990
1 B 909 914
3 A 742 737
3 B 742 737
2 B 605 869
2 D 605 962
0 B 48 47
1 A 892 590
4 D 477 268
3 C 93 172
1 C 892 891
4 D 477 268
3 B 93 172
4 C 477 34
2 D 316 195
0 D 836 467
2 D 316 195
0 D 836 699
3 B 493 498
4 B 411 270
2 A 316 195
1 A 781 342
3 B 493 498
4 C 411 388
1 A 781 778
0 C 836 699
0 A 517 967
2 D 790 42
3 D 342 144
3 A 342 144
2 B 876 42
4 C 600 551
2 B 876 883
1 C 93 169
4 C 600 551
1 A 93 169
4 C 600 551
0 C 1020 899
2 B 809 822
3 C 110 876
0 C 1020 899
2 B 809 822
3 A 110 17
0 D 1020 899
1 B 825 568
3 C 757 17
1 B 825 806
2 B 428 435
4 B 602 569
2 D 428 435
4 B 602 581
1 B 82 77
3 A 767 226
1 B 82 77
0 C 725 616
3 A 767 760
0 D 725 236
0 D 725 682
2 C 258 784
2 B 258 784
4 C 131 951
0 A 650 282
4 D 131 252
1 C 954 453
1 C 954 965
0 A 650 282
2 B 921 902
3 C 377 262
2 B 921 902
1 C 954 965
3 D 377 262
3 D 377 262
4 D 450 824
4 D 450 824
0 A 832 346
3 D 553 982
0 A 832 839
3 A 553 982
1 B 702 461
2 C 388 113
3 A 553 982
1 D 702 673
2 B 388 507
0 A 824 119
2 A 388 507
4 D 192 315
3 A 727 720
0 A 824 831
4 B 192 319
3 C 727 720
2 A 942 150
4 A 192 319
1 A 197 549
2 B 942 937
1 A 197 194
4 A 206 52
3 C 263 376
4 D 206 201
0 B 514 720
2 A 433 205
3 C 263 376
0 C 514 541
2 D 433 438
3 C 263 376
1 B 431 876
4 A 424 628
1 C 431 432
0 B 702 94
2 A 846 571
0 B 702 673
2 B 846 841
3 D 846 44
1 C 956 915
3 B 846 689
4 C 987 351
2 B 715 724
1 C 956 963
4 A 987 932
2 A 715 724
0 C 768 1015
3 B 832 547
0 C 768 895
3 B 832 863
4 A 238 233
0 A 768 895
1 A 752 276
2 A 948 111
4 C 238 233
1 A 752 759
2 D 948 947
0 D 791 958
3 A 870 865
1 A 557 554
1 A 557 554
4 D 310 499
2 B 420 282
3 A 870 865
2 C 420 282
0 A 791 744
4 D 310 201
4 D 310 201
0 A 630 625
1 B 182 985
0 A 630 625
1 B 182 169
2 B 46 49
4 A 179 344
2 B 46 49
3 C 993 50
4 C 179 180
3 C 993 926
0 A 380 970
1 B 707 732
0 A 380 970
1 B 707 732
3 B 993 926
4 C 321 14
4 C 321 14
1 A 977 668
2 A 695 628
4 D 321 318
1 A 977 982
2 C 695 688
3 D 406 412
0 B 221 194
3 D 406 412
0 B 221 194
3 C 406 105
4 D 941 431
1 B 705 734
4 B 941 594
2 D 467 781
0 A 64 71
1 B 705 734
0 C 64 71
2 B 467 44
3 D 343 203
4 B 229 953
3 C 343 168
4 B 229 250
1 A 270 966
2 D 817 284
0 C 60 146
2 D 817 284
0 A 60 67
3 D 846 77
4 C 513 835
3 A 846 77
4 B 513 835
0 A 494 792
1 B 254 862
0 C 494 489
1 A 254 225
3 A 726 229
4 C 451 379
2 B 355 861
3 A 726 721
2 D 355 380
4 C 451 379
4 C 451 444
1 B 648 832
1 B 648 663
0 D 909 732
2 B 798 769
0 D 909 732
4 B 30 900
0 D 909 626
3 C 822 773
2 B 798 769
4 A 30 1
3 D 822 841
1 C 241 29
3 D 822 841
1 C 241 29
4 A 588 587
1 C 241 142
4 D 588 587
0 D 964 266
3 D 481 30
0 D 964 571
2 D 678 775
1 C 922 792
3 D 481 30
1 A 922 997
4 A 738 971
2 B 678 857
4 B 738 741
0 B 805 826
1 A 945 950
0 B 805 826
1 A 945 950
2 B 410 249
3 A 345 350
2 B 410 249
3 A 345 350
4 B 445 418
2 D 410 389
3 B 345 350
4 B 445 418
1 A 325 941
1 A 325 941
1 B 325 322
3 B 888 678
4 B 921 902
3 D 888 871
2 D 772 732
4 B 921 902
0 A 667 393
2 D 772 302
1 B 601 582
2 C 772 763
1 B 601 582
0 C 667 668
3 B 551 517
4 C 495 459
2 C 417 811
0 B 995 248
4 A 495 400
1 A 1 336
0 B 995 1020
2 C 603 478
3 C 793 94
3 C 793 870
4 C 957 608
1 A 191 184
3 A 793 870
2 A 120 127
4 C 957 608
0 D 822 15
2 A 120 127
4 D 957 962
0 B 822 713
3 A 35 36
0 B 312 713
3 A 35 36
2 D 387 261
2 D 387 261
4 C 94 885
2 A 387 124
0 A 556 555
1 C 104 610
4 A 94 33
0 C 556 555
1 D 104 23
3 C 635 87
1 D 104 23
3 D 635 516
2 A 986 623
2 B 986 989
4 A 450 453
0 A 2 294
4 A 450 453
0 A 2 5
2 B 472 455
1 D 583 542
3 D 164 576
1 A 583 952
2 B 472 455
3 B 164 576
1 A 583 952
4 A 276 275
3 B 164 347
4 B 276 275
0 A 194 745
2 A 68 444
3 A 956 731
4 B 8 68
1 C 572 296
0 A 194 197
2 D 68 67
1 C 572 296
4 A 8 23
3 A 956 955
1 A 572 579
0 D 502 67
4 A 328 335
3 C 274 78
1 A 387 135
2 B 21 10
4 D 328 335
1 A 387 388
0 B 99 67
3 D 274 365
2 D 21 10
0 A 27 905
4 B 777 698
0 A 27 28
2 D 434 256
3 D 877 658
4 B 777 790
2 D 434 77
1 B 509 54
3 D 877 658
1 A 509 482
2 D 434 77
3 C 877 658
0 A 808 505
0 A 808 815
4 A 235 236
1 A 797 507
2 C 445 916
4 A 235 236
1 D 797 794
2 C 445 916
3 D 2 1020
0 B 176 175
3 B 2 322
4 A 120 127
3 B 2 509
0 B 176 175
4 C 120 127
1 D 89 422
2 D 422 209
3 B 470 522
1 B 89 422
0 B 730 709
2 A 422 209
0 B 730 709
2 A 711 704
4 C 237 146
4 C 237 146
1 A 83 759
4 C 237 146
2 C 711 704
1 D 83 84
3 C 271 368
4 D 237 146
3 C 271 368
3 B 271 368
0 D 94 764
2 C 487 408
0 A 94 417
2 C 487 408
1 C 692 750
4 C 92 482
1 C 692 715
3 A 745 59
3 A 745 750
1 B 692 715
4 D 905 35
0 A 254 249
2 A 440 498
0 B 254 249
2 A 440 447
1 A 301 140
1 C 301 298
3 C 289 155
0 A 604 23
3 C 289 155
4 D 569 41
0 A 604 603
4 C 569 41
2 C 521 64
2 A 521 630
1 C 651 715
2 A 521 630
1 A 651 756
3 C 642 765
4 D 572 302
0 D 830 947
3 A 642 765
4 B 572 963
0 D 830 705
2 A 551 544
1 A 416 578
2 D 551 544
1 A 416 423
4 B 402 444
3 C 595 473
4 C 402 397
3 C 595 473
0 C 239 74
3 C 595 556
1 A 658 661
2 D 809 726
0 C 239 74
2 A 809 726
0 C 239 144
1 A 658 661
2 C 690 726
4 D 208 769
4 D 208 769
3 C 176 207
0 C 41 74
2 D 5 940
1 A 273 384
3 C 176 207
0 D 41 86
2 B 5 506
1 B 273 278
4 D 580 955
3 B 728 654
4 B 762 955
2 B 810 540
3 B 728 711
1 B 868 223
2 B 810 821
0 C 0 829
1 A 868 891
0 A 0 829
0 A 0 127
4 D 744 722
1 B 875 423
0 B 368 440
4 D 744 791
4 D 744 791
3 C 434 857
1 B 875 884
2 B 320 144
0 D 368 367
2 B 320 351
3 D 434 461
3 D 434 461
1 B 562 557
4 D 941 716
0 C 731 429
3 D 256 550
4 A 941 716
0 D 731 429
3 D 256 255
4 A 656 594
0 C 731 676
3 A 256 255
4 A 656 663
1 A 618 621
2 D 892 191
2 D 892 643
1 A 618 621
4 A 768 775
0 C 409 298
2 C 892 643
3 C 193 439
4 C 768 775
0 A 409 486
3 C 193 190
0 D 409 486
3 C 193 190
2 C 96 31
1 D 83 506
2 C 96 31
4 D 733 205
0 D 953 813
1 A 83 428
2 B 96 31
4 C 733 802
0 D 953 582
3 A 140 139
3 A 140 139
2 B 388 684
1 D 94 858
0 A 287 169
2 B 388 411
4 C 681 612
1 D 94 417
0 A 287 280
4 A 681 726
4 A 681 726
3 D 600 995
3 D 600 995
3 C 600 935
2 B 931 174
0 D 42 657
4 A 289 251
1 D 938 597
2 B 931 956
0 D 42 657
4 C 289 294
1 A 938 597
3 A 867 150
0 A 815 790
1 A 632 220
3 B 867 868
0 C 815 808
1 D 632 639
2 B 431 432
2 C 431 432
4 D 666 435
4 B 666 611
4 B 666 869
3 B 283 260
0 C 508 99
3 A 283 260
1 C 712 749
2 C 677 730
1 C 712 749
0 B 508 387
4 A 110 782
2 C 677 730
4 A 110 105
3 A 397 394
0 B 248 231
3 A 397 394
1 B 876 883
0 D 248 231
2 D 94 587
4 D 183 25
3 A 442 445
2 C 94 101
4 B 183 25
3 D 442 445
0 D 52 459
1 C 358 675
1 C 358 281
0 A 52 459
4 B 206 209
2 C 756 500
4 C 206 209
2 D 756 651
3 C 605 532
0 B 987 426
3 C 605 532
0 B 987 964
3 B 605 546
1 C 721 839
4 D 293 461
1 C 721 686
2 D 866 384
4 C 293 461
2 D 866 669
3 D 969 582
0 D 256 649
3 B 969 566
0 A 256 255
1 C 675 732
4 C 733 89
1 C 675 732
2 D 797 738
1 C 675 732
4 C 733 674
3 B 533 8
2 D 797 738
3 B 533 522
3 B 533 522
0 A 8 15
0 A 8 15
2 D 797 738
0 A 8 15
1 C 361 278
4 B 303 304
1 A 361 278
1 A 361 278
2 D 851 681
4 B 303 304
3 D 810 478
2 A 851 684
3 D 810 725
3 C 810 725
0 A 935 928
1 C 382 458
1 A 382 458
2 D 469 822
4 D 644 355
0 A 571 572
2 D 469 42
3 D 290 784
4 D 644 891
total time of producer and consumer measured by clock(2):
producer takes 1942345408 clicks 10532.280273 seconds.
consumer takes 280000 clicks 0.280000 seconds.
total time of producer and consumer measured by time(2):
producer takes 1279.000000 seconds.
consumer takes 0.000000 seconds.

real	5m49.323s
user	46m31.705s
sys	0m0.352s
